 4398 0.09362946 0.034092568
 3664 1.0176818 0.8315254
 888 -0.39744717 -0.76612765
 1252 1.3076222 1.3142292
 40 -0.54859716 -0.6528492
 3055 -0.8108682 0.077765785
 938 -0.06645802 -0.5242227
 848 -1.8157535 -0.8255952
 1631 0.38327673 -0.041867428
 1775 -0.6590493 -0.5063434
 1184 0.38216975 0.5899007
 3102 0.3761761 0.5311867
 4044 -0.33876407 -0.14466998
 4599 1.350257 1.5996913
 3162 -0.096972995 -0.5581093
 964 -0.98814255 -0.75908625
 4670 -0.41687894 -0.28155205
 3950 -1.4357083 -1.1707294
 3684 -0.6242305 -0.6047179
 2365 -0.6551489 -0.7246119
 1641 -0.4562369 -0.40893015
 1500 0.25847483 0.09730495
 1243 -0.893046 -1.1984863
 2037 0.6259339 0.50363576
 2462 1.9872345 1.651026
 1528 -0.35355 0.2627259
 3079 -1.8369131 -1.8989981
 3259 -0.73072314 -0.5849379
 4692 0.0057663117 0.17467456
 4762 -0.44942102 -0.24641062
 2920 -0.77064204 -0.5507037
 3441 0.6793699 0.782296
 1615 -0.121058375 -0.066023946
 3434 -0.73506737 -0.83533233
 396 -1.2206236 -0.546625
 3352 -0.8860404 -0.8618204
 51 0.18926321 -0.014545873
 3262 -1.1339875 -0.94718313
 1823 1.190979 0.80058324
 2293 0.017259525 -0.4073184
 3173 1.7148608 1.7823132
 3642 -0.8666005 -0.64669544
 694 0.79367447 0.8137498
 2575 -0.34433585 -0.82466006
 1560 -0.9158067 -0.6976777
 4347 -0.7703014 -0.09089553
 3776 -1.5874175 -1.3794351
 201 0.40753436 -0.024585485
 3786 0.37863016 0.44169745
 4533 3.5923896 3.5318186
 4556 0.6617583 0.45662794
 2320 -1.1865133 -0.34229434
 4002 -1.389998 -1.3733952
 1876 0.59356827 0.148475
 1839 -0.1363387 -0.062876984
 1958 -1.6073194 -1.449256
 3432 0.9221487 0.67292994
 2021 -1.0985347 -0.34443063
 3088 -0.97376806 -1.3140235
 4379 1.8989431 2.0603564
 2299 -0.9113556 0.14636299
 1718 0.5765369 0.549363
 2674 0.4458776 0.32280046
 4226 1.1330982 1.5369271
 669 -0.9506094 -0.92225623
 456 -1.0967294 -1.0708698
 1550 -0.22924763 -0.72246486
 4694 -0.20930082 -0.38435763
 3623 -1.8252685 -1.6476854
 1976 -0.92478216 -0.8052969
 102 -0.7256971 -0.470257
 1911 -0.7140579 -0.5437634
 160 -0.86022174 -0.7549969
 3985 -0.30567017 -0.16643614
 404 0.54876363 1.0631232
 3361 -0.40915057 -0.48149765
 4722 0.89598125 0.9082881
 2092 -0.5471712 -0.49983138
 2278 1.5309675 1.4087887
 2260 -1.175343 -1.1808699
 2165 -0.22446372 -0.53597134
 3970 0.890462 1.1716264
 128 -1.3694453 -0.7676042
 2503 -0.97171426 -0.80904573
 2844 -0.50545377 -0.41616434
 3271 -0.9520189 -1.13915
 3782 0.371111 0.419326
 2449 1.7766682 0.7322331
 398 0.2985566 0.2513457
 2342 0.07611725 0.5065573
 1983 -1.066837 -0.62089497
 2387 -1.1454828 -0.8285313
 3315 -0.98695356 -0.8200024
 3359 -0.36467037 -0.4003341
 2932 -1.3692275 -1.3072704
 4086 -0.78017473 -0.7992851
 3929 -1.0897119 -1.1601074
 2707 0.093723886 0.015860455
 4249 -0.76894474 -0.65992904
 2347 2.5825307 2.5005412
 1320 -0.19211647 -0.4660641
 2361 -1.4685236 -1.0598043
 783 -0.5931303 -0.28332308
 4284 0.8335913 0.79407597
 939 0.26356483 -0.0907639
 1826 2.907963 3.023637
 4715 -0.8545384 -1.0222983
 2385 -0.72207516 -0.4488781
 1921 -0.3976681 -0.5664743
 3784 0.22808896 0.6035477
 2618 -0.11199166 0.06702807
 2860 -0.19507794 -0.26201418
 4770 -0.14394619 -0.44213855
 4482 -0.5128043 -0.741336
 4120 1.5791152 1.7338789
 2545 1.011201 0.1568907
 3634 -1.2427002 -0.76891655
 300 0.8252252 0.46577096
 4686 1.0186527 1.3243331
 2065 0.07725855 -0.51889807
 4188 0.9338276 0.67455727
 4009 -0.4545319 -0.43858254
 484 -1.0353035 -1.0991882
 943 -0.39043382 -0.37293944
 2421 -0.42201573 -0.31386918
 3371 1.6104764 1.3901528
 4461 0.7503423 0.59602207
 3483 0.09259331 0.16548193
 467 -1.6441972 -1.0200367
 959 -1.4054968 -0.9305169
 4537 -0.08025762 -0.14370278
 1787 -0.4939226 -0.5900863
 2527 0.86912394 0.8225549
 510 0.39911866 0.27436492
 2224 0.2720569 0.029010117
 3180 0.53429353 0.5563085
 516 -0.6656084 -0.6122207
 213 -0.6200842 -0.40544313
 1640 -0.90320283 -1.318789
 3611 1.0099056 0.9752505
 2542 0.6198866 0.053264085
 1682 -0.6689351 -0.42854375
 4505 0.37412077 0.45213807
 195 -0.5440765 -0.46544322
 1506 0.80695903 0.73189896
 3363 0.5555598 0.13338397
 3640 1.5584182 1.440739
 3868 0.16026454 0.07320838
 3728 0.2805074 0.43673515
 1517 0.26491717 0.008898217
 4244 0.678038 0.54779375
 2410 0.007967611 -0.3648128
 4723 -1.1221014 -0.802357
 2466 -1.3721632 -1.554526
 3339 0.23501533 0.726269
 109 -0.2068382 -0.2716235
 2447 0.04527519 -0.036435187
 4697 0.852641 0.73344445
 1951 -0.46682245 -0.7991921
 825 0.5711696 -0.043826655
 3946 -0.4288797 -0.4768904
 3976 -1.3980371 -1.0329683
 2128 1.3020775 1.6609405
 699 1.2038634 0.934962
 9 -0.505747 -0.6602116
 3800 0.86195093 0.7353756
 4137 -0.6105287 -0.44177377
 4301 -0.3129356 -0.4214286
 1950 -0.8633927 -0.42580152
 659 0.4598916 0.18772534
 4276 -0.21442702 -0.18619004
 1601 0.31835684 0.107361294
 1214 -0.11982423 -0.12370316
 3444 0.5449917 0.7841381
 1862 -0.89691913 -0.22797778
 1267 -0.52197814 -0.42720687
 3999 -1.5368648 -1.463207
 534 -0.47684973 -0.4530718
 3591 -0.5874452 -0.68805784
 3938 0.25155637 0.7116756
 3184 -0.9326884 -1.0455248
 3977 -1.0173699 -0.965202
 1225 -0.58239573 -0.2123953
 1444 -0.12873802 -0.16573942
 2691 -0.11044882 -0.24396436
 4691 1.2898959 1.0744561
 1149 -0.65533155 -0.7769173
 2212 -0.8063481 -0.6217324
 4528 -0.23582081 -0.4997471
 2558 1.9022002 2.1412904
 507 0.46539557 0.26366258
 2924 -0.57924503 -0.71041095
 754 -0.033297475 0.063149855
 2791 -1.096049 -0.76122636
 932 -0.7332047 -0.36251253
 3819 -0.8251121 -0.5121813
 3526 -0.31762105 -0.5492507
 4713 0.16729322 0.037876442
 3592 -0.29945084 -0.53242
 4165 1.5258752 0.88101155
 4152 1.7410837 1.6725376
 1928 -1.0648172 -1.146657
 1359 0.098085776 0.27454585
 3109 1.0763487 0.93446106
 636 -1.0506907 -1.3452072
 592 0.43630168 0.21577835
 1562 -0.06448002 -0.37262654
 4676 1.5632663 0.93890506
 92 -1.3205794 -1.2310348
 688 -1.4387244 -1.4680281
 2841 -0.1948346 -0.09069223
 2484 -0.3069647 -0.2937979
 1946 -0.8774905 -0.7125012
 1910 -0.28813022 -0.44847268
 1947 -0.6378794 -0.8243628
 3600 0.4740684 -0.18361737
 1368 -1.1705989 -1.0953727
 90 -1.0834825 -0.62122256
 900 0.08340505 -0.032871276
 1502 0.5140902 0.71624136
 1350 -0.15417695 -0.14526394
 2110 -0.0143860495 -0.2881624
 1081 -0.22171073 -0.5204275
 1576 0.8027545 0.9417828
 751 -0.8506057 -1.232883
 3364 -0.8698842 -0.6254219
 1803 -0.1375 -0.1121692
 3701 1.7764992 1.7431532
 3814 -1.1842233 -0.4375916
 99 -0.2960016 -0.29637188
 3534 1.7593566 1.64154
 2435 -0.1882854 -0.16479413
 425 -0.62610126 -0.27145776
 3093 1.0502257 0.9122321
 4407 -0.21009503 -0.51864666
 442 1.5582379 1.4512318
 1666 -0.5205476 -0.41059256
 1919 -0.6333531 -0.5849767
 2670 -0.296764 -0.0938786
 3136 -0.43729126 -0.37601957
 4266 -0.83046985 -0.4989834
 705 -0.0879818 -0.05627784
 1307 -0.66880095 -0.6496944
 2615 -1.0938241 -0.799884
 1232 -1.2398386 -0.93724334
 930 -0.5967618 -0.22689301
 877 0.38710827 0.56373507
 3186 1.1240174 0.5868766
 2170 -0.34159318 -0.45848575
 144 0.19557069 -0.09237795
 2968 -0.73022115 -0.6660698
 4075 -1.1330986 -1.1513141
 333 -0.18108527 -0.48444247
 4339 -0.4849355 -0.19973394
 2100 -0.08974203 -0.1108501
 4706 1.8687025 2.265625
 1175 -0.20944239 0.2834289
 4280 1.0277913 1.4396502
 41 -1.145473 -1.2183523
 812 -0.37327063 -0.20385888
 4213 0.30408913 0.17704509
 1575 2.0571892 1.3394942
 2262 -0.37737903 -0.25448406
 2745 1.6117625 1.3147237
 4094 0.8276132 0.72602916
 1339 -1.276984 -1.1406459
 2821 -1.596201 -1.1464014
 4618 0.10751237 -0.43905222
 4586 1.2453871 1.1554589
 4466 -0.29178682 0.06585321
 3942 -0.03906484 -0.33580336
 2729 1.2047127 1.6315581
 1585 0.50710684 0.75899523
 3614 -1.298414 -0.89456785
 1124 0.09906932 0.08632345
 786 -1.2438877 -1.310595
 3291 0.8806639 0.8056672
 2267 -1.0167037 -0.37005648
 4644 0.6140746 1.0741227
 1960 -0.48372865 -0.25359058
 829 -0.16441447 0.54212826
 4708 0.006570969 -0.44173068
 4304 0.06017464 0.286322
 619 0.1524138 -0.05776982
 4327 -0.20852356 -0.1124481
 1899 -0.79809177 -0.7985316
 1885 2.3458521 2.1846316
 377 -1.2121347 -1.2602823
 291 -0.9711311 -1.7771379
 2222 0.6039852 0.35499305
 2608 0.02523401 -0.225933
 570 -0.15697813 -0.1758588
 810 -0.119519 0.0588649
 3277 -0.0005931982 0.33342025
 2393 1.9047953 1.6860132
 2836 0.6983954 0.57774097
 1782 -0.28987858 -0.067720585
 3491 -0.9680592 -0.40827444
 1763 0.15827844 0.09224773
 3686 2.386988 2.3297498
 4671 -0.56181777 -0.1464664
 2052 0.2914034 0.37224424
 3035 -0.12709384 -0.14622565
 23 -0.7303518 -0.7513251
 4674 0.88763654 0.85590917
 3924 -0.1519312 -0.09956938
 2784 -0.25493112 -0.3451247
 3027 -0.4218384 -0.38086483
 2994 -0.40551594 -0.06621431
 1297 -0.25239402 -0.14674212
 480 -1.5706031 -0.7110049
 3823 -0.67619854 -0.87003666
 2887 -0.008652637 -0.10984687
 27 -0.2871617 -0.4147936
 1348 -0.16929631 -0.12269299
 1357 0.65201175 0.43009216
 3897 -0.0703572 -0.07236173
 1311 -0.5809128 -0.61280525
 2223 0.59372145 0.05031745
 567 -0.35640624 -0.37648556
 3437 -0.54096335 -0.6362329
 2588 0.69512784 0.7747195
 1190 0.1887538 0.12926714
 3440 -0.036636416 0.22729577
 1487 0.68711144 0.993593
 3303 -0.55867034 -0.22547327
 4350 1.0405681 1.1185262
 1716 -1.1837952 -1.0853662
 1141 -0.93442744 -0.9849743
 1197 -0.83821607 -0.7345555
 2171 -0.6750942 -1.0544673
 4183 1.1346874 1.2569971
 3841 -0.9239846 -0.8819828
 3871 1.2813611 1.1903342
 4604 -0.08819919 -0.4711684
 4106 0.05898136 -0.09820059
 2777 -1.3744946 -1.0028775
 1419 0.14957613 0.4895865
 1904 -1.4535471 -1.4392307
 782 0.69642663 0.9432704
 3767 -1.0095041 -0.73155665
 4468 -0.73374605 -0.9548132
 1977 -0.5463719 -0.59128493
 2239 1.4942098 1.2674017
 1687 -0.212098 -0.096564844
 1679 -2.0256903 -1.3942308
 3840 -1.0474893 -0.89016724
 2643 0.31025127 0.035124972
 1393 -1.3992425 -1.4764931
 3218 1.0789622 0.92251235
 2489 0.16937792 0.5867085
 2192 1.309745 1.5322963
 1614 -0.3564944 -0.86871964
 760 -0.058314852 -0.0273946
 1056 -0.57726216 -0.573115
 1944 0.94712013 0.7056561
 3267 0.61865056 0.4958655
 4017 0.5488036 0.49252334
 490 0.116825216 0.56722647
 3781 -0.3809104 -0.3153114
 1470 0.09737209 -0.21755265
 2379 -0.40964577 -0.014221905
 3717 0.5586504 0.62943304
 2408 0.03733959 0.24134172
 4593 1.7082522 1.3838694
 3349 -0.019844104 -0.23971735
 272 -0.653223 -1.1647074
 2130 1.223057 1.542198
 2372 -0.021326143 0.08112149
 1163 -0.11481373 -0.34602922
 1858 -0.743589 -0.65751165
 1705 0.79375297 0.5389448
 4498 -1.5407152 -1.4990624
 4632 1.3901539 1.2632879
 4065 0.47583628 0.5589933
 2584 2.5714724 1.9985349
 1735 -1.1310629 -0.96359694
 461 -0.48272935 -0.2369013
 2122 0.8866004 0.925054
 2452 -0.51346034 -1.0235971
 4523 0.49410212 0.1308501
 492 -0.45216137 -0.4651847
 1192 0.4341926 -0.10605253
 4387 0.030235924 -0.24968706
 1431 0.6034001 0.53985476
 739 0.058475193 -0.15150896
 70 -1.2705426 -1.3905846
 3835 -1.4112475 -1.358169
 1816 0.14617512 0.31550658
 2275 -1.0440913 -0.8789298
 4559 0.35953796 0.5562763
 2074 -0.32280746 0.027651036
 3 0.32446644 0.0033831894
 4652 1.3820155 1.2530428
 3451 -1.6351335 -1.8040246
 3469 0.8302414 0.50424165
 71 -1.2085956 -0.6848289
 2623 0.6213126 1.0004382
 4238 -0.25087208 0.19533172
 4222 1.209258 1.371068
 505 0.7759924 0.8247304
 3565 -1.7227843 -1.1080484
 3119 1.1275432 1.1136931
 22 -1.7027875 -1.2001013
 4531 -0.832594 -0.79462045
 3425 0.48281226 0.09992987
 4113 -1.156722 -0.61760783
 1835 1.0635222 1.0556718
 2329 2.4010236 1.2475482
 1948 3.3471024 3.2538
 2402 0.44560897 -0.2151089
 625 -1.008352 -0.98562366
 3926 -1.4931986 -1.3081355
 1776 -0.9655757 -0.84344125
 4680 0.9622113 1.0187898
 894 1.3532046 0.978031
 4072 -0.20721139 -0.32090184
 363 -1.1280615 -1.0252078
 1935 -0.25289416 0.39185083
 4450 1.8891332 2.0076146
 199 0.86346763 0.6773429
 4264 -0.7359831 -0.9323582
 864 0.7561853 1.0720124
 3309 -0.31915215 -0.31289622
 3058 -0.09021739 0.23860441
 4765 0.85278183 1.3053197
 3166 0.3962826 -0.028443478
 3135 -0.6674659 -0.5940993
 1539 -1.4989439 -1.101716
 430 -0.6743659 -0.44846436
 3693 0.37303683 0.13951068
 3017 0.8666601 0.87209594
 496 0.1950272 -0.036358878
 2268 -0.3152968 0.01819013
 2757 0.13785867 0.14691599
 869 -1.129142 -1.0820736
 1978 -0.6923773 -0.7264686
 873 0.5652596 0.4489967
 690 -0.6920482 -0.84537417
 3707 0.7358278 0.8145013
 4602 -0.42309052 -0.35204056
 1686 0.3579963 -0.16427298
 1836 -0.43217868 -0.059698522
 2866 -0.9120585 -1.0073586
 3750 -0.22437423 -0.11644047
 3313 1.4305775 1.2394339
 232 -0.3282443 -0.38968435
 4368 -0.8182162 -0.52976966
 341 -0.70360947 -0.6753134
 908 -0.6146512 -0.9293795
 3204 1.0190856 1.3543298
 4039 0.020794915 -0.25992894
 3545 -0.9602507 -1.0108993
 1367 -0.9393224 -0.8815393
 2302 0.49259254 -0.11614014
 1966 -1.8389633 -1.5806693
 3355 0.038391557 -0.038778603
 4464 -1.3749305 -1.2849236
 82 0.35204047 0.32567048
 677 -0.48392284 -0.6005169
 2027 0.3908808 0.46090257
 1861 0.8216978 -0.021585917
 2513 2.5817802 3.0378041
 1992 1.3423371 1.1507868
 4519 0.045615878 -0.16868538
 2712 0.80558646 1.9371463
 622 -0.29789487 -0.40597242
 2793 -0.995352 -1.0904982
 2169 -0.2675669 -0.5229049
 1494 -0.7955656 -0.80148023
 703 -0.4376509 -0.10914419
 862 0.5345576 0.94847465
 3899 -0.108162954 0.009123893
 2741 0.52567124 0.07133993
 3624 -1.637284 -1.4129697
 3427 0.4001123 0.83991504
 2969 -0.47943506 -0.43449116
