 7122 -0.28361177 -0.29945505
 11849 -0.6464991 -0.861256
 4733 1.6821988 0.11415246
 5947 0.7015319 0.18407354
 8374 0.5726588 0.7542769
 11535 -2.667199 -1.9422766
 4634 1.4146767 0.2942569
 10441 -0.36834663 -0.31555048
 7933 1.730249 1.3178592
 2284 -0.8720196 -0.8119172
 4448 0.34750134 0.20859587
 6167 0.41836172 0.7205359
 1898 0.24196094 0.32228807
 4244 -0.01527782 -0.029014032
 9402 -1.638808 -1.509345
 10498 0.7357168 1.1331431
 8611 1.3823303 1.4202087
 2550 -1.2480521 -0.8141222
 2036 -0.19653262 -0.21998903
 8639 1.3259073 1.0075718
 6756 -0.78111964 -0.8245456
 11225 1.0674974 0.89777285
 8044 -1.0869061 -1.3822045
 8444 -0.1889534 -0.1594728
 10232 -0.6310564 -0.6442326
 3112 0.11109608 0.25201333
 7771 -0.70936817 -0.6816025
 1444 -0.96367496 -0.88862425
 6525 0.52399015 0.50561947
 1195 -0.14750277 -0.11110824
 4558 0.7629446 0.7654302
 975 -0.5175192 -0.7175816
 1095 -0.62694454 -0.6553006
 11794 -0.73834795 -0.8194697
 11577 0.46731046 0.8726649
 8445 0.19951925 0.31022763
 5699 -0.3323299 -0.34316045
 1483 -0.52090544 0.2379717
 4967 -0.87208194 -1.1568577
 2641 0.30401266 -0.14900263
 10973 0.21752165 0.3079694
 10263 0.1973918 0.23113003
 4226 -0.8753834 -0.79090154
 7454 -0.431262 -0.4046589
 10372 -1.652649 -1.6002569
 7807 -1.6273745 -2.0851772
 6489 -1.713436 -0.94824857
 3489 -0.7250327 -0.7209028
 3643 -0.05063077 -0.42673367
 9576 -0.53045255 -0.6314028
 3982 1.5175271 1.6227478
 530 1.5449108 1.2883859
 1657 -0.9900272 -1.0240009
 9518 -0.5419209 -0.75376356
 7511 0.35768887 -0.29118392
 7836 0.9218266 0.7607064
 7167 -1.3027134 -1.2065847
 5701 0.87670875 0.9146148
 5967 -1.0460954 -0.62579393
 5825 0.5375474 0.6310718
 7381 0.13588697 0.552704
 2433 -0.7312913 -0.6574883
 11512 1.299094 1.2915556
 8501 0.3575518 0.2123434
 3770 -2.1505136 -1.8502996
 9 1.396396 1.5686803
 2875 0.3843849 0.44426215
 298 1.3660814 1.2928331
 801 -1.2708741 -1.0991441
 5304 -1.2529309 -1.2706199
 6929 0.49185243 0.22756106
 11245 -0.4857734 -0.45235974
 4721 0.05540012 0.011417415
 1761 0.10703875 0.04178168
 1222 -0.5531073 -0.56161654
 8517 0.45681578 0.6242621
 8117 -0.84539145 -0.91416365
 9255 -0.946527 -0.94192445
 2740 -0.54273087 -0.67597896
 6670 -0.894193 -0.89555144
 7214 -0.53938043 -0.43539497
 7218 1.0261403 0.5228297
 8722 -0.8219047 -0.79562575
 8927 1.0480483 0.5493707
 11300 -0.02671039 -0.018661845
 1550 -0.19876643 -0.17550865
 8489 -1.3334031 -1.1606965
 6133 1.1587205 1.0742829
 5524 -0.53551793 0.18834478
 6397 0.22444858 0.2651487
 10190 0.5397092 0.48475137
 11226 -0.23089406 -0.25391155
 269 -1.2340337 -1.1910446
 2392 -0.3233278 -0.65155286
 11436 -0.3184114 1.4661245
 7699 1.2741033 0.73407507
 674 0.23058109 0.26871717
 4107 -0.04209485 -0.39416954
 8177 -1.3146402 -0.2211532
 456 -0.06578282 0.008294638
 5093 -0.0965467 -0.31660098
 756 -0.3436048 -0.22524562
 10181 2.024876 -0.06457357
 7011 0.26909563 0.29833674
 2420 -0.014207907 -0.050317194
 4155 0.39940998 0.5380146
 437 -0.29697558 0.08470236
 1603 -0.11776847 -0.20764673
 669 -0.52234113 -0.5197188
 3160 2.5216928 1.5687464
 3352 -0.5646861 -0.63646626
 10451 0.00863706 0.0048925765
 8109 -1.2952392 -1.1889383
 8559 0.5087794 0.7661932
 6501 0.42605463 0.2709569
 969 0.0038096195 -0.038840193
 2291 -1.4281279 -1.373037
 2215 1.5259503 1.3776789
 148 -0.9631955 -0.081144586
 7860 2.1575797 1.8230128
 2861 -0.777645 -0.36740932
 8805 1.0069414 1.0473379
 9716 -0.55973303 -0.3163287
 4239 0.047877267 0.44875625
 641 -0.3321424 -0.65921795
 6480 -0.8835168 -0.7842636
 2141 0.42679313 0.39113563
 9207 0.34965858 0.60059226
 6192 2.167279 2.03952
 10121 -0.6216028 -0.7667897
 5131 -1.6589837 -1.742082
 4812 0.22360282 0.23209539
 3321 -2.421372 -2.231499
 2832 -0.74403256 -0.7392775
 5010 0.10748294 0.6827146
 2076 -0.8931391 -0.89541876
 11826 -0.07747072 -0.44616526
 794 0.8325182 -0.07309045
 8553 0.3575312 1.3521495
 9346 -0.29383278 -0.24042833
 7138 0.7763616 0.5052652
 9322 -0.084887676 -0.088847905
 4731 -1.4630468 -0.5670909
 10787 -1.5747893 -0.9139867
 7458 0.63886774 0.21990721
 9890 0.12415781 -0.40283868
 6897 0.677931 -0.21573183
 4603 0.9475338 0.9098825
 5474 0.41197434 0.3986468
 5584 1.9510434 1.8729806
 251 0.016233714 0.18552756
 7828 -0.9943408 -1.0203645
 72 0.16489929 0.085013255
 4161 -0.8070025 -0.8175533
 9532 -0.49152225 -0.17541702
 492 -0.98959213 -1.0013621
 8599 0.9128451 0.97354305
 8768 -1.5741866 -1.8568628
 2953 1.6676463 1.3857082
 4952 -0.3801244 -0.45566636
 7054 0.35015962 0.388845
 9379 -0.5702121 -0.42958564
 7969 -0.7952256 -0.76035154
 10180 0.44523513 0.83823156
 10853 0.0454569 -0.19158985
 11250 -0.20266056 -0.44972202
 3137 0.45321777 0.40945086
 10697 -0.537903 -0.35339147
 2344 -0.21805649 -0.33234155
 1702 -0.48965883 -0.39929515
 6263 0.20146334 -0.025638621
 3276 -0.34105423 -0.28397724
 10575 0.7351901 0.8851865
 1617 0.7511755 1.0528756
 10851 1.6247718 0.9309266
 184 -1.5009998 -1.2801689
 4021 0.01872605 0.048334673
 9350 0.056012087 -0.19029343
 9808 -0.9633032 -0.8211711
 6273 0.06838346 0.025045281
 2658 -1.2613884 -1.080632
 11196 0.6967466 0.59036684
 7601 -1.1144345 -1.0985726
 5809 -0.71971065 -0.837885
 4948 1.3702533 1.4703356
 8056 1.942948 1.7420841
 164 -1.0744151 -1.0683839
 7251 0.8592092 0.13185053
 1985 0.78609395 1.022962
 8452 0.660205 0.42947453
 11628 -0.47564682 -0.61877155
 5608 0.50979704 0.47513568
 3323 -1.1319569 -1.1970097
 4301 -1.0961291 -1.1825905
 11388 -0.628472 -0.92036366
 3485 -0.1854379 -0.53873634
 2404 -1.5381794 -1.0464604
 1940 0.78656334 0.94008416
 6481 -1.061258 -1.0444875
 1114 0.344987 0.08862862
 11067 0.7099702 1.0018075
 1738 0.22970784 0.414176
 11507 0.80969846 0.82848024
 7559 -0.1566855 -0.27082574
 3812 -0.561762 -0.5570841
 2238 -1.1914613 -1.2328486
 314 -0.008043305 0.4687283
 8789 -1.4617132 -1.5288706
 8355 1.2322043 1.3062756
 8515 -0.9441974 -0.93994105
 250 -1.9366888 -1.7433528
 7613 -0.96168274 -0.5460673
 6570 0.59867316 0.56179166
 7803 -0.36018384 -0.27064025
 8243 -0.11986749 -0.06763454
 11703 1.3746008 0.6657275
 11122 -0.9784525 -0.8553809
 4698 0.6207457 0.85267943
 7589 -1.2323716 -1.3099573
 8521 0.9932861 0.7423613
 5467 -0.057871245 -0.25950468
 10150 -1.1043285 -1.1328799
 7872 -0.15179984 -0.2563647
 6616 -0.91812897 -0.7943928
 5962 -0.45239204 -0.42931032
 2940 -0.3053075 -0.34043166
 4147 0.44980678 0.4278664
 6728 0.90832525 0.059088305
 9297 -0.47217718 -0.0431843
 9072 -1.4010032 -0.93160707
 1670 -1.5120183 -1.1130245
 409 -0.28587216 -0.34046468
 8645 0.6079512 0.825037
 865 0.34166312 0.3510239
 4429 0.048535533 -0.11034526
 6949 1.596371 1.1776195
 3915 0.05638981 0.09775938
 10413 1.0571802 0.5392732
 8138 -1.5890131 -1.4156461
 7615 2.5122771 1.6305387
 3709 -1.0047832 -0.7303506
 1665 0.16265953 -0.14445151
 3407 -0.15034486 -0.26976106
 6701 0.040943008 0.05675266
 7382 0.20088024 0.67196226
 9139 0.755573 0.65091634
 3678 -1.0716206 -1.3518183
 9203 -0.12081914 -0.023365635
 5332 -0.101333804 -0.25268942
 1897 0.6069432 0.5947952
 1881 0.8110466 0.6292586
 8196 -0.14714475 0.07240562
 8413 0.095014386 0.41545546
 832 -1.3269428 -1.385437
 6837 -0.6593839 -0.71123147
 9841 0.35887477 -0.3554923
 10879 -0.68614453 -0.5723504
 6494 0.22703809 0.63242054
 11108 0.25586018 0.39290303
 4793 0.9163913 0.6056975
 10290 0.68734616 1.1979004
 482 0.357952 0.4443277
 7472 0.09549341 0.2887676
 9805 -0.5489597 -0.51906925
 10930 1.1031951 0.90039116
 5578 -0.55934525 -0.57276857
 484 0.8857388 0.59145635
 7015 -1.1346968 -0.911821
 6521 -0.63912386 -0.7425498
 9863 -0.28045613 -0.72857267
 9894 0.5450615 0.50283414
 36 1.0172088 0.84890753
 6631 -0.5596753 -0.5662381
 11272 1.0156658 0.82363105
 11508 -0.022496749 -0.06863546
 416 0.5220488 0.5447567
 11506 0.63798577 0.70846725
 1049 0.020186523 -0.15369427
 6660 0.31716424 -0.2612173
 3793 -0.50944215 -0.50183797
 5794 -0.052517097 -0.1562002
 769 0.34875324 0.23598109
 11211 0.12282111 0.1676456
 244 1.3740749 1.2695773
 5184 0.0048075626 -0.11332968
 1527 0.38443485 0.5564496
 10780 -2.1161466 -1.954201
 950 2.7596116 2.396353
 5547 1.8010439 1.8335944
 10861 -0.46241045 -0.65732837
 1432 0.38014284 0.85429406
 3961 0.12349908 0.19673778
 7948 0.102911286 0.0029684156
 3345 -0.21646124 -0.14400715
 2935 0.02653311 0.4612069
 5325 -1.9685533 -1.5139096
 1999 -1.0656784 -1.156327
 2040 -0.8258923 -0.72964144
 981 -0.5541066 -0.5296721
 1767 1.1643708 1.1218022
 7854 -0.48112613 -0.4658969
 5018 -0.3571735 -0.46565837
 8917 1.275163 1.4608674
 4652 1.7064332 1.5108976
 4732 -1.0168841 -0.9965961
 10257 0.95404357 1.425303
 451 -1.1823708 -1.0505856
 6545 -0.85207355 -0.48640692
 985 -1.0537205 -0.9143291
 3294 1.7339451 1.6464262
 6513 -0.63794667 -0.46603036
 11880 -0.33227214 -0.22618464
 8994 0.5410317 0.6747792
 3148 -1.4129208 -1.3298866
 8619 1.1529093 0.88612986
 8605 0.06448016 0.0005980097
 10390 -1.1716061 -1.2743771
 5094 1.2091187 0.14233737
 5462 -0.34473062 -0.25308162
 7774 1.8020028 0.7571428
 2268 0.014784244 -0.0001684986
 9006 -1.5309271 -1.4350716
 5316 -1.0202085 -1.0356148
 5023 -0.14179291 -0.13283762
 6193 -0.53682756 -0.23146364
 4606 -0.8279726 -0.76460695
 6248 -0.63716006 -0.29604223
 3104 0.30062094 0.30843425
 1198 -0.2877406 -0.19161904
 4193 -0.59415865 -0.5705087
 2173 -0.3668958 -0.1805796
 5682 -0.5766605 -0.47567666
 4421 -1.0258839 -1.0577853
 3945 -0.6300988 -0.6007761
 6015 -0.07636139 0.023276147
 1853 0.46555156 0.4051575
 5087 -0.00363026 -0.16012213
 6913 0.9142395 0.96759075
 1011 -0.6941973 -0.6097368
 3839 -0.25395906 -0.01356113
 2967 1.3654273 1.1232
 4294 -0.49259308 -0.57560074
 11708 0.063632116 0.02404211
 10174 0.19666432 1.3096623
 675 0.22429363 0.25885344
 11153 1.1619041 0.60308903
 8739 0.20043972 0.0069390573
 7585 -1.219219 -1.3041128
 7976 0.045200653 0.24771817
 4331 0.2768303 0.19259247
 10006 1.3068281 1.3247516
 2086 0.6578429 0.7481759
 284 0.37458745 0.32797915
 2781 -0.18946221 -0.13729039
 9731 -0.61544186 0.47679207
 9670 -1.4225372 -1.2163185
 5064 0.52493304 0.40886778
 9523 0.021495262 0.06161515
 6390 -1.1031308 -1.3721964
 1359 0.71242034 1.3574451
 8014 -0.54884464 0.009189695
 4841 0.56129265 0.5724305
 230 1.63465 1.3618401
 2932 1.0497655 1.1754717
 8431 1.4862833 1.820663
 8132 0.82337856 1.4473509
 1096 0.33549392 0.82181656
 4337 -0.6057384 -0.6161652
 10010 -0.69358623 -0.7646483
 7636 -1.0495632 -0.6577499
 9657 0.8666747 1.1382043
 4357 0.24107347 0.40545994
 9620 -1.5385045 -1.6020936
 2981 1.4729488 1.2655711
 9850 0.0313413 0.20006414
 9124 1.5122142 1.2189596
 750 0.051672384 0.038698845
 7504 0.5898186 0.41197628
 10197 0.6643646 0.7726765
 8520 1.7461005 1.6134589
 10463 -0.71845275 0.4234253
 11295 1.1396455 1.2529616
 8696 -1.6310825 -1.6992757
 7907 0.6497172 0.93632853
 1219 0.13499308 0.11426915
 5860 -0.03349888 0.018096402
 3704 -0.5811551 -0.4107585
 22 1.2723018 1.0169078
 1417 -0.57488376 -0.29547733
 7618 -0.6542273 -0.5787055
 4544 -0.6714743 -0.54484266
 1218 0.37800944 0.54169685
 8694 -1.6885291 -1.5356605
 2773 0.13172741 -0.11489408
 806 0.28724656 0.19562966
 9592 -0.5116457 -0.6365871
 7237 0.6952568 0.6469383
 7588 -1.1267458 -1.0866835
 7003 -0.417189 0.17148922
 5920 -0.13607478 -0.29179642
 4231 -1.1678101 -1.0855751
 9257 1.239476 1.2179248
 2264 0.9382562 1.0866556
 2910 0.393409 0.06962045
 11156 0.41881737 0.9468202
 7972 -0.53489405 -0.25299942
 10560 0.84170234 0.60745096
 10240 1.3301747 1.0620862
 9712 -0.4793425 -1.3465644
 8252 -0.01624826 0.14184691
 7641 0.12046537 -0.14943227
 5919 1.3063748 1.3773386
 1609 1.2247612 1.0016577
 10695 0.14657693 0.16256519
 6708 -0.7635555 -1.0968997
 777 -0.74087924 -0.9058508
 8900 -0.1488106 -0.1048384
 3971 -0.44426045 0.49329606
 10045 -0.9928106 -1.0293766
 8629 0.92527145 0.17726736
 1014 -0.5903576 -0.1089562
 3523 -0.5888031 -0.44708213
 5824 0.71905434 0.6544781
 3237 1.2790636 1.1494818
 884 1.8769412 1.8950596
 6793 -0.24821618 -0.14287587
 3488 -0.23824362 -0.313117
 11381 -0.10266271 0.25328985
 5971 -0.22245806 0.48020804
 6141 -0.014368807 0.015129421
 4895 -0.41674986 -0.22142354
 11078 -0.029776646 -0.07356635
 6567 -0.034205735 -0.1578371
 2443 0.82016516 0.31403378
 5436 -1.1084995 -0.37018514
 10515 2.257955 2.4934595
 2395 -0.666077 -0.41945994
 5450 -0.1518255 -0.4061029
 8967 -1.070453 -1.131032
 1538 0.47102168 1.0749241
 3958 -0.504573 -0.32815278
 353 -1.5678294 -1.5176394
 3804 1.2038393 1.1451743
 3105 -0.9898649 -0.95910907
 760 -0.65737194 -0.63892245
 2307 -0.85532683 -0.50663793
 2353 -0.03372533 -0.10153669
 9516 -0.6799593 -0.7007624
 4113 0.4070951 0.57093257
 3022 1.1292667 0.82208574
 7994 0.31576565 0.46207446
 2605 -0.15872997 -0.20527777
 5398 -1.4630665 -1.6032944
 3779 -1.1862319 -1.2235515
 1591 1.8740582 1.1063201
 4109 0.31526965 0.29046792
 7465 -0.031931598 0.09367707
 7284 -0.7420839 -0.63059646
 10242 1.1427585 0.8907832
 2002 1.2479179 1.2643129
 7157 -2.3707383 -1.977061
 7350 -2.2257853 -1.6109946
 11526 -1.3806273 -1.0405228
 10497 -0.8571027 -0.7406721
 4292 1.016022 1.0989196
 8832 -0.5109393 0.84362686
 8758 0.34755498 -0.8988513
 8791 1.485235 1.1402647
 11842 -0.6080845 -0.6274555
 6320 1.6662738 1.297293
 9655 -0.69156885 -0.6944103
 5746 -0.84011155 -0.82566166
 10921 -0.47587055 -0.57797945
 8661 -1.2314895 -1.3743107
 9503 -0.8995728 -0.82863516
 629 1.3033233 0.92907
 4761 -1.2449102 -1.2641349
 8869 -1.0507207 -1.0005054
 1298 -0.20063122 0.1218036
 7747 2.031059 1.6464136
 11346 1.9956299 1.6019161
 7115 0.9617177 0.9810089
 7293 -1.1073476 -1.0846894
 10605 -0.71755433 -0.7417741
 5397 -0.37858278 -0.85531706
 3968 -0.91982 -0.8958471
 6363 -0.49495247 -0.61856216
 6272 -0.1455454 -0.0600753
 7101 0.42640623 0.25318694
 1598 1.040476 1.1537877
 6284 2.8126502 2.3694522
 11168 -0.99035907 -0.9670265
 7517 -1.0420083 -0.93824744
 2249 -1.1900898 -1.1605506
 10217 0.43714982 0.41731966
 6558 -0.91261256 -0.78998864
 1080 -1.767584 -1.7486846
 2286 -0.8716698 -0.88958496
 1563 -0.35237405 0.4684531
 11486 -0.056046803 0.21296974
 11356 -0.5036149 -0.48437107
 5037 0.43000975 0.35982126
 3685 -1.4368485 -1.3759177
 11625 -1.6822752 -1.4251082
 448 -1.0940361 -1.4256251
 2004 -0.37635127 -0.31941923
 5289 1.7410014 1.1423473
 6085 0.28509757 0.21372464
 11163 0.8702622 0.6547113
 2734 -0.90307456 -0.89069384
 2576 -1.2578679 -0.9200716
 6338 1.1542588 1.2699641
 9161 0.38302436 0.29629332
 11341 0.14813915 -0.74547184
 1402 -0.28796613 -0.27405345
 3713 0.16719726 0.39175558
 18 1.9153049 1.6000161
 2715 0.23428865 1.3018682
 6426 -1.022401 -1.1280257
 8734 0.40565526 0.9087375
 11497 0.7560172 0.5381068
 1243 0.7273354 0.9387128
 11850 -1.0376177 -1.2840362
 10109 0.66492385 0.57526684
 5241 -0.09345477 -0.14918318
 11806 0.9462526 0.52106965
 1135 -1.4430847 -1.3685158
 4796 -1.2337632 -1.1443124
 5156 1.5855005 1.9141703
 1562 1.0423187 0.5049094
 6823 0.37031102 0.37640625
 9602 -1.2808788 -1.3308175
 122 -0.2672248 -0.18490764
 8100 -1.9243642 -1.7738761
 9002 -0.43235022 -0.48014772
 3653 1.0534827 0.36250174
 7732 0.37301376 0.70057476
 8775 3.6173484 2.8962693
 3035 -0.73905295 -0.74288064
 3508 -0.5962095 -0.8616727
 1329 -0.75024486 -0.62013924
 1669 -0.96690077 -0.7277622
 1495 1.6649528 0.93007225
 1406 -1.1678568 -0.794845
 3882 -0.0545492 0.06507871
 9486 0.41193676 0.29707602
 5044 1.505247 1.5436563
 2806 -0.5957475 -0.35689232
 6810 -0.22034529 -0.26885068
 11700 0.20341018 0.08916628
 11416 -0.18186831 -0.24148679
 2386 -0.9206424 -0.8358654
 58 -1.063098 -1.0666658
 8404 1.2606496 0.6986072
 11260 1.271825 0.13986813
 1420 0.7689061 0.8427594
 2468 -0.7336117 -0.7466908
 2069 0.34918323 0.30018434
 4867 -0.920344 -1.015302
 7538 -0.567927 -0.70698416
 2375 -0.063186884 0.09288102
 8999 1.1687242 0.68506175
 10824 -0.6380489 -0.74805295
 11232 -1.3214589 0.13351591
 3510 0.52541167 0.530047
 9921 1.0800223 0.92446864
 8801 1.0872239 1.0316414
 10561 0.37980592 0.38786143
 4282 -0.90535784 -0.18864773
 3628 -0.8854508 -0.6298537
 11645 -0.1489857 -0.31468362
 5055 -1.1530155 -1.2323478
 2445 0.21147807 0.20057213
 6893 -1.6693428 -1.6087198
 6079 0.4978561 0.5814368
 3369 2.1449826 1.6737785
 2085 0.4275174 0.36515778
 3962 0.6047864 0.49303025
 11004 0.003204986 -0.048590582
 11023 -1.6105896 -1.3933458
 5910 -0.9985645 -0.9499804
 2984 0.039082807 0.3937192
 3386 -1.0793694 -1.0494131
 6276 -0.23424956 -0.35116664
 1210 -0.3771012 -0.3875003
 11191 -0.6136619 -0.5867908
 3850 -2.2328887 -2.0392897
 195 -0.32275847 -0.4751624
 10756 -0.47317696 -0.46197033
 5649 -0.26083234 -0.2650996
 9336 -0.3572785 -0.33147937
 1757 -0.2392159 0.3954249
 9000 0.31688187 0.3800388
 2102 1.4870228 1.5553763
 3610 -0.0092502795 1.0784265
 5632 -1.7076138 -1.6396277
 4801 -0.84509987 -0.90425146
 9198 -1.282364 -0.97434413
 3931 -0.34872285 -0.3449641
 888 -0.3873332 -0.420966
 8103 -1.4358767 -0.8391954
 6634 -1.0126053 -0.7185564
 3794 2.3339858 2.2647812
 6021 0.7369421 0.3940866
 6373 -0.13526984 -0.61048746
 8300 -0.89016366 -0.9287336
 11410 -0.26423234 -0.043503594
 3317 -1.0657874 -1.4196136
 3199 1.1345439 1.0611377
 9521 -0.12692644 -0.67574406
 9403 -1.4172431 -1.3920989
 5514 -0.053213872 -0.16588949
 4405 0.029348163 0.1793316
 7921 -0.61194927 -0.89440614
 2556 -1.8342385 -1.8590612
 6257 0.38942412 0.43490246
 161 -0.08495277 -0.13955669
 1880 1.0245854 0.9821392
 2210 0.57227695 0.6451906
 7537 0.022878265 -0.18327424
 3576 0.95626867 1.0172019
 2847 0.87142015 0.8967034
 6096 0.05688351 -0.015058141
 7261 0.50663316 0.7502792
 3805 -0.3229313 -0.3376583
 3941 0.4693068 0.583827
 8876 1.6347183 1.5187007
 24 1.2223 1.3814437
 8944 -0.050434574 -0.0959034
 5277 -1.6307888 -1.3075743
 7566 -0.55500966 -0.47842604
 4765 0.42409405 0.61606693
 11371 -0.96954757 -0.8344232
 11476 -0.7774653 -0.6345798
 10722 -0.41744342 -0.5500627
 8411 -0.08905456 -0.14303571
 11291 0.64822376 0.32352427
 7837 -0.6748165 -0.74968505
 8036 -0.34818652 -0.37976515
 8595 0.19872987 -0.45977938
 3424 1.0020915 0.64045304
 3020 2.3008597 1.6586267
 7526 0.99816304 -0.95620143
 6200 -1.3881762 -1.4089668
 7064 0.03869775 0.06686036
 6598 -0.76742166 -0.9670727
 9399 -0.2877617 -0.2266374
 642 0.12415918 -0.1327836
 253 0.60349417 0.7441354
 8922 1.4161215 0.6954355
 5128 0.7916058 0.6664671
 5545 -0.04074027 0.007674299
 5890 0.17982763 -0.2629888
 1270 -0.3926264 -0.4112224
 4725 1.1016401 1.0881058
 9589 1.1140555 1.174964
 5151 -0.76407945 -0.70466626
 7273 -0.3973342 -0.45535624
 10061 -0.2967111 -0.24322009
 3891 0.43265563 0.46078765
 9325 3.9297915 3.0585134
 8352 -0.097166464 -0.08174199
 8294 0.36613357 0.22849181
 2068 -1.6159778 -1.5688006
 737 -0.35004672 -0.34794322
 65 0.9912228 0.9288571
 9355 -0.32687765 -0.544164
 3722 0.45542267 0.47591892
 425 0.028391019 0.04114665
 4900 -0.04205772 0.3512213
 3219 1.1039959 1.1454256
 3948 0.7749084 0.7171724
 8339 -0.103097275 -0.08631401
 2158 -1.0373765 -0.27375177
 3589 -0.7012269 -0.7793524
 3135 2.5055285 1.7668264
 6084 0.03674083 -0.027192187
 42 0.8271375 0.84744024
 4926 0.3690293 0.52824104
 11517 0.31577894 0.026960844
 7301 -2.1979675 -1.8270638
 2515 0.58885735 0.5549151
 9068 -1.1977456 -1.1870964
 4943 -0.97595376 -0.90086764
 9791 -0.29122218 -0.58172727
 8377 -0.55290514 -0.3242525
 10011 -0.2586036 -0.46674454
 1341 0.9410057 0.23260163
 4703 0.20509619 0.18880162
 146 -0.09600441 0.12080653
 11873 0.6313027 0.15706794
 3587 -0.99065655 -0.7521653
 3811 0.705404 0.42802027
 6026 -0.10022355 -0.24252784
 2815 -1.0443397 -0.99282837
 2274 -0.12390786 -0.04660732
 779 -0.36588043 -0.49130088
 5502 -0.6411156 -0.6591851
 3910 -1.1873871 -1.3256537
 1748 0.048122056 0.039331596
 4779 -1.2326506 -1.2678407
 7760 0.33332294 0.251646
 7131 0.6258482 0.814312
 4605 0.5574105 0.4622436
 3697 -0.47942042 -0.5134459
 3980 -1.2959328 -1.1958028
 4567 -0.8140321 -0.78194386
 8607 1.4033953 1.4354881
 11214 0.7041993 0.8200052
 7522 -0.51941603 -0.62663054
 10651 0.9053676 0.5898001
 1164 -0.31458423 -0.29929444
 10229 -0.6849027 0.04367399
 1153 -0.69874513 -0.77033865
 989 -0.5699151 -0.60820884
 4672 -0.22476842 0.07364839
 3419 -0.8974573 -0.9646281
 8398 1.277709 1.2128403
 8253 -0.619595 -0.55368304
 11192 0.014445485 0.12766111
 10818 -0.3794542 -0.5526694
 5819 0.023157433 0.08529231
 4169 2.4163663 2.2784894
 2611 -0.2065249 0.18227331
 8872 -0.35006505 -0.43909177
 11660 1.2025553 0.81620383
 598 0.9997376 1.390094
 5955 -0.6552986 -0.6983538
 9482 0.5811273 0.5407752
 10091 0.21714896 0.36464062
 5085 0.5543511 0.6466503
 7225 1.1931851 1.224865
 3420 -0.5018395 -0.46048903
 3752 2.4600682 2.2460485
 6158 -0.5721159 -0.52496076
 7961 0.2848647 -0.0523127
 1520 -0.80505884 -0.78549695
 5832 1.8778529 1.5170782
 34 1.8072534 1.686959
 3884 0.42031774 0.39935473
 6405 -0.964209 -0.89141417
 1059 1.9552268 1.1639341
 2668 0.058747835 0.22490545
 10569 -0.1447959 -0.14276652
 4684 -0.29672667 -0.6136481
 3466 0.4306978 0.6321077
 11744 -0.63740164 -0.013472509
 680 -0.40120772 -0.4845116
 421 0.0759682 0.09926687
 5181 -1.4427367 -1.3722517
 8898 0.116074786 0.2182006
 5564 -1.7146132 -1.4794874
 4132 -1.142007 -1.111768
 2087 1.0339578 -0.337501
 9092 2.8626528 1.5998331
 2874 -0.07017111 -0.060632627
 1008 -0.4417681 -0.43399066
 3377 -0.4378758 -0.613178
 11528 -0.20638737 -0.100485444
 10927 -0.5063131 -0.6411984
 6199 1.7077043 1.5443702
 8764 1.2490089 1.6764232
 2488 -0.12380288 0.21374497
 8906 -0.961013 -0.9586947
 5139 0.04538768 -0.06727025
 4604 -0.32344055 -0.3514442
 4027 -0.5036539 -0.54075235
 11670 2.6749368 -0.51811147
 88 -0.58926845 -0.39324254
 5080 0.0859701 0.093262345
 7415 0.81077665 1.1985348
 11602 0.58936435 0.5166717
 7029 -1.3811924 -1.2514026
 2047 1.2613853 1.147251
 2655 -0.055931285 -0.2606573
 1720 1.5363964 0.62835586
 11090 -0.23744601 0.127102
 8943 -0.9619596 -1.3466659
 2703 -0.7748693 -0.09096821
 1119 1.4912584 1.5109193
 1633 -0.7963304 -0.83019286
 4572 1.9189771 1.5666798
 3956 -0.44792262 -0.26266503
 8664 1.0443971 0.993512
 7858 -0.7484777 -0.81031597
 5766 -0.1755694 -0.3625149
 3006 -0.553761 -0.3910544
 2197 -0.95323074 -1.0124705
 5504 -0.28380063 -0.19559392
 10819 -0.3910628 -0.5660552
 741 -0.08891475 -0.041102085
 2916 0.25196376 0.39271593
 6850 0.007490595 -0.23760244
 7509 -0.002029517 0.059940603
 1259 1.0480354 0.9744732
 7459 0.022869555 0.37188867
 316 0.13735385 -0.035026994
 1208 -0.399419 -0.4139079
 11039 -0.26954383 -1.2738464
 3277 0.014453735 -0.0019534715
 2532 -0.18683007 -0.26731855
 8074 0.6082061 0.39993674
 11706 1.049253 0.68478966
 282 -0.7881924 -0.5527649
 3827 -0.96507674 -0.9553691
 1559 1.608901 0.7600877
 6587 -1.2408973 -0.8731864
 3261 -0.097064696 -0.07791513
 3296 2.7277653 1.8450872
 10581 -0.9827129 -1.154278
 4460 0.010655867 0.31593025
 8073 0.66934097 0.471212
 10629 0.2753258 0.77350897
 1717 1.5734229 1.6636765
 2951 0.93829656 0.9417366
 8295 -0.41296527 -0.24847847
 3538 -1.1081145 -1.1183697
 6930 1.3708913 1.4722275
 2991 1.8209742 1.6073062
 2289 1.2444496 1.0863373
 5141 2.0709424 2.1058002
 2823 -0.19849093 -0.23257956
 9920 -1.739026 -1.6595562
 6520 0.13876207 0.27212292
 6515 -0.39944285 -1.3365688
 10827 1.8800958 1.8519948
 10984 0.6077601 0.6235972
 8612 2.972555 3.379718
 3899 -0.4349842 -0.32626772
 8448 1.2010852 1.4216226
 5246 0.47814846 0.18691257
 4220 -1.2941239 -1.1175753
 6803 0.4031973 0.34705275
 3951 1.5612748 1.6936462
 2120 0.86323625 1.0450882
 8313 -0.71067965 -0.50280434
 9215 -0.41870862 0.633472
 156 0.7518948 0.32881996
 9827 -0.18530451 -0.1594814
 1960 1.5125227 1.3963683
 10313 1.289496 1.2008485
 2058 0.9265105 0.85161114
 9290 1.6007268 1.1320505
 5543 -0.42751682 -0.3133839
 11267 0.21417622 0.28469995
 3633 -0.898463 -0.6514656
 10689 1.5089811 1.6005619
 4299 0.096623376 0.24812433
 2878 -0.17372434 -0.179012
 2367 -0.06310575 0.03069512
 4916 0.046204098 0.047604542
 6635 -0.33410805 0.17075686
 10338 -1.2635685 -1.3558049
 2453 -1.9229935 -1.2021425
 4569 0.41687834 0.40940326
 1277 -1.6398486 -1.6688316
 881 0.2837352 0.36938846
 5299 -1.0472877 -1.1468558
 1401 -1.19406 -1.3769509
 8978 -0.4533657 -0.23864034
 3415 -0.34013835 0.2614517
 4743 -0.9550533 -0.9326135
 3247 0.08472874 0.19802058
 11677 -1.1954361 -1.234118
 1411 -1.5891511 -1.5717142
 355 -1.6025081 -1.5350015
 11422 -0.9025859 -0.9355989
 11814 -1.1825229 -1.3265188
 2438 0.58910125 0.81892323
 10470 -1.201378 -1.0013602
 11035 -0.97688246 -0.98868227
 6934 0.275081 0.3736369
 4764 -0.8856552 -0.80769885
 9429 -0.66864455 -0.56045485
 8783 0.71704835 0.61315835
 6595 -0.96745586 -0.8738528
 3002 0.4609359 0.39147002
 5012 0.8982459 0.5067331
 1487 0.8346544 1.4175993
 6706 -0.6360581 -0.51380354
 9363 0.652034 1.0201653
 3648 2.0987647 2.079641
 10230 1.1161605 0.94134355
 7128 0.8503666 0.92121404
 9672 -0.5555162 -0.62872994
 4335 -0.12847859 -0.1696824
 9659 -0.5746834 -0.46658027
 447 -1.0918545 -1.4480423
 6883 -1.3422108 -1.3341978
 521 -0.7969749 -0.63903165
 1747 0.9586189 0.9839603
 6972 -0.6364665 -0.7659321
 10108 -1.1565645 -1.1017938
 2678 -0.73414165 -0.7157171
 5725 0.2203862 0.07230234
 7666 0.45115998 0.2600818
 871 -0.7236841 0.017683946
 2915 -0.7951019 -0.69067496
 9149 0.067895725 0.38825
 992 2.493792 1.6701531
 9569 0.10726199 0.17161311
 3831 -0.7696376 0.2315825
 5783 -0.9289468 -1.0195483
 7176 -0.094038315 -0.26823974
 8065 0.6387362 0.31580663
 10286 0.8030072 0.6597478
 11162 0.73269546 0.49797112
 6073 0.28768983 -0.08692075
 8677 0.09541824 0.30499387
 4440 0.12735105 0.09343608
 1342 0.60273874 0.6624669
 6901 0.020744856 0.01935412
 11283 0.30673373 0.45646107
 11485 -0.9625253 -0.8165828
 10510 0.062671766 -0.29915643
 5115 -1.0863243 -1.3797572
 2018 0.92869985 0.97195315
 1590 -1.0636628 -1.1570807
 10436 0.119468346 0.06190344
 10151 -1.5864336 -2.0023265
 4372 -0.88954115 -0.38921845
 11403 -0.4166788 -0.4692483
 182 1.112965 1.1481048
 2836 0.5051796 0.2769963
 363 0.85659856 1.0465411
 10538 2.458228 0.27376568
 1162 1.0875658 0.9823011
 4063 0.16537373 -0.01536518
 8419 0.11949035 0.17972767
 7304 1.0296379 0.32459348
 917 -0.296161 -0.5756211
 1439 -0.01627118 -0.3823694
 3542 -0.23900549 -0.19533922
 232 1.0372983 1.2090675
 836 0.35694674 0.37124366
 5211 -0.13695583 -0.15621212
 5230 0.17640749 0.1597907
 10765 0.37182558 0.34818295
 3324 -0.98388183 -0.7531245
 958 -0.64996785 -0.6267556
 3757 -1.9234849 -1.7906376
 6747 -1.8996581 -1.6444695
 7107 -0.44551325 -0.6768662
 264 0.03171031 -0.64120746
 11773 -0.16261081 0.0429025
 4621 -0.021390164 0.17802522
 3638 -0.6986603 -0.5762614
 1307 1.2240094 0.9780593
 5201 3.3102374 2.2469332
 5560 -1.6911843 -1.5871472
 1132 -0.4415325 -0.4528097
 11662 0.15422033 -0.8396919
 1262 -0.65578496 -0.61236024
 11646 -0.15617117 -0.12980856
 2288 -1.5192606 -1.205787
 4179 -0.3296267 -0.31753653
 1276 -0.15855716 -0.101724625
 1557 -0.83685184 -0.74303865
 7650 -0.5293804 -0.5036969
 9485 -0.12619162 0.113448635
 4489 -1.173464 -1.0130377
 2401 -1.3591626 -1.3153145
 1383 -0.24164222 -0.50515294
 3876 0.61652565 0.63094115
 1303 -1.1605686 -1.0631986
 5551 1.7718028 1.6889434
 6710 -1.263299 -1.0002553
 2862 -0.53837466 -0.5605942
 9838 1.5344477 1.4386775
 8896 -0.21097049 -0.32779047
 6152 -0.27868578 -0.31451267
 5303 0.35003585 0.30812174
 6998 1.5429107 1.3210939
 2622 1.0936726 1.1897959
 5748 -0.39476714 -0.6908362
 9701 -1.0546565 -1.0017613
 9011 0.10574101 0.24209422
 10893 -0.82971084 -0.77402115
 1804 -0.36099568 -0.2678712
 11450 1.8182211 1.4251156
 3378 -1.3191458 -1.0382233
 11652 -2.3159196 -2.0614202
 5834 0.01890987 -0.010852005
 170 -0.39895925 -0.19693963
 2107 0.4348349 0.51623106
 6983 1.6196904 0.88339496
 11717 2.0029051 2.2638068
 1388 0.049606822 0.0725268
 231 0.8765827 1.1876539
 3837 -1.4886028 -0.7828485
 903 -1.481464 -1.4639995
 5835 -1.908954 -1.7518917
 11442 -0.99941665 -0.8208059
 2245 1.691943 1.1022923
 11022 -0.6268515 -1.0801268
 2506 0.5206516 0.93103004
 7212 -0.35138023 -0.019841049
 10447 -0.85524386 -0.768793
 729 0.5997513 0.66485375
 2099 0.99698585 0.9841787
 5996 1.5513119 1.7898194
 9436 -0.37956926 0.31292045
 1463 -0.5828444 0.10186568
 2312 -0.22566643 0.12014845
 1888 -0.5963086 -0.9670719
 7729 -1.3763132 -1.3324549
 1938 1.2621931 1.0266699
 3189 0.20179476 0.08773963
 3556 -0.7721295 -0.75919056
 10809 0.19550823 0.20700121
 11024 0.25218928 0.09906474
 7118 1.2880226 1.2225771
 3454 0.76203054 1.1384566
 10895 -0.55541855 -0.5479825
 7198 -0.07292061 0.41468555
 658 -0.3699923 -0.24753705
 2876 -0.24642016 -0.26340553
 2091 -0.6863183 -0.20460165
 8163 -0.09278275 0.053198256
 5339 -0.0040354882 -0.15862022
 2702 -2.1202874 -1.9925103
 4609 1.2939233 1.2149668
 10842 0.15979588 0.54388654
 993 -1.2708265 -1.3677313
 6156 -0.22410831 0.31783044
 2246 -0.9768623 -0.75374115
 3529 -1.4742997 -1.2721505
 7879 0.37996727 0.7701031
 11320 0.08485663 -1.4768014
 2746 -0.80514914 -0.8025745
 7409 -0.22489035 -0.06378803
 4723 0.45520312 0.42594537
 2185 0.20003541 0.16070572
 4713 -0.14674549 -0.08829832
 5407 0.24470495 -0.09813054
 6391 0.4268009 0.86655945
 11054 1.0611233 0.6982287
 464 -0.0951119 -0.2183545
 129 -1.4551264 -0.96714914
 3298 1.9690177 1.5335242
 7412 -1.190931 -1.0442953
 6813 0.32299832 0.26017064
 4404 0.1580214 0.32086498
 1766 0.8678533 0.6418707
 5309 0.7065977 0.6662836
 8324 1.0300509 -1.0364976
 2795 -0.17578256 -0.14454822
 3522 -0.60725796 -0.6001101
 1802 -1.1522377 -0.9733424
 10490 1.7877433 1.6524563
 11689 1.2624763 0.56165767
 7202 0.71077055 0.731099
 4051 -0.46217072 -0.43034142
 4415 -0.3550062 -0.17085299
 6951 0.024905322 0.13833433
 6209 -0.5656034 -0.8770368
 5052 -0.7943671 -0.90006495
 7723 0.8759111 0.6954017
 5138 0.043374375 0.2982046
 9475 -0.6414663 -0.65568054
 9003 0.32860002 0.39267784
 11277 -1.6844907 -1.6381748
 4418 -0.84043837 -0.8948783
 1660 0.74996215 0.72343427
 9105 -0.98226273 -1.0991238
 5058 -0.16030642 -0.18928085
 1506 0.23983808 0.24130279
 2921 -0.71396273 -0.7287216
 1890 0.048050545 0.15203242
 1860 -0.23720077 -0.4683045
 6286 0.007535977 0.009075981
 2708 2.5166612 1.5522208
 5705 -0.46812904 -0.69945216
 3260 -1.8350608 -1.7428865
 1528 0.58891237 0.69592106
 898 1.2568879 0.86169016
 6687 0.22156064 0.24375558
 4957 0.561548 0.5923985
 6374 1.9344918 1.7789412
 8122 -0.41755113 0.13141043
 9045 1.7085134 1.851131
 7981 0.003448398 0.12087698
 6711 -1.6845832 -0.29153347
 1530 1.10648 1.2311411
 8549 -0.32600212 -0.25034404
 1926 -1.4525305 -1.3860607
 7012 0.5589699 0.68084216
 8217 0.40842032 0.40018135
 10516 0.23829785 0.34028405
 1317 0.84642893 1.0648686
 8179 -0.99039024 1.1968434
 7153 0.52924025 1.1913369
 7092 -1.0201374 -0.7154616
 4235 0.089921065 0.20283449
 803 0.14342861 0.21798372
 1652 -0.475226 -0.17992005
 9831 -1.0469122 -0.96336496
 10238 -1.9643924 -1.9476473
 8240 -0.64189905 -0.6524457
 6450 -3.2332573 -2.2210987
 5861 -1.0114117 -1.057618
 3306 1.3209282 1.2575369
 4042 0.6406564 0.27556545
 1315 0.2105168 -0.20639366
 5703 0.5980062 0.69094974
 4340 2.1554122 1.2122393
 3039 -1.1588634 -1.1663079
 5843 0.08363362 0.13832355
 6127 -0.098393604 -0.14848071
 3202 0.16764466 0.2183072
 4199 1.3265945 1.256966
 4498 -0.16310956 -0.24053982
 5871 -0.55847293 -0.57577205
 4245 -0.19720556 -0.23282722
 707 0.04848786 -0.07183434
 5624 -0.31091058 -0.28654924
 10798 0.012503689 -0.21149328
 9453 1.9643668 2.211011
 11392 1.2342979 1.201881
 2819 -1.2318137 -1.2513945
 2501 -0.40891162 -0.20001064
 4719 -1.6299756 -1.58603
 9010 0.41517994 0.3612325
 8154 -0.524288 0.15104985
 10682 0.53366977 0.44678068
 2700 -1.0736669 -0.8392415
 4619 -2.165436 -1.760677
 5457 -0.25973126 -0.14161205
 691 2.2597425 2.1906495
 7892 0.040693637 0.05247289
 5634 -0.95348513 -0.91678846
 3944 -0.63170093 -0.6312344
 6022 0.36303616 0.7920863
 4681 1.4775558 1.4820131
 9605 0.40789822 0.58101016
 3072 1.7298956 1.6751392
 6927 -1.4669285 -1.2564119
 1796 -0.6379907 -0.660034
 6624 1.3481903 0.99201727
 6238 -0.51663035 -0.7066319
 217 0.68164635 0.8525811
 8811 0.2104164 0.05752426
 6960 -0.10117611 -0.18533862
 9049 -1.146916 -0.9251162
 1212 1.3320472 1.2638004
 8416 0.8289862 0.5213329
 6871 -0.51650935 -0.6454909
 10231 0.7326964 0.11804643
 6147 -1.574402 -1.2491851
 9978 -0.2543716 -0.21743
 4897 0.22431059 0.17512298
 6774 1.5144178 1.4403386
 4078 -0.7005774 -0.6774672
 2602 0.45107886 0.31601086
 5167 -1.1941879 -0.94814205
 10822 2.0734375 1.6510568
 5486 -0.08729934 -0.061643224
 8828 -1.1950823 -1.1093333
 6826 -0.02642847 0.064521715
 8039 -0.790808 -0.62366575
 10932 0.09369281 0.1382846
 4390 -0.27100798 -0.43585837
 810 -1.4004724 -1.272214
 11533 -0.3250844 0.6681099
 10562 0.8032318 -0.19016111
 8188 0.15703584 0.21167226
 1264 0.9419954 1.0642731
 7017 -0.29316947 -0.2656412
 3008 0.15475437 -0.40185615
 5475 1.515671 1.5015421
 4679 -1.1554809 -1.0854647
 8743 0.8196385 1.2249889
 7908 0.53288543 1.2884188
 2525 -0.7435224 -0.72940576
 7800 0.91059756 1.0224489
 9029 0.086239636 0.31330913
 7007 0.011033591 -0.008834984
 4227 -1.3452252 -1.4105611
 2226 0.9842358 1.082218
 11342 1.0524498 1.2664529
 173 -1.0943583 -1.0893837
 9301 -1.0226907 -1.0375278
 10383 -0.3537749 -0.36296856
 3676 -2.00458 -1.933511
 3665 0.68184805 0.5866833
 4954 -0.26617733 -0.2851277
 1647 -0.6084471 -0.95391333
 4846 0.9704549 0.9462795
