 10111 -0.25682178 -0.16543353
 304 0.9075987 0.54303694
 10383 -0.3537749 -0.5193936
 5284 -0.56121874 -0.5123941
 1038 -0.48946494 -0.3320298
 4909 1.0222191 1.163691
 2539 -0.048169605 -0.3566564
 5295 -1.0693882 -1.1191801
 1108 -0.80049086 -0.58586407
 9168 -1.0582398 -1.0792416
 1126 0.49629387 0.22217506
 9474 1.5669572 0.9461929
 1109 1.0619181 0.83308744
 5026 -0.9397257 0.058897845
 11071 -0.65664816 -0.58256006
 7850 0.3662977 0.64947003
 302 -0.23766924 -0.23248109
 3605 -0.24157667 -0.33821484
 4914 -0.46336988 -0.4204898
 2534 2.279579 1.3902158
 1623 -0.8698839 -0.05555979
 5293 -0.428358 0.06542475
 2781 -0.18946221 -0.048989125
 10708 -0.7760681 1.0974804
 1448 -0.51251525 -0.3829916
 1117 -0.5102604 -0.73461735
 10502 -0.4573671 -0.32101318
 5062 1.4695796 1.5860181
 7656 -0.2513535 -0.664273
 10491 -1.1643409 -0.84700155
 4025 0.65536934 0.85331833
 9473 0.535199 0.334562
 287 -0.90386486 -0.8674197
 4866 1.3777335 1.7534868
 9470 -0.08382464 -0.0773729
 5663 2.4684987 1.5025203
 2964 -0.23810793 -0.5882455
 7556 -0.1682785 -0.14568967
 2589 -0.23977928 -0.18841219
 338 -0.7837023 -0.769399
 6476 -0.9431633 -0.7145796
 5713 0.9594642 0.6727982
 5292 -0.20210864 -0.1594438
 6058 -1.1254046 0.92664975
 1449 0.10634977 -0.08506987
 10113 1.0333422 0.33684725
 4868 0.34247127 0.40685064
 2594 0.35698983 0.4357538
 4874 -0.6650855 0.117418416
 2959 -0.5153354 -0.64442945
 1626 -0.7488806 -0.45627484
 5868 -1.1112821 -1.0343956
 1630 -0.37609503 -0.4030471
 5052 -0.7943671 -0.7681091
 2359 -0.8682483 -0.6538806
 10709 -1.2233094 -0.72296035
 7842 -0.33749747 -0.354586
 7649 -0.24980271 -0.5777554
 5056 0.5712611 0.5782019
 9162 -0.02399527 0.022997933
 1620 -1.0781817 -1.20242
 5714 -0.54657596 -0.4300641
 10492 -0.080293104 -0.39733818
 7847 -0.95828414 -0.6951624
 4027 -0.5036539 -0.25155625
 1622 0.7814668 0.93192416
 2969 -0.29207665 -0.46754047
 10499 0.26521894 0.0716199
 4869 -0.012678675 -0.17220262
 1041 -0.44134456 -0.5213353
 2356 -0.528657 -0.5167229
 4916 0.046204098 0.11386915
 11068 -0.8769373 -0.61881495
 2355 0.25418654 0.1776177
 1616 -0.1535578 -0.2981338
 5712 -0.09595765 -0.1423465
 3604 -0.2108733 -0.10517008
 2962 -0.76062995 -0.8904755
 1633 -0.7963304 -0.779901
 1450 1.2444913 1.1573848
 2966 0.60996133 0.48156103
 5659 1.021587 1.0237358
 1121 0.42166498 0.0570571
 7548 1.3636554 1.7983621
 5186 0.31754607 0.035713553
 7843 -0.09516599 -0.38475668
 205 -1.5964617 -0.35430932
 7550 0.92632765 0.71415275
 7553 0.56656843 0.3644639
 286 1.8763287 1.5523432
 4296 0.8068697 0.641219
 5028 -1.0159022 -0.88137364
 893 -0.22736618 -0.7880473
 5029 -0.52873266 0.15020114
 5300 -0.50350446 -0.5552565
 7541 2.0234137 2.0803688
 1453 -0.883851 -0.3142151
 1635 0.071236566 0.09013604
 5717 -1.7005833 -1.1159033
 7845 -1.2386512 -1.2652168
 1451 0.5650846 0.4607797
 4295 -0.1608831 -0.22253898
 7853 -0.038219053 -0.94542503
 4872 -0.5060779 0.030206727
 9268 0.03989968 -0.10433886
 7858 -0.7484777 -0.6619122
 9264 -0.12309373 0.13869146
 4865 0.16402969 -0.12833115
 7852 -1.4889767 -0.8830023
 2788 -1.4120893 -1.2942994
 2960 -1.2251269 -0.82297254
 6057 -0.22745787 0.8903827
 9158 -1.2116297 -1.3819381
 10714 0.47740036 0.44164056
 3602 -0.40557307 0.15874457
 5871 -0.55847293 -0.6028207
 5181 -1.4427367 -1.1476306
 10712 2.0052764 1.9449257
 5299 -1.0472877 -0.94248164
 10385 0.44757894 0.4407141
 9258 -1.3456525 -0.7662132
 2965 -1.112202 -0.81712925
 2354 -0.14020179 -0.08483251
 10487 0.8091438 1.2563088
 5051 -0.9544501 -0.99170244
 9164 0.12041495 0.1881909
 1613 -1.5978653 -1.6470574
 9471 0.43409777 0.45338115
 1619 0.28650075 -0.079225145
 7549 -0.61915535 -0.47692105
 11074 1.1912144 0.8003038
 2593 0.40273705 0.29368588
 10387 0.7686783 -0.1889112
 6061 1.4017823 1.4107214
 4289 1.3520977 1.5544703
 7543 1.2004352 1.4627036
 4912 -1.0493573 -0.20921901
 1634 -1.0408229 -1.1688966
 1116 -0.23232657 -0.12532672
 7542 0.17734125 0.027737625
 7659 1.4650213 1.2339728
 2792 -0.25309497 -0.23536322
 2548 -0.31443158 -0.42289796
 11069 -0.55108666 -0.3517879
 3542 -0.23900549 -0.12468112
 7552 -0.43870232 -0.3897902
 10117 0.6979701 0.97089463
 3539 0.49929917 1.2461139
 3536 -0.66244555 -0.3356717
 10488 -1.4628652 0.3721503
 9266 -0.62545156 -0.34331766
 7540 0.045096595 -0.44115964
 9165 -0.53989154 -0.63193774
 7654 0.966288 0.63829786
 3601 -1.1220944 -1.0409731
 9261 -0.9436263 -0.632467
 4907 -0.7086452 -1.0219563
 9166 0.11581762 -0.77101845
 1628 -1.829478 -0.6681306
 3538 -1.1081145 -1.062744
 1010 -1.3628894 -0.93435687
 1618 1.6426047 2.0987685
 5862 1.3258418 1.1595572
 5060 -0.53372467 -0.45036992
 1617 0.7511755 0.8743161
 2954 -0.59888756 -0.46588096
 5058 -0.16030642 -0.0869805
 201 -0.4893957 -0.5354363
 1627 -1.4418722 -1.0361464
 4297 -0.09217537 -0.26264045
 2544 -0.5774558 -0.50542283
 1113 -0.32015932 -0.22249797
 301 -1.1437535 -0.48174617
 1004 1.2800974 1.138556
 9467 -0.30779526 0.39346993
 5865 0.1910067 -0.65494084
 5662 -0.48461366 -0.3566071
 1615 -0.4106774 -0.43631136
 5183 -1.0865521 -1.2085918
 1447 -1.0499171 -1.01824
 10704 -1.1593745 -0.82916
 5867 1.6425918 1.0640835
 9169 0.41011596 0.10204043
 2536 -0.9407356 -0.73989713
 7851 1.2389235 0.87906533
 10500 -0.85744745 -0.117308445
 1035 -1.7384552 -1.1882586
 5288 -1.7204615 -0.40079132
 2588 -1.0238591 -1.0710044
 202 1.2567532 1.1749227
 2783 0.5454879 0.50403804
 7848 1.125588 0.5554792
 299 -0.99767333 -0.38252446
 4032 -1.3316534 -1.1232177
 10497 -0.8571027 0.62778854
 1446 1.4211562 1.5985118
 1444 -0.96367496 -0.7311678
 1621 0.21753998 0.63645697
 1008 -0.4417681 -0.3651705
 11079 -0.29431638 -0.47238645
 3600 -0.9487214 -0.79562557
 347 -1.583063 -0.8543762
 10112 -0.21058406 -1.1831917
 3534 -1.0325551 -0.86682194
 4908 -0.19813521 -0.34519908
 285 -0.6859942 0.28474218
 10495 1.11258 1.1853039
 342 -0.5298021 -0.78221565
 3606 -1.1897515 -1.3168117
 1107 -0.13474816 -0.036715366
 2357 -0.2769145 -0.51001745
 303 -0.5392745 0.13266426
 7655 1.2561737 1.1254891
 11078 -0.029776646 -0.10737867
 4876 1.2592882 1.099634
 4913 0.69880027 0.70124304
 4029 -0.5579939 -0.096645035
 10106 -1.1484296 -1.0032634
 7555 -0.87159467 -0.7634649
 1110 -1.3947828 -0.5201069
 2782 -0.5465819 -0.5598372
 284 0.37458745 0.29783744
 10381 0.05011565 0.14531767
 10489 2.0145721 2.053811
 7663 0.4763011 0.56899244
 5667 -1.3474728 -0.9168113
 2591 1.2536851 1.044348
 9260 -0.6200337 -0.17373633
 5055 -1.1530155 -1.0617536
 7657 -0.80047435 -0.49551865
 5720 -0.91751105 -0.47808257
 5869 1.6361874 1.2335275
 305 -0.17383343 -0.30820772
 5190 0.1997081 -0.17799875
 2789 1.7221532 2.4370077
 9163 -0.09546028 -1.0684826
 6475 1.3330594 1.5021862
 307 -0.9454567 -0.5379217
 11073 0.2971059 -0.15871143
 4911 -0.0041212095 -0.11392822
 5368 1.9023949 1.547321
 10711 0.0062318207 0.30110756
 345 0.023041455 0.18859148
 5296 1.0427477 0.6870615
 10379 0.93353736 1.1329257
 7855 -0.95857936 -1.4075973
 7664 -1.0155827 -0.9330978
 2785 0.45134565 0.621823
 7856 -0.21233653 -0.6283823
 1114 0.344987 0.5688379
 5187 0.19566867 -1.5122517
 9259 1.1101215 1.0859118
 289 1.0616642 0.09640463
 3535 -0.33516192 -0.31648
 5371 1.387249 1.4922401
 2958 -0.115380645 0.37901127
 10498 0.7357168 0.7965348
 9271 0.7026197 0.45195428
 4026 -0.11876457 -0.020214781
 5665 -1.1196085 -1.0114019
 1115 -0.5628108 -0.46471164
 2967 1.3654273 1.1864502
 7647 -0.53054655 -0.46372655
 5188 -0.078791834 -0.047082223
 7551 -1.8525527 -0.9241798
 7650 -0.5293804 -0.58027667
 10702 0.029474225 0.5246913
 894 0.36992458 0.49937364
 337 0.28669006 0.1764726
 5861 -1.0114117 -0.74721074
 306 0.41245565 0.9127361
 5294 0.57713646 0.62178177
 7545 2.0341742 1.5583199
 2542 -0.5640031 0.14216487
 10707 -0.6136014 0.11600144
 7652 -0.08452737 -0.05377259
 341 -0.22925068 -0.19386119
 204 0.97558576 0.6875936
 10494 -0.14280643 -0.25362375
 5184 0.0048075626 -0.082801946
 4915 0.7536211 0.474392
 5863 -0.23527639 -0.112738974
 10705 1.2111475 1.1181896
 5064 0.52493304 0.77122295
 206 -0.21609223 -0.43452635
 1124 -0.36934915 -1.1823993
 5050 0.48613384 -0.7790234
 7849 -1.3072915 -1.1301216
 7846 -0.2629245 0.014435226
 2358 -0.25323203 -0.14011884
 11070 1.1223109 0.0075005703
 2957 0.5954079 0.59337527
 1625 -0.5987757 -0.74513334
 1037 -0.64457244 -0.40224716
 1454 1.0341175 0.2293413
 1631 0.33437726 0.10185129
 5661 0.3978482 0.58343756
 1457 -0.153126 -0.29530045
 5053 -0.5032537 -0.26978728
 2955 0.87868994 0.082615346
 9257 1.239476 1.0526215
 5025 -1.1391717 -1.0716811
 10382 -0.09051916 -0.20138231
 7658 0.4102104 0.85148466
 1118 0.05206524 0.098007485
 2596 -0.04933074 -0.13932374
 2790 -0.45585483 -0.41412088
 10493 -1.5961647 -1.6527423
 10118 -1.6599808 -1.0410913
 1011 -0.6941973 -0.40868726
 9157 1.284999 0.38765785
 5715 -1.4415797 -1.177334
 2595 -0.56635284 -0.6863109
 11076 -1.0374444 -1.3693432
 10496 1.4514351 0.822237
 344 -1.3838191 -0.5568855
 1122 0.66274273 0.16591248
 9159 -0.16639172 -0.26633054
 10119 0.027256012 -0.113614045
 9265 0.35643974 0.59987146
 9160 -0.22691832 -0.0885999
 5049 0.13143541 -0.8406677
 1123 -1.1571957 -1.0624317
 11072 -0.8614066 -1.0676488
 290 -0.541446 -0.2782347
 7554 -0.4963286 -0.4205968
 2549 1.2297491 1.2466038
 10114 -1.2085758 -0.9268359
 2599 -1.1581662 -0.93655765
 5031 -1.0150707 -0.0088189095
 5185 -0.8596276 -0.6360459
 4028 -0.8889718 -0.50812185
 298 1.3660814 1.7655151
 2597 -0.18537739 -0.67104375
 5298 1.7059972 1.397878
 1007 -1.0802977 -0.98506474
 2585 0.9618002 1.0693816
 9270 0.5983793 1.1153984
 4867 -0.920344 -0.75293285
 2537 1.5671327 1.4780831
 3599 -0.102789685 -0.9456692
 5291 -0.08039258 0.017328363
 10120 0.12109751 1.2315221
 2545 -0.25537965 -0.2782348
 6477 -1.1036528 -0.49545917
 1611 -0.5466626 -0.13905478
 7662 -0.2565119 0.83628094
 1112 -0.48107386 -0.8686465
 1629 -0.060927417 0.0009122826
 5182 -0.2565999 -0.7485407
 4910 -0.5917635 -0.6049775
 4292 1.016022 1.2486315
 3540 0.18890813 -0.4725127
 892 -0.49895847 -0.43061027
 4871 1.0522128 1.116234
 2543 2.2139242 1.0394129
 200 0.007835314 0.040824495
 5054 -0.29038924 -0.284096
 2968 0.78893095 0.54186594
 2963 -0.7406262 -0.3042142
 891 -1.0770307 -1.1863765
 1456 -0.28020996 0.20241445
 7646 -1.169198 -0.48774776
 1009 0.33208755 0.36038682
 10703 1.727423 1.9215579
 4291 1.080973 -0.1551219
 1624 1.2017815 1.0484699
 7648 -0.94254535 -0.33204883
 5660 -0.6124036 0.18386373
 2592 -0.32801083 -1.1285838
 5189 -0.92696655 0.47309014
 10108 -1.1565645 -1.1011486
 9272 0.88815826 0.96356547
 1042 -0.2372136 -0.42668504
 1445 -0.68859196 -0.26384795
 283 1.3805385 1.6652141
 10115 -1.6072048 -1.0362853
 10715 -0.8875893 -0.6575074
 2546 1.1238402 1.4390582
 5290 0.702258 0.114537396
 10501 1.3514991 1.3569199
 3533 1.3196814 1.0932932
 2598 -0.6820093 0.60462856
 1452 0.73232096 0.7739615
 5061 -1.081975 -0.91815805
 1006 -0.6693152 -0.33546433
 4294 -0.49259308 -0.3927129
 7544 0.4992955 0.3332651
 7661 1.6955067 1.3942116
 2787 -0.5994023 -0.6138153
 346 -1.0200453 -1.2053405
 2590 -0.79542965 -0.47744736
 4875 1.0883296 0.6177738
 300 1.6953512 1.4438258
 5180 -0.41013464 -0.40766358
 7546 -1.0952948 -0.8633188
 7854 -0.48112613 -0.46396574
 7857 -0.7287921 -0.5650151
 2970 -1.1688612 -0.8091483
 2541 -0.5846931 -0.6672863
 2360 2.0142057 0.68189085
 2587 -0.29416144 -1.0103048
 2956 1.3491439 1.6804878
 4290 -0.41536638 -0.5538353
 1111 -0.53041863 -0.58031493
 10486 1.1844227 0.84952056
 10710 -0.48427764 -0.5655621
 1632 -0.48662055 -0.3029903
 2961 -1.3180681 -0.8739487
 5063 1.373061 1.1745812
 10380 0.7297205 0.6506736
 4918 -0.34283558 -0.36627004
 10107 -1.2021412 -0.48026595
 4030 0.5412027 0.40904224
 7651 1.5144324 0.95062727
 4870 -0.2162224 -0.09983159
 9468 -1.3863839 -0.9021024
 5027 0.41864365 1.0007397
 7660 1.3480922 1.6130005
 4031 -1.0074896 -1.0946693
 5370 1.4303416 1.632579
 1612 1.45899 0.91678256
 2786 -1.1767242 -0.16318429
 5287 2.0168338 2.0306187
 5664 -0.88356906 -0.7444308
 339 -0.3446926 -0.07266449
 11075 -0.5074348 -0.080072
 7653 -0.5892565 0.4157029
 4873 -0.5566072 -0.40480715
 10110 1.1107445 0.5765407
 2791 0.95154256 0.8236939
 11080 0.4761851 0.31800884
 6063 -1.0533414 -0.9438724
 5057 0.36838755 0.35196948
 5289 1.7410014 0.84466475
 2538 -0.5113578 -0.021966401
 10713 -0.44082654 -0.2652597
 1036 1.138631 0.8542862
 340 -0.953486 -0.7910408
 9472 1.051871 0.92316926
 5718 1.310401 1.5946987
 5666 0.06337037 0.06311984
 3603 -0.29593867 -0.34408954
 9269 -1.5333731 -0.3954974
 2586 1.8756108 1.3618643
 6474 0.5909257 0.5514295
 3607 0.38916788 0.04538714
 9156 -1.116842 -1.013567
 10122 -0.39452326 -0.2893793
 10384 -0.4310172 -0.8359649
 11077 -1.3107717 -1.0082732
 10716 0.92135715 1.426256
 5059 -0.45008537 -0.098022945
 9161 0.38302436 0.3249408
 2784 -0.6061995 -0.590672
 5297 -0.6390574 -0.5999582
 1120 -0.0038117876 0.013268162
 7547 0.854379 0.9057141
 203 -0.38574713 -0.49797866
 1125 -1.322191 -1.0096557
 1458 -1.39856 -0.7632727
 1455 0.6065462 -0.02960229
 9469 -0.07031643 0.29353133
 9167 -1.0890464 -1.0141265
 10706 -1.5064809 -1.3821036
 10116 -0.5070488 -0.510867
 6060 -0.5820224 -0.77833676
 10109 0.66492385 0.7082784
 5286 1.2788941 0.79957783
 9267 -0.49204895 -0.36190894
 5369 -0.26535726 -0.24505445
 5191 0.002761252 -0.8279197
 5716 0.5671753 0.52192664
 1040 1.4428184 1.5857247
 9262 -1.1132128 -1.004084
 5864 -0.56771934 -0.4449874
 288 -0.19213425 -0.08983671
 6056 -0.14234115 -0.35492936
 2540 -0.88133895 -1.0990171
 4917 -0.3758351 -0.63727546
 9263 0.37166283 -0.19041863
 2547 0.4840348 0.58583295
 343 -0.7319404 -0.353341
 7844 -0.3060758 -0.93303925
 2779 -0.6191925 -0.4450042
 10490 1.7877433 2.0199902
 207 -0.5779459 -0.47251704
 5024 -0.5046248 -0.49776885
 10121 -0.6216028 -0.85735154
 6059 -0.5671198 -0.40204754
 5285 0.12973382 0.024775717
 4293 -1.4560924 -1.085568
 6473 0.9849147 0.35981593
 1039 -1.0876175 -0.6252513
 2780 -1.3958724 -0.8655426
 1005 2.5397446 1.6368338
 3541 -0.55654854 -0.46284285
 5870 0.72032046 1.1694438
 1614 -0.17748828 -0.09755201
 2535 1.3005426 1.055786
 1119 1.4912584 1.4791398
 6062 -0.29962242 -0.45908347
 3537 -0.555777 -0.6074697
 5719 1.0379611 1.1473039
 5866 -0.3124247 -0.4319666
 10386 0.6278665 0.80221653
 5030 1.016335 1.0486689
 9816 -0.053640645 -0.07377933
 9818 1.3410219 1.5154594
 9821 0.37288448 1.1010507
 4624 1.0001497 0.07902148
 4628 -0.029861908 0.005101621
 4626 -0.14989288 -0.108650364
 9811 1.0054609 0.6047126
 9814 1.8035178 1.3422947
 11421 -0.49832815 -0.43767646
 11419 -1.1424966 -0.8894273
 9820 -0.12192022 -0.13279003
 4631 -0.549397 -0.43814078
 11418 -0.57141227 -0.3265539
 9815 0.71814805 0.38150322
 11423 -1.6333586 -1.383296
 11424 -0.3943578 -0.5029704
 11422 -0.9025859 -0.9294863
 4625 -0.20635712 0.03293501
 4623 0.36412212 -0.49773464
 9823 -0.1468523 -0.21287772
 11417 -0.6706826 -0.55893993
 4629 0.35928872 0.39710483
 4627 0.81399184 0.364755
 11416 -0.18186831 0.06465178
 9812 0.37357208 0.03851553
 9822 -0.14869049 -0.41589883
 11425 1.6792713 0.8238577
 4630 -0.94065994 -1.2053849
 9813 -0.551287 -0.479068
 11420 -0.320284 -0.3318294
 9819 -0.2079221 0.06634486
 9817 -1.1338053 -0.9039141
 8588 0.015733138 -0.008029327
 8589 0.19360676 -0.77296984
 8585 1.9517488 1.6772732
 8584 -0.032665044 -0.9748393
 8587 -0.97900397 -0.94624025
 8582 0.064037345 -0.13392717
 8581 -0.02296157 -0.048618108
 8583 0.96055156 0.30930367
 8586 -0.44433334 -0.15373284
 8590 -0.75832653 -0.60646886
 7309 -1.1411535 -0.39846176
 7310 -0.41377527 -0.09192645
 7300 0.14532319 -0.27779505
 7308 1.1566187 -0.20990247
 7301 -2.1979675 -1.3137903
 7299 0.2688206 0.40309772
 7306 -2.4000993 -1.658381
 7307 -0.19259861 -0.009395827
 7305 -1.0273045 -0.2613391
 7304 1.0296379 -0.057994
 7302 -1.5914894 -0.8983722
 7303 0.24136822 0.6364569
 4071 -1.2863957 -0.4099455
 4069 -1.1639379 -0.50250417
 4070 -0.14905675 -0.152123
 1547 1.2407284 0.95411646
 1535 0.7125652 0.63916385
 1541 0.3555376 0.34250247
 1542 0.30875528 0.231298
 1533 0.8341419 0.5358261
 1544 1.7608438 1.2947966
 1536 0.797874 -0.18550465
 1531 2.5992324 2.14467
 1548 -0.38397816 -0.25074446
 1532 1.1036117 1.2261448
 1537 0.66656077 0.8313786
 1538 0.47102168 0.8030472
 1540 0.44857138 -0.032230087
 1539 0.10324272 -0.0014751107
 1543 0.5953383 0.47643486
 1545 -0.76231873 -0.6131568
 1534 0.8315606 0.77308774
 1546 -0.041093696 0.19445169
 8377 -0.55290514 0.89566255
 8359 -0.53226876 -1.0129806
 4601 2.0742428 1.7182015
 8376 -0.83132946 0.119882144
 8363 0.97792274 0.044118084
 4604 -0.32344055 -0.34504822
 8367 0.75606346 1.438508
 4602 0.2932292 0.32331204
 8360 0.17069212 0.1545572
 8375 1.5315937 1.269885
 4600 -0.75728595 1.4533545
 8368 2.1921065 1.0346915
 4603 0.9475338 1.164966
 8366 0.42739868 1.0584925
 8370 1.0519855 0.33102956
 8374 0.5726588 0.8557979
 8362 2.1183357 1.2469885
 8373 1.7171612 0.6837293
 8365 1.1737758 0.067442715
 8361 -0.23256172 -0.181122
 8364 1.2761326 0.6929074
 8369 -0.93988156 -0.64303774
 8371 -0.3585767 0.036608364
 8372 0.24607694 0.3274076
 8378 0.47347185 0.61015785
 4608 1.5631808 0.78107446
 4606 -0.8279726 1.1025463
 4607 2.4985552 1.6831757
 4605 0.5574105 0.84446615
 8358 -0.7811683 -0.73996866
 3429 0.25155944 0.27299106
 3430 0.6826237 -0.31619808
 3432 -0.79258573 -0.7192493
 3431 0.7318928 0.538992
 11651 -1.4851614 -1.2417885
 11658 -1.6681696 -2.2933385
 2687 0.16457702 -0.10021988
 2692 -1.2537881 -1.2805437
 2690 -1.6706941 -2.2945096
 11656 -0.9451885 -1.3250082
 11650 0.2991545 0.82095194
 11654 -1.6632423 -2.4081478
 11653 -1.245194 -1.2716854
 11657 -1.7100773 -2.6828668
 2691 -1.5200694 -1.4665376
 2693 -1.439053 -1.1773461
 2689 -2.2931669 -2.1631901
 11655 0.36595985 0.32831797
 11652 -2.3159196 -2.458297
 2688 -0.40127003 -0.83690107
 2027 -0.45534188 0.44091555
 2033 1.306952 1.4879942
 2029 0.23345114 0.9898714
 2032 -0.2131731 0.416066
 2031 0.32682416 0.4341363
 2034 2.1060834 2.1647003
 2035 -0.033436075 0.7550949
 2030 0.75456405 1.0078745
 2028 -0.06428201 0.1417819
 9804 -1.5431728 -1.0052804
 9803 -0.85301006 -0.18176484
 9808 -0.9633032 -0.8608874
 9800 0.20935015 -0.027088307
 9806 0.06768899 0.15123647
 9798 0.02381799 0.6994951
 9799 -0.62880015 -0.26400605
 9807 0.74107003 1.0554324
 9802 1.2376469 1.6131843
 9805 -0.5489597 -0.46570215
 9797 -0.8700842 -0.7851528
 9801 1.400385 1.0827276
 9810 0.34762833 0.23866552
 9809 -0.7634038 -0.57069075
 9964 -1.7105967 -1.2956995
 9965 -1.7679558 -0.043067917
 9963 -0.11149109 -0.9748775
 9962 -1.3166369 -1.1258506
 3161 0.3214755 -0.6512659
 9466 1.80172 1.412917
 2048 -0.41242665 -0.41691682
 3160 2.5216928 1.5291446
 11196 0.6967466 0.7822442
 187 0.10511896 -0.35230199
 8270 -0.36328128 -0.450552
 9462 -1.6706597 -1.6989493
 3158 -1.1221788 -0.22582167
 3102 0.18262756 -0.0037213191
 8269 0.27873495 -1.0881146
 5724 1.6315389 0.10276239
 5725 0.2203862 -0.033592865
 11198 0.400462 0.25851676
 185 -0.7739026 -0.77532554
 4457 0.24139482 -0.09099392
 4463 0.6512341 0.44964072
 11193 -0.5551674 -0.8584152
 3157 -0.5873207 -0.7315758
 4041 2.505596 -0.98765934
 11197 0.70038587 0.46724805
 11202 -0.13566223 -0.026715882
 6654 0.22209696 0.64986837
 6648 0.24425478 0.008231811
 2049 1.7480428 1.3866249
 11201 0.42283022 0.64875114
 4460 0.010655867 -0.52625954
 9464 3.4866574 3.0362613
 5721 0.9666139 0.17602363
 4042 0.6406564 0.092761576
 2060 0.24707352 0.46041617
 3061 -0.38110855 -0.40960723
 2051 1.8847601 1.1081606
 4034 0.48154157 0.40890712
 11194 0.05349683 0.09914579
 2059 -1.4473932 -0.32490864
 183 0.31562307 -0.08267837
 4456 -1.016648 -0.9480984
 9458 1.0320051 1.5790814
 3095 0.35498798 0.2953678
 3097 -0.28123403 -0.024350278
 11199 2.842868 2.1284666
 3063 -0.643464 -0.18016788
 188 0.3537214 0.08610853
 2055 -0.73287 -0.7860111
 9465 -0.074310035 -0.13306916
 4040 0.10762871 0.2117782
 9459 2.700154 3.1856468
 9460 -0.8255632 -0.82987833
 5729 -1.4095644 -0.47996542
 5726 0.6757279 1.055684
 5727 0.3428733 -0.0671434
 3092 0.42036402 0.2517925
 3060 -1.2476624 -0.14720494
 3062 -0.07204369 -0.13892573
 6651 -0.5503491 -0.8854289
 6656 0.39891124 0.7202925
 3093 -0.46813133 -0.45596632
 191 2.3670459 1.7029482
 5730 -0.2632101 0.23592749
 6653 0.6056358 0.5027999
 3096 0.21155003 -0.9548145
 186 -0.09003279 -0.24905512
 8267 -0.21533677 -0.7802699
 9457 0.2999315 0.96101844
 3067 -0.29898888 -0.4234241
 9456 1.7999455 1.2927164
 3162 -0.3115441 -0.4154299
 2057 0.2296079 0.82112294
 3099 2.1594527 1.3027242
 4037 -0.46014962 -1.1054431
 2058 0.9265105 0.26887655
 2052 0.53773123 0.86270297
 4036 -0.6004278 -0.49763855
 3094 -0.010571855 -0.9351078
 5722 0.21343957 -0.1539644
 3068 0.1500154 0.4751216
 5728 0.24215713 -0.27702633
 4462 -0.92871535 -0.9303386
 8268 -1.3029486 -1.2990144
 3101 0.3432666 -0.060201265
 11192 0.014445485 0.22274134
 3100 0.43863827 0.7202126
 3098 0.058555305 -0.55034244
 3156 -1.3292063 -1.3681592
 2050 0.23694876 -0.2852471
 9454 -0.85353404 -0.79878616
 3064 -0.17442386 -0.32989803
 4033 -0.64187706 -0.45292476
 2053 0.50572324 -0.13596374
 3065 -0.6742458 -0.83412695
 9463 -0.28417605 -0.36171272
 5723 -0.7086288 -0.80230314
 3155 0.5577529 0.3691769
 4458 -0.39260945 -0.7961822
 184 -1.5009998 -1.0366937
 11205 1.9579474 0.25063506
 5732 0.14506419 -0.55140156
 4038 0.29125026 -0.13123196
 11203 0.27635857 -0.22491011
 11195 0.41170663 -0.050870888
 2056 0.5219608 0.6502638
 189 1.2419986 0.7003525
 5731 -0.41834006 -0.39635453
 6657 -1.0363841 -1.0158056
 6650 -0.44559073 -0.89429116
 11206 0.42817155 0.11161109
 9461 1.9269873 0.00029312074
 2054 0.24241155 -0.32452258
 4459 -0.51296544 -1.0756496
 3163 -0.592838 -0.7684374
 6652 0.67154956 -1.1153942
 6649 0.0975929 0.7368226
 3070 1.0371466 0.3308272
 6655 -0.32893223 -0.70469403
 11200 -0.2182999 -0.015669785
 11204 -0.60314196 -0.7420152
 4035 -1.9766656 -1.2840782
 192 1.3466891 1.0804027
 3091 -0.05483295 -0.62286186
 4461 0.2753432 0.55421185
 3159 0.635531 0.12170944
 8266 0.26999778 0.93510675
 4039 -0.21632189 -1.0963767
 6647 -0.1810464 -1.0549674
 3090 -1.4651916 -0.6009368
 3069 -0.741736 -0.8344066
 190 -0.111995794 -1.1142465
 9455 0.33671924 0.5830357
 11207 -0.80817646 -0.9999242
 3066 2.2174263 2.5791907
 3395 -1.5406749 -1.3899503
 3396 2.8683975 0.7308195
 5493 -0.5174147 -0.45012763
 5491 -1.3783133 -1.1238658
 5492 -1.4241811 -0.6836469
 3397 2.9377131 0.6133406
 3398 -0.6695311 -0.28157488
 5567 -0.6870783 -0.28210297
 5566 -1.539534 -1.5924853
 5490 -0.5982646 -0.48164108
 5565 -1.5405062 -1.2095833
 11360 -0.07580351 -0.35979775
 11355 -0.9939154 -0.6936772
 11349 0.849426 0.4418945
 11346 1.9956299 1.1871831
 11348 0.06397042 0.11995802
 11351 -0.53517365 -0.053155072
 11358 0.17570476 0.15788251
 11352 -0.7582509 -0.70869446
 11347 0.3674061 0.5673324
 11359 1.3016707 1.6496702
 11350 -0.97400737 -1.178579
 11357 0.4499544 0.39319855
 11353 2.030617 1.5664415
 11354 1.8896257 1.2979386
 11356 -0.5036149 -0.43313593
 11314 -1.4029621 -0.30996093
 5597 0.08833178 0.21630824
 8971 1.457812 -0.35039195
 5595 -0.7175424 -0.65299773
 5601 -1.3286462 -1.2349602
 8966 -0.7140191 -0.80361897
 5602 -0.7707208 -1.2754436
 8964 -1.0043674 -0.85365605
 5603 -0.813498 -0.6875957
 5604 1.1863604 0.23971441
 5593 -1.6202248 -1.3428653
 11306 1.187548 0.07319704
 11304 -1.215571 -0.88571805
 5592 -1.0274755 -0.94420385
 11315 -0.7329585 -0.6689441
 8969 -1.2780464 -0.78244233
 8965 -1.4044679 -1.1302551
 11309 1.3288403 1.017611
 8963 -0.7753768 -1.3044924
 11312 -1.9057786 -1.1598231
 11310 -1.3129867 -0.34010738
 11311 -0.8046949 -0.67955756
 5599 -1.8861874 -1.1530657
 11316 -2.2196577 -1.699031
 8962 -1.391094 -0.8509158
 8977 -1.8030492 -1.8328329
 11307 -0.7841795 -1.1201826
 8970 -2.2967649 -1.9388983
 11319 1.0193197 0.16161068
 8976 0.19565262 -0.17168465
 5607 -2.1580682 -1.9964017
 5605 -1.2497147 -0.7955498
 8975 0.401757 -0.04162085
 8968 1.1762626 0.416671
 5606 1.5077865 0.49736592
 11313 -1.6222404 -1.2345525
 8974 -1.8638624 -1.555997
 11320 0.08485663 -1.0055743
 5596 -1.3855408 -0.22367612
 5600 1.010567 -1.1144707
 11305 -1.8817382 -1.2852675
 5598 -1.9701692 -1.2604957
 8967 -1.070453 -1.2832009
 5591 -1.0509604 -1.0173458
 11308 -1.3700739 -1.3074182
 5594 -1.2860711 -0.9104098
 8972 0.12466388 -0.5099286
 5590 -1.3922675 -1.271052
 8973 -0.0489003 -0.6044941
 11318 0.42853644 -1.0265626
 11317 0.90805477 -0.50630116
 8978 -0.4533657 -0.39454946
 5996 1.5513119 1.1460222
 5998 1.1825455 1.6985663
 8993 -0.34141865 0.38915464
 5995 -0.338291 -0.08040271
 8984 0.49089253 0.65832984
 5989 2.2401874 0.69373417
 5987 -0.43601698 -0.18983725
 5993 1.68997 1.2723151
 8986 1.4359672 -0.38527068
 8981 0.23536314 0.96243256
 5988 0.45623955 0.37054923
 8988 1.8443931 0.5391256
 8985 1.9938473 2.0862262
 8990 -0.59374565 -0.44844145
 5991 0.112827465 0.4250246
 5994 1.1645372 0.5755486
 8979 0.6931275 1.25482
 5999 1.9358524 2.0278745
 8980 1.2157811 2.0191672
 8983 -1.4241183 0.7095164
 6000 0.30857697 1.10837
 5992 -0.005494126 0.5184209
 5990 -0.47053245 -0.23399615
 8982 -0.4821823 -0.3572378
 5997 1.0869278 1.0900807
 8987 -0.46325666 -0.2715797
 8992 -0.33997652 -0.10019071
 8991 1.0951506 1.2007147
 8989 1.5748385 0.92463624
 4223 -0.6545812 -0.51699764
 4224 -0.9175014 -0.9009304
 4221 -1.2326598 -1.2492609
 4225 -0.7231615 -0.50122964
 4220 -1.2941239 -1.2736188
 4222 -0.819097 -0.8347089
 4219 -1.2709695 -1.4455471
 5747 -0.9413677 -0.73216534
 10891 -0.17259254 -0.2520372
 10895 -0.55541855 -0.12259642
 10896 0.9081134 1.9121733
 10890 -0.8967064 -0.6657558
 5755 -1.8927362 -0.86068773
 5750 1.3881507 1.081592
 5748 -0.39476714 -0.158133
 5744 -1.2146621 -1.0985808
 5746 -0.84011155 -0.89308834
 10892 -0.48374087 -0.5069456
 5754 0.8617254 0.86587125
 10901 -1.1519988 -0.3914829
 5745 -0.40408692 -0.3125212
 5753 -0.4700603 -0.50643677
 10893 -0.82971084 -0.3103777
 10887 0.90762615 0.8915342
 10897 0.5979718 0.775193
 5749 -0.49558783 -0.29387918
 10900 0.20847231 0.047090225
 10889 -0.41977257 -0.28403524
 10894 -0.8436316 -0.79804254
 5751 0.31851193 1.1535032
 10898 -0.031708356 -0.17294252
 10899 -1.8902677 -0.9452098
 10888 1.3625264 1.2055917
 5752 -0.9043361 -0.6484804
 10886 1.0184395 1.359173
 11582 -0.40774727 -0.14562511
 11584 0.25593445 0.48047957
 11588 -0.23345423 -0.03545343
 11585 -0.08148495 -0.079959475
 11583 -0.48625475 -0.12755898
 11587 -0.8701887 -1.2565798
 11586 0.17687552 0.1645566
 11581 -0.5325851 -0.56972134
 11589 -1.2913932 -0.9765352
 10341 0.88251716 0.8242446
 9625 -0.015010113 -0.47135356
 9402 -1.638808 -1.2346163
 81 -0.52128816 -0.3764436
 11862 -1.0433279 -0.93387645
 83 1.6590439 1.2608587
 9400 -0.908624 -0.48807213
 8639 1.3259073 0.38459185
 11106 -0.9470872 -0.45497057
 7196 0.7098111 0.30075607
 10335 1.2426834 1.3140517
 8255 0.93980837 1.3084927
 11097 -0.5206496 -0.20646113
 7224 4.6051307 1.5292755
 796 1.9832764 1.6973048
 87 -0.8441964 -0.82963586
 798 -0.007690793 -0.5597296
 11105 -1.0341085 -1.0314256
 4272 0.44930804 0.7915391
 76 -1.6469195 -1.2835528
 9408 2.2039456 1.9761453
 11109 -1.5124406 -1.2053814
 9630 0.35919794 1.2010685
 84 -1.7074548 -1.2053221
 11863 -1.687759 -1.1827445
 1937 0.7402724 0.99692035
 11865 2.0266056 2.293533
 8257 -0.037205983 0.40770742
 8262 -0.4721011 -0.23114797
 11110 0.37072495 0.39265367
 1932 0.13579804 -0.08226476
 8254 -0.597775 0.12348958
 2468 -0.7336117 -0.8603264
 7443 0.014341885 -0.76035607
 11798 0.69545394 0.5374605
 11797 0.9928584 0.2743111
 4269 2.3817556 1.5954589
 11107 0.63777214 1.6121882
 8265 -0.603555 0.4009337
 2465 2.4360685 1.8121232
 1256 0.41191977 0.46014085
 11098 0.8274822 0.04530727
 8258 2.7756796 1.7229248
 2462 1.3924276 0.14371878
 1254 3.2075963 2.2745645
 9634 1.8640312 2.0827916
 1927 -0.6720977 0.34060615
 9397 -1.3608701 -1.5270923
 7197 0.51280236 0.6900436
 10345 -0.24328056 0.36074218
 11866 0.4545554 -0.6010028
 4115 1.1143218 0.8323158
 1940 0.78656334 0.5665278
 1258 1.5052552 1.888383
 1259 1.0480354 0.89409024
 11808 1.2157431 1.2138145
 1261 -1.5119125 -1.3115451
 10338 -1.2635685 -0.94048065
 10336 0.7801113 -0.3943078
 1936 0.7504659 0.6240356
 8648 -1.1203222 -1.137669
 9632 0.79381204 -0.00083109736
 7201 -0.6164118 0.15480009
 7200 0.51609915 0.8173193
 4122 3.3165963 1.2049176
 2469 0.68314075 0.64971566
 2466 -0.4520817 -0.26741004
 7199 0.33723998 0.37825266
 7221 -1.1238396 -1.1042671
 789 -1.5624886 -1.4288489
 790 1.8276367 0.22238263
 7220 0.26125786 0.6836746
 11809 2.2837 1.6313969
 2464 1.1558491 0.3407378
 7436 -0.50141686 -0.78855693
 7441 0.23295149 0.8042023
 8264 -1.7096895 -1.2911478
 4119 0.18434611 -0.26887804
 7442 -0.66564566 -0.31374994
 9629 -1.2121266 0.18497273
 9623 0.08068425 -0.65133655
 4120 -1.474609 -1.458677
 10346 -1.0430717 -0.99022865
 797 -0.65077186 -0.3015783
 9407 -0.91776913 -0.9223621
 11868 -0.28904337 -0.23375589
 7195 1.4486572 1.4397429
 10349 -1.5237687 -1.0853096
 4267 -1.2139987 -1.0822738
 7198 -0.07292061 0.9818467
 8261 -0.65472925 0.000983987
 9627 -0.4127058 -0.25311667
 11858 -0.5482748 -0.26800808
 9406 0.42778373 0.48952264
 9405 1.5901936 1.1217114
 794 0.8325182 -0.731341
 11800 -0.16611896 -0.029827066
 11799 0.4254115 0.91217005
 8651 -2.4823396 -1.2970408
 80 0.19836865 0.36098006
 8646 0.10705984 -0.11644349
 11805 0.12982458 -0.04887513
 787 -1.3903083 -1.15574
 1928 -0.1484214 0.18703619
 7227 0.6461921 0.5901367
 9621 1.481459 1.4634705
 1933 -1.0239426 -0.29707998
 4121 -1.4948369 -1.3396288
 88 -0.58926845 0.08697192
 1255 -0.026762187 0.3615388
 1263 0.60108024 0.83603776
 1253 1.8099556 0.52953994
 11861 -0.22234575 -0.14618602
 7193 0.98346114 1.3062555
 7191 1.0445855 1.1673638
 9409 -1.6389657 -1.7056556
 8650 -0.37444752 -0.13682163
 11804 -0.8624596 -0.37147966
 10347 1.5902445 1.1455582
 11807 0.846709 0.41041264
 4277 0.6262007 0.26635247
 10339 2.593596 2.436259
 7194 -0.76663184 -0.86347246
 7190 -1.0964276 -0.49875644
 11856 0.3148892 0.5260247
 2470 -1.6011099 -1.3367513
 85 -0.8929691 -0.8432682
 4276 0.25252852 -0.28610167
 11111 -1.7614138 -1.339029
 10343 1.6233829 1.7325386
 11811 1.1185703 0.9750305
 1257 -0.54475063 -0.33596265
 7440 -0.19083652 0.40053383
 8653 1.1917925 0.19325033
 4271 -0.2250728 0.5318844
 86 0.8303147 1.5823858
 4274 -0.39841464 -0.59758735
 11801 2.1828005 0.94649756
 1931 1.7433552 1.2401814
 1935 0.994097 0.5081546
 8641 1.0540175 0.8193857
 2463 -1.6657956 -1.389321
 8649 1.2805929 0.17447942
 1939 1.2254819 1.1985718
 11857 1.8724974 0.85900587
 10340 0.41872248 0.8752649
 4123 0.9461705 0.29614255
 7229 -1.2980373 -0.9096986
 7228 0.5344848 0.50856346
 7188 1.597843 1.174801
 11103 0.9541875 1.9367723
 8260 0.50929743 0.3686672
 10337 0.16100423 0.68041503
 9399 -0.2877617 -0.20152584
 9631 1.3718004 0.23102891
 4268 0.4452608 0.4908069
 11102 -1.2635049 -0.91206616
 8647 0.45027024 -0.063841216
 11810 0.32492042 0.10262159
 2467 -0.5948747 -0.32248557
 11803 0.3557943 0.9266164
 7222 2.1384697 1.050612
 8256 -1.6457428 -1.2547251
 11806 0.9462526 0.7098756
 1930 0.3618191 0.22066945
 7432 -1.6082863 -1.0802318
 7230 -0.7276777 -0.87380815
 1938 1.2621931 0.7906382
 77 1.0740494 0.25181246
 7439 0.39922294 1.501192
 11864 0.53022486 -0.020493738
 792 -0.24717516 -0.7111841
 9620 -1.5385045 -1.1301373
 1252 -0.8949778 -0.804348
 7192 1.6567317 1.290485
 10348 -1.7824248 -1.7078415
 7189 0.59201807 0.76226896
 8644 -1.2074862 -0.9301146
 8642 0.8487539 0.13775097
 11869 2.1528933 2.2990572
 7202 0.71077055 1.046801
 1934 1.0424548 1.0795153
 7444 0.98358625 1.8662912
 4273 -1.4743844 -1.5187405
 4266 -1.7686846 -1.5964212
 7433 1.7199891 0.2647262
 11101 -1.2379842 0.11092172
 7438 0.69278234 0.29729852
 4270 -1.0274673 -0.92884296
 11099 0.54823095 -1.1170954
 8645 0.6079512 1.0835217
 799 0.66991764 0.6360183
 7434 1.8866162 1.4385998
 793 1.8604891 2.108901
 7225 1.1931851 1.002748
 7445 0.022791626 -0.61574847
 8643 0.34888983 1.1499817
 4275 1.0256274 0.7872057
 11104 -1.466774 -1.4853266
 11100 -0.93808144 -0.9994321
 2471 -1.4898834 -1.4974715
 2472 -0.49866736 0.32942817
 11859 -0.7599066 -0.86150074
 11802 2.2092443 2.2380574
 79 0.86157453 0.23103073
 9404 0.5266273 -0.86940396
 8263 -0.7746933 -0.8141918
 82 -0.23188421 -0.2510145
 9398 -0.37343994 0.4337207
 7226 -1.4102043 -1.408294
 11108 0.25586018 -0.10811519
 78 -0.26341042 -0.1884557
 11867 -1.4622042 -0.9447475
 9401 0.8151063 0.47750738
 7223 -0.007441422 -0.3516915
 1264 0.9419954 0.6538429
 4118 -0.54649895 -0.5492372
 11860 -1.7270542 -1.6366963
 7437 -1.0325211 0.56591403
 4124 -0.16822763 -0.24118134
 800 -1.1353501 0.66848505
 4116 0.43323 0.19242868
 8640 0.0401188 -0.6813531
 8652 -0.46664333 0.61374617
 795 0.9741262 0.44246146
 791 0.82100266 0.09669169
 1260 -1.5495231 -1.2604676
 10344 0.41799042 0.8203709
 788 0.4041526 1.9738518
 4125 -0.8802635 -0.8551389
 9626 0.81111723 0.11835515
 9624 0.80057305 0.48049805
 7435 -1.3357688 -0.94306225
 8259 1.0995686 0.56749725
 4117 -0.7309135 0.34443823
 9628 0.3368742 0.8253908
 9633 -1.4039806 -0.9571238
 11796 -0.68719155 0.28233063
 1929 -0.76823854 -0.28980413
 10342 0.7161742 0.51452935
 1262 -0.65578496 0.16112444
 11812 -1.1283525 -0.22644499
 9635 0.3057037 -0.27358878
 9622 -0.34093413 -0.77324986
 7218 1.0261403 0.6099961
 9403 -1.4172431 -0.9751061
 7219 1.1310769 0.11237408
