 10111 -0.25682178 -0.33595508
 304 0.9075987 0.97362417
 10383 -0.3537749 -0.63142365
 5284 -0.56121874 -0.52911645
 1038 -0.48946494 -0.6706664
 4909 1.0222191 0.93180734
 2539 -0.048169605 -0.4116376
 5295 -1.0693882 -1.1147653
 1108 -0.80049086 -1.0400475
 9168 -1.0582398 -1.1287963
 1126 0.49629387 -0.14570753
 9474 1.5669572 0.46604383
 1109 1.0619181 0.4357472
 5026 -0.9397257 -0.754443
 11071 -0.65664816 -0.57525957
 7850 0.3662977 0.43520933
 302 -0.23766924 -0.26497656
 3605 -0.24157667 -0.21362923
 4914 -0.46336988 -0.5248623
 2534 2.279579 1.463875
 1623 -0.8698839 -0.20998572
 5293 -0.428358 0.07497427
 2781 -0.18946221 -0.11683257
 10708 -0.7760681 -0.45087403
 1448 -0.51251525 -0.52263397
 1117 -0.5102604 -0.73522043
 10502 -0.4573671 -0.54634005
 5062 1.4695796 1.3177869
 7656 -0.2513535 -0.6934102
 10491 -1.1643409 -0.9422005
 4025 0.65536934 0.3182827
 9473 0.535199 0.60628664
 287 -0.90386486 -0.8747148
 4866 1.3777335 1.2924132
 9470 -0.08382464 -0.02839087
 5663 2.4684987 2.0561721
 2964 -0.23810793 -0.37215966
 7556 -0.1682785 -0.4409669
 2589 -0.23977928 -0.3983335
 338 -0.7837023 -0.7290639
 6476 -0.9431633 -0.6603218
 5713 0.9594642 0.38797343
 5292 -0.20210864 -0.17253642
 6058 -1.1254046 -1.0523312
 1449 0.10634977 -0.2244445
 10113 1.0333422 0.44315517
 4868 0.34247127 0.22183147
 2594 0.35698983 0.41868556
 4874 -0.6650855 0.426448
 2959 -0.5153354 -0.59114033
 1626 -0.7488806 -0.5337206
 5868 -1.1112821 -1.0503906
 1630 -0.37609503 -0.29241645
 5052 -0.7943671 -0.6870317
 2359 -0.8682483 -0.7332104
 10709 -1.2233094 -1.0278313
 7842 -0.33749747 -0.6731646
 7649 -0.24980271 -0.5151265
 5056 0.5712611 0.5442148
 9162 -0.02399527 -0.098072276
 1620 -1.0781817 -1.1795812
 5714 -0.54657596 -0.5841924
 10492 -0.080293104 0.24609001
 7847 -0.95828414 -0.71241426
 4027 -0.5036539 -0.51410407
 1622 0.7814668 1.1073955
 2969 -0.29207665 -0.5093078
 10499 0.26521894 0.19682305
 4869 -0.012678675 -0.52873045
 1041 -0.44134456 -0.40452617
 2356 -0.528657 -0.594392
 4916 0.046204098 0.21828887
 11068 -0.8769373 -0.6546373
 2355 0.25418654 0.54395777
 1616 -0.1535578 -0.4525739
 5712 -0.09595765 -0.3321995
 3604 -0.2108733 -0.08718319
 2962 -0.76062995 -0.7225495
 1633 -0.7963304 -0.63311976
 1450 1.2444913 1.1942863
 2966 0.60996133 0.48546135
 5659 1.021587 1.4899862
 1121 0.42166498 -0.6599743
 7548 1.3636554 1.3907177
 5186 0.31754607 -0.020047188
 7843 -0.09516599 -0.44937062
 205 -1.5964617 -1.1871259
 7550 0.92632765 0.5785169
 7553 0.56656843 0.57113254
 286 1.8763287 1.6143689
 4296 0.8068697 0.6090661
 5028 -1.0159022 -0.88828045
 893 -0.22736618 -0.5048594
 5029 -0.52873266 -0.4375555
 5300 -0.50350446 -0.42121863
 7541 2.0234137 2.0634706
 1453 -0.883851 -0.208495
 1635 0.071236566 -0.0004271567
 5717 -1.7005833 -1.1861029
 7845 -1.2386512 -1.1807164
 1451 0.5650846 0.12261437
 4295 -0.1608831 -0.55402035
 7853 -0.038219053 -0.45400888
 4872 -0.5060779 -0.038966373
 9268 0.03989968 -0.24467082
 7858 -0.7484777 -1.1505741
 9264 -0.12309373 0.67296034
 4865 0.16402969 -0.15520446
 7852 -1.4889767 -1.1012973
 2788 -1.4120893 -1.165443
 2960 -1.2251269 -0.83452284
 6057 -0.22745787 -0.15996526
 9158 -1.2116297 -1.677439
 10714 0.47740036 0.14222006
 3602 -0.40557307 -0.5471764
 5871 -0.55847293 -0.59608585
 5181 -1.4427367 -0.9976111
 10712 2.0052764 1.1330591
 5299 -1.0472877 -0.72909766
 10385 0.44757894 0.57354546
 9258 -1.3456525 -1.2121654
 2965 -1.112202 -0.7800761
 2354 -0.14020179 -0.013708338
 10487 0.8091438 0.6915764
 5051 -0.9544501 -0.9759111
 9164 0.12041495 0.117377
 1613 -1.5978653 -1.5630931
 9471 0.43409777 0.47858578
 1619 0.28650075 0.1239252
 7549 -0.61915535 -0.6117282
 11074 1.1912144 0.42732126
 2593 0.40273705 0.2963544
 10387 0.7686783 0.48742652
 6061 1.4017823 1.385246
 4289 1.3520977 1.1379213
 7543 1.2004352 1.0391012
 4912 -1.0493573 -1.0582541
 1634 -1.0408229 -1.0171666
 1116 -0.23232657 -0.18736868
 7542 0.17734125 0.13644183
 7659 1.4650213 1.2336308
 2792 -0.25309497 -0.5106872
 2548 -0.31443158 -0.7126305
 11069 -0.55108666 -0.4196015
 3542 -0.23900549 -0.17915003
 7552 -0.43870232 -0.07846339
 10117 0.6979701 0.86661655
 3539 0.49929917 0.29628676
 3536 -0.66244555 -0.60633135
 10488 -1.4628652 -0.9678765
 9266 -0.62545156 -0.38588983
 7540 0.045096595 -0.5393358
 9165 -0.53989154 -0.6504485
 7654 0.966288 0.88395154
 3601 -1.1220944 -1.1306863
 9261 -0.9436263 -0.83626086
 4907 -0.7086452 -0.84382355
 9166 0.11581762 -0.084003955
 1628 -1.829478 -0.68169504
 3538 -1.1081145 -1.1317953
 1010 -1.3628894 -1.2506967
 1618 1.6426047 2.1034262
 5862 1.3258418 1.0436255
 5060 -0.53372467 -0.53196937
 1617 0.7511755 0.99799544
 2954 -0.59888756 -0.6437625
 5058 -0.16030642 -0.034365296
 201 -0.4893957 -0.4873243
 1627 -1.4418722 -1.0096197
 4297 -0.09217537 -0.5398696
 2544 -0.5774558 -0.39353746
 1113 -0.32015932 -0.6383477
 301 -1.1437535 -0.7185831
 1004 1.2800974 1.2889265
 9467 -0.30779526 -0.7407342
 5865 0.1910067 -0.27407074
 5662 -0.48461366 -0.48526675
 1615 -0.4106774 -0.373029
 5183 -1.0865521 -1.0733126
 1447 -1.0499171 -0.97317916
 10704 -1.1593745 -0.8841445
 5867 1.6425918 1.1893272
 9169 0.41011596 -0.17567961
 2536 -0.9407356 -0.89369327
 7851 1.2389235 1.0166665
 10500 -0.85744745 -0.67277306
 1035 -1.7384552 -1.1457545
 5288 -1.7204615 -1.1877604
 2588 -1.0238591 -1.103165
 202 1.2567532 0.9578255
 2783 0.5454879 0.322845
 7848 1.125588 0.43432802
 299 -0.99767333 -0.7671621
 4032 -1.3316534 -1.150305
 10497 -0.8571027 -0.11070381
 1446 1.4211562 1.4297004
 1444 -0.96367496 -0.6624147
 1621 0.21753998 0.49248743
 1008 -0.4417681 -0.5129147
 11079 -0.29431638 -0.784874
 3600 -0.9487214 -0.7521823
 347 -1.583063 -1.015732
 10112 -0.21058406 -0.9514509
 3534 -1.0325551 -0.9015301
 4908 -0.19813521 -0.21858542
 285 -0.6859942 0.40767854
 10495 1.11258 1.3074462
 342 -0.5298021 -0.6334446
 3606 -1.1897515 -1.6305469
 1107 -0.13474816 0.061519057
 2357 -0.2769145 -0.44539195
 303 -0.5392745 -0.4676926
 7655 1.2561737 0.78630835
 11078 -0.029776646 -0.30002367
 4876 1.2592882 0.75635207
 4913 0.69880027 0.6431749
 4029 -0.5579939 -0.25052428
 10106 -1.1484296 -1.1762936
 7555 -0.87159467 -0.9642016
 1110 -1.3947828 -1.5602489
 2782 -0.5465819 -0.57068133
 284 0.37458745 0.2308906
 10381 0.05011565 0.024993181
 10489 2.0145721 2.488271
 7663 0.4763011 0.45733386
 5667 -1.3474728 -1.1083539
 2591 1.2536851 1.2378669
 9260 -0.6200337 -0.65302134
 5055 -1.1530155 -1.012965
 7657 -0.80047435 -0.69474137
 5720 -0.91751105 -0.4660716
 5869 1.6361874 1.2596527
 305 -0.17383343 -0.41341323
 5190 0.1997081 -0.2982149
 2789 1.7221532 2.1152809
 9163 -0.09546028 -1.0390484
 6475 1.3330594 1.4607791
 307 -0.9454567 -0.729634
 11073 0.2971059 -0.64641327
 4911 -0.0041212095 0.1760942
 5368 1.9023949 1.6614611
 10711 0.0062318207 -0.054405198
 345 0.023041455 0.022834212
 5296 1.0427477 0.67929024
 10379 0.93353736 0.2141925
 7855 -0.95857936 -1.3590276
 7664 -1.0155827 -0.66849214
 2785 0.45134565 0.5949457
 7856 -0.21233653 -0.7441072
 1114 0.344987 -0.42311716
 5187 0.19566867 -1.5945027
 9259 1.1101215 0.9348599
 289 1.0616642 0.6794842
 3535 -0.33516192 -0.6210719
 5371 1.387249 1.2140977
 2958 -0.115380645 0.1590591
 10498 0.7357168 0.88570726
 9271 0.7026197 0.6081767
 4026 -0.11876457 -0.27025503
 5665 -1.1196085 -0.9718128
 1115 -0.5628108 -0.6177891
 2967 1.3654273 1.5190923
 7647 -0.53054655 -0.29712695
 5188 -0.078791834 -0.15407877
 7551 -1.8525527 -1.1858923
 7650 -0.5293804 -0.5182254
 10702 0.029474225 -0.05469477
 894 0.36992458 0.4087503
 337 0.28669006 0.33180624
 5861 -1.0114117 -0.8914524
 306 0.41245565 0.8666738
 5294 0.57713646 0.7471141
 7545 2.0341742 1.4299736
 2542 -0.5640031 -0.28963643
 10707 -0.6136014 0.054693893
 7652 -0.08452737 0.07891981
 341 -0.22925068 -0.17023508
 204 0.97558576 0.74275994
 10494 -0.14280643 -0.27484632
 5184 0.0048075626 -0.21399252
 4915 0.7536211 0.58022785
 5863 -0.23527639 -0.1741647
 10705 1.2111475 0.7519447
 5064 0.52493304 0.59816355
 206 -0.21609223 -0.62125623
 1124 -0.36934915 -1.1508594
 5050 0.48613384 -0.010944948
 7849 -1.3072915 -1.1055772
 7846 -0.2629245 0.0014825016
 2358 -0.25323203 -0.2207248
 11070 1.1223109 1.1299922
 2957 0.5954079 0.5371593
 1625 -0.5987757 -0.6855622
 1037 -0.64457244 -0.45490998
 1454 1.0341175 0.2117908
 1631 0.33437726 0.4203863
 5661 0.3978482 0.756701
 1457 -0.153126 -0.5448541
 5053 -0.5032537 -0.53242904
 2955 0.87868994 0.48159063
 9257 1.239476 1.3445358
 5025 -1.1391717 -0.6635375
 10382 -0.09051916 -0.36365384
 7658 0.4102104 0.9258868
 1118 0.05206524 0.24521501
 2596 -0.04933074 -0.06597625
 2790 -0.45585483 -0.3126446
 10493 -1.5961647 -1.5741706
 10118 -1.6599808 -1.387696
 1011 -0.6941973 -0.23146753
 9157 1.284999 -0.28494567
 5715 -1.4415797 -0.8014785
 2595 -0.56635284 -0.7355636
 11076 -1.0374444 -1.0376722
 10496 1.4514351 0.34367782
 344 -1.3838191 -1.0977167
 1122 0.66274273 0.4244535
 9159 -0.16639172 -0.22188209
 10119 0.027256012 0.094554536
 9265 0.35643974 0.35969454
 9160 -0.22691832 -0.11283712
 5049 0.13143541 -0.3795547
 1123 -1.1571957 -1.1327916
 11072 -0.8614066 -0.7823706
 290 -0.541446 -0.46086937
 7554 -0.4963286 -0.4992394
 2549 1.2297491 0.7846536
 10114 -1.2085758 -0.94737726
 2599 -1.1581662 -1.0225446
 5031 -1.0150707 -0.8558661
 5185 -0.8596276 -0.79868585
 4028 -0.8889718 -0.48922884
 298 1.3660814 1.3018229
 2597 -0.18537739 -0.5909405
 5298 1.7059972 1.1043972
 1007 -1.0802977 -1.0376179
 2585 0.9618002 0.7829883
 9270 0.5983793 0.7670966
 4867 -0.920344 -0.90985626
 2537 1.5671327 1.3752066
 3599 -0.102789685 -0.5269593
 5291 -0.08039258 0.10873658
 10120 0.12109751 0.3501355
 2545 -0.25537965 -0.21007533
 6477 -1.1036528 -0.09049381
 1611 -0.5466626 -0.30979812
 7662 -0.2565119 0.53212595
 1112 -0.48107386 -0.89808375
 1629 -0.060927417 -0.06309013
 5182 -0.2565999 -0.77865624
 4910 -0.5917635 -0.6538265
 4292 1.016022 0.4747507
 3540 0.18890813 -0.6624045
 892 -0.49895847 -0.39414
 4871 1.0522128 0.7755817
 2543 2.2139242 1.3442721
 200 0.007835314 -0.050675094
 5054 -0.29038924 -0.494981
 2968 0.78893095 0.4789207
 2963 -0.7406262 -0.5059733
 891 -1.0770307 -0.8970632
 1456 -0.28020996 -0.3252985
 7646 -1.169198 -0.81086046
 1009 0.33208755 -0.11117329
 10703 1.727423 1.0979109
 4291 1.080973 0.7454862
 1624 1.2017815 1.1232632
 7648 -0.94254535 -0.78404576
 5660 -0.6124036 -0.3091405
 2592 -0.32801083 -0.3818642
 5189 -0.92696655 -0.6491358
 10108 -1.1565645 -1.1202748
 9272 0.88815826 0.95080054
 1042 -0.2372136 -0.50607157
 1445 -0.68859196 -0.45885116
 283 1.3805385 1.3138801
 10115 -1.6072048 -1.2203346
 10715 -0.8875893 -0.5095191
 2546 1.1238402 1.1814446
 5290 0.702258 -0.48138368
 10501 1.3514991 0.8783185
 3533 1.3196814 1.1613059
 2598 -0.6820093 -0.43088394
 1452 0.73232096 0.32553074
 5061 -1.081975 -0.96652037
 1006 -0.6693152 -0.46218914
 4294 -0.49259308 -0.54427093
 7544 0.4992955 0.14843217
 7661 1.6955067 1.4593117
 2787 -0.5994023 -0.61238796
 346 -1.0200453 -1.0192704
 2590 -0.79542965 -0.8194299
 4875 1.0883296 0.4605617
 300 1.6953512 1.4072962
 5180 -0.41013464 -0.3040911
 7546 -1.0952948 -0.77783984
 7854 -0.48112613 -0.6022714
 7857 -0.7287921 -0.6938064
 2970 -1.1688612 -0.8767677
 2541 -0.5846931 -0.65976816
 2360 2.0142057 0.59059525
 2587 -0.29416144 -0.071318194
 2956 1.3491439 1.2567849
 4290 -0.41536638 -0.24545555
 1111 -0.53041863 -0.5879756
 10486 1.1844227 0.65369815
 10710 -0.48427764 -0.580945
 1632 -0.48662055 -0.52513117
 2961 -1.3180681 -0.71500736
 5063 1.373061 1.232383
 10380 0.7297205 0.5338646
 4918 -0.34283558 -0.50098866
 10107 -1.2021412 -0.069473684
 4030 0.5412027 0.49821138
 7651 1.5144324 0.7005535
 4870 -0.2162224 -0.4686814
 9468 -1.3863839 -1.3254921
 5027 0.41864365 0.561213
 7660 1.3480922 1.1530935
 4031 -1.0074896 -0.90715295
 5370 1.4303416 1.3870685
 1612 1.45899 0.4474808
 2786 -1.1767242 -0.41418558
 5287 2.0168338 2.1241543
 5664 -0.88356906 -0.86847717
 339 -0.3446926 -0.28126043
 11075 -0.5074348 -0.30125576
 7653 -0.5892565 0.16007209
 4873 -0.5566072 -0.50321275
 10110 1.1107445 1.1452854
 2791 0.95154256 0.68888026
 11080 0.4761851 0.41965568
 6063 -1.0533414 -1.0131345
 5057 0.36838755 0.5640651
 5289 1.7410014 1.116062
 2538 -0.5113578 -0.3353294
 10713 -0.44082654 -0.7934648
 1036 1.138631 0.22025912
 340 -0.953486 -0.71650213
 9472 1.051871 0.7538148
 5718 1.310401 1.0202351
 5666 0.06337037 -0.23817693
 3603 -0.29593867 -0.48167747
 9269 -1.5333731 -0.6840018
 2586 1.8756108 0.993678
 6474 0.5909257 0.4571615
 3607 0.38916788 -0.24512725
 9156 -1.116842 -1.1566241
 10122 -0.39452326 -0.6614184
 10384 -0.4310172 -0.24087687
 11077 -1.3107717 -1.1529841
 10716 0.92135715 1.0818722
 5059 -0.45008537 -0.08061421
 9161 0.38302436 -0.09871973
 2784 -0.6061995 -0.67023736
 5297 -0.6390574 -0.7271816
 1120 -0.0038117876 0.011054099
 7547 0.854379 0.77177405
 203 -0.38574713 -0.43764776
 1125 -1.322191 -0.9452346
 1458 -1.39856 -1.3172461
 1455 0.6065462 -0.24958949
 9469 -0.07031643 0.3282284
 9167 -1.0890464 -1.0652863
 10706 -1.5064809 -1.0433416
 10116 -0.5070488 -0.6456706
 6060 -0.5820224 -0.54354805
 10109 0.66492385 0.46255505
 5286 1.2788941 1.1446875
 9267 -0.49204895 -0.4270032
 5369 -0.26535726 -0.22686325
 5191 0.002761252 -0.6170998
 5716 0.5671753 0.27325374
 1040 1.4428184 1.092274
 9262 -1.1132128 -1.0681427
 5864 -0.56771934 -0.42316526
 288 -0.19213425 -0.20625184
 6056 -0.14234115 -0.44006348
 2540 -0.88133895 -1.0776466
 4917 -0.3758351 -0.104633585
 9263 0.37166283 -0.2497312
 2547 0.4840348 0.46622854
 343 -0.7319404 -0.6033979
 7844 -0.3060758 -0.9652167
 2779 -0.6191925 -0.58119744
 10490 1.7877433 2.3419428
 207 -0.5779459 -0.33490378
 5024 -0.5046248 -0.51269263
 10121 -0.6216028 -0.8866859
 6059 -0.5671198 -0.43216127
 5285 0.12973382 0.17521872
 4293 -1.4560924 -0.83309275
 6473 0.9849147 0.5333975
 1039 -1.0876175 -0.8464556
 2780 -1.3958724 -1.2625446
 1005 2.5397446 2.2088504
 3541 -0.55654854 -0.48226464
 5870 0.72032046 0.66967297
 1614 -0.17748828 -0.13725974
 2535 1.3005426 0.6746876
 1119 1.4912584 1.4784399
 6062 -0.29962242 -0.5123126
 3537 -0.555777 -0.6098053
 5719 1.0379611 1.1235621
 5866 -0.3124247 -0.4108315
 10386 0.6278665 0.80593747
 5030 1.016335 1.1260738
 9816 -0.053640645 -0.01681158
 9818 1.3410219 1.3093259
 9821 0.37288448 0.36702523
 4624 1.0001497 0.30241472
 4628 -0.029861908 0.09590036
 4626 -0.14989288 -0.16567485
 9811 1.0054609 0.23061138
 9814 1.8035178 1.2191107
 11421 -0.49832815 -0.47553807
 11419 -1.1424966 -0.97174674
 9820 -0.12192022 -0.4999652
 4631 -0.549397 -0.5049766
 11418 -0.57141227 -0.16084649
 9815 0.71814805 -0.43372142
 11423 -1.6333586 -1.0272714
 11424 -0.3943578 -0.22415589
 11422 -0.9025859 -0.81651556
 4625 -0.20635712 -0.12981658
 4623 0.36412212 -0.1099437
 9823 -0.1468523 -0.007998541
 11417 -0.6706826 -0.28618228
 4629 0.35928872 0.78898525
 4627 0.81399184 0.5066556
 11416 -0.18186831 -0.24835162
 9812 0.37357208 -0.23309134
 9822 -0.14869049 -0.31777328
 11425 1.6792713 0.35496193
 4630 -0.94065994 -0.78614986
 9813 -0.551287 -0.5370994
 11420 -0.320284 -0.33748144
 9819 -0.2079221 -0.19348137
 9817 -1.1338053 -0.8498795
 8588 0.015733138 -0.21980031
 8589 0.19360676 -0.21081595
 8585 1.9517488 2.0137236
 8584 -0.032665044 -0.08465029
 8587 -0.97900397 -1.1750035
 8582 0.064037345 -0.11031492
 8581 -0.02296157 -0.1974252
 8583 0.96055156 0.88317794
 8586 -0.44433334 -0.32223958
 8590 -0.75832653 -0.3893419
 7309 -1.1411535 -0.3878768
 7310 -0.41377527 0.30233485
 7300 0.14532319 -0.43983632
 7308 1.1566187 0.20159079
 7301 -2.1979675 -1.5746226
 7299 0.2688206 0.18654123
 7306 -2.4000993 -1.539073
 7307 -0.19259861 0.45566714
 7305 -1.0273045 -0.42493993
 7304 1.0296379 -0.29962367
 7302 -1.5914894 -1.0765905
 7303 0.24136822 0.004324168
 4071 -1.2863957 -0.93539864
 4069 -1.1639379 -0.5310841
 4070 -0.14905675 0.123036236
 1547 1.2407284 1.2409835
 1535 0.7125652 0.9883741
 1541 0.3555376 0.4179911
 1542 0.30875528 0.3219288
 1533 0.8341419 0.525708
 1544 1.7608438 1.836772
 1536 0.797874 -0.003304109
 1531 2.5992324 2.6596189
 1548 -0.38397816 -0.2742992
 1532 1.1036117 0.9974391
 1537 0.66656077 0.77891666
 1538 0.47102168 1.0227252
 1540 0.44857138 0.15877682
 1539 0.10324272 -0.07185455
 1543 0.5953383 0.6314615
 1545 -0.76231873 -0.95390934
 1534 0.8315606 0.80706006
 1546 -0.041093696 0.41098368
 8377 -0.55290514 -0.18221776
 8359 -0.53226876 -0.056862384
 4601 2.0742428 1.5002557
 8376 -0.83132946 -0.38265288
 8363 0.97792274 -0.14096074
 4604 -0.32344055 -0.35452205
 8367 0.75606346 0.861399
 4602 0.2932292 0.23054585
 8360 0.17069212 -0.10445471
 8375 1.5315937 0.7564829
 4600 -0.75728595 0.082317896
 8368 2.1921065 1.2938333
 4603 0.9475338 1.0312536
 8366 0.42739868 0.8421601
 8370 1.0519855 0.773557
 8374 0.5726588 0.69865453
 8362 2.1183357 0.96496266
 8373 1.7171612 1.2635868
 8365 1.1737758 0.40890604
 8361 -0.23256172 -0.3856358
 8364 1.2761326 0.8092152
 8369 -0.93988156 -0.1053672
 8371 -0.3585767 -0.399657
 8372 0.24607694 -0.18488036
 8378 0.47347185 0.8930731
 4608 1.5631808 0.60130376
 4606 -0.8279726 -0.7823421
 4607 2.4985552 2.3397884
 4605 0.5574105 0.84604186
 8358 -0.7811683 -0.8582197
 3429 0.25155944 0.23768887
 3430 0.6826237 -0.628123
 3432 -0.79258573 -0.6825804
 3431 0.7318928 0.340075
 11651 -1.4851614 -1.5368977
 11658 -1.6681696 -2.1997797
 2687 0.16457702 -0.1627708
 2692 -1.2537881 -1.3955469
 2690 -1.6706941 -2.305948
 11656 -0.9451885 -1.3767031
 11650 0.2991545 -0.28828222
 11654 -1.6632423 -2.2355042
 11653 -1.245194 -1.417721
 11657 -1.7100773 -2.597155
 2691 -1.5200694 -2.0210392
 2693 -1.439053 -1.5293818
 2689 -2.2931669 -2.036788
 11655 0.36595985 0.03350945
 11652 -2.3159196 -2.0527925
 2688 -0.40127003 -1.2512637
 2027 -0.45534188 -0.19864963
 2033 1.306952 1.4440881
 2029 0.23345114 0.55616397
 2032 -0.2131731 0.616798
 2031 0.32682416 0.20732427
 2034 2.1060834 2.0698385
 2035 -0.033436075 0.19779456
 2030 0.75456405 1.2665277
 2028 -0.06428201 -0.048638716
 9804 -1.5431728 -1.1087314
 9803 -0.85301006 -0.050161377
 9808 -0.9633032 -0.59375876
 9800 0.20935015 -0.008670792
 9806 0.06768899 0.45400774
 9798 0.02381799 0.15072896
 9799 -0.62880015 -0.23559354
 9807 0.74107003 1.1376578
 9802 1.2376469 1.5905417
 9805 -0.5489597 -0.4149539
 9797 -0.8700842 -0.72518164
 9801 1.400385 0.9745342
 9810 0.34762833 -0.0058957785
 9809 -0.7634038 -0.5166419
 9964 -1.7105967 -1.4203084
 9965 -1.7679558 -1.4337734
 9963 -0.11149109 -0.7809153
 9962 -1.3166369 -0.95335037
 3161 0.3214755 -0.12315892
 9466 1.80172 1.1683689
 2048 -0.41242665 -0.3671494
 3160 2.5216928 1.8396468
 11196 0.6967466 0.46243495
 187 0.10511896 -0.3160575
 8270 -0.36328128 -0.40010524
 9462 -1.6706597 -1.3256902
 3158 -1.1221788 -0.09206091
 3102 0.18262756 0.2959488
 8269 0.27873495 -0.34682292
 5724 1.6315389 -0.007109359
 5725 0.2203862 0.14748888
 11198 0.400462 0.27659017
 185 -0.7739026 -0.7332385
 4457 0.24139482 -0.2671789
 4463 0.6512341 0.4072597
 11193 -0.5551674 -0.62506825
 3157 -0.5873207 -0.5510387
 4041 2.505596 -0.31579447
 11197 0.70038587 -0.53650415
 11202 -0.13566223 0.24487773
 6654 0.22209696 0.6169163
 6648 0.24425478 -0.06921746
 2049 1.7480428 1.1249776
 11201 0.42283022 0.36885178
 4460 0.010655867 0.053625867
 9464 3.4866574 3.0198655
 5721 0.9666139 0.52430415
 4042 0.6406564 0.78322804
 2060 0.24707352 0.11441852
 3061 -0.38110855 -0.4085235
 2051 1.8847601 1.093731
 4034 0.48154157 0.3879267
 11194 0.05349683 0.0584199
 2059 -1.4473932 -0.57392687
 183 0.31562307 -0.19984166
 4456 -1.016648 -0.8309609
 9458 1.0320051 1.196686
 3095 0.35498798 0.7483753
 3097 -0.28123403 -0.2661314
 11199 2.842868 2.7258549
 3063 -0.643464 -0.632193
 188 0.3537214 0.26603007
 2055 -0.73287 -0.78219026
 9465 -0.074310035 0.8421362
 4040 0.10762871 0.79824895
 9459 2.700154 2.7198057
 9460 -0.8255632 -1.0476438
 5729 -1.4095644 -0.6132373
 5726 0.6757279 0.9025404
 5727 0.3428733 -0.07170533
 3092 0.42036402 0.8119188
 3060 -1.2476624 -0.5864609
 3062 -0.07204369 -0.018803015
 6651 -0.5503491 -0.55953175
 6656 0.39891124 0.8412977
 3093 -0.46813133 -0.3722729
 191 2.3670459 1.8864594
 5730 -0.2632101 -0.2297508
 6653 0.6056358 0.5799521
 3096 0.21155003 -0.4213696
 186 -0.09003279 -0.18303747
 8267 -0.21533677 -0.19505744
 9457 0.2999315 1.3761533
 3067 -0.29898888 -0.42791182
 9456 1.7999455 1.9228227
 3162 -0.3115441 -0.38854158
 2057 0.2296079 0.71322197
 3099 2.1594527 2.0526104
 4037 -0.46014962 -0.4437849
 2058 0.9265105 0.4355526
 2052 0.53773123 0.80102867
 4036 -0.6004278 -0.34966528
 3094 -0.010571855 -0.09802581
 5722 0.21343957 0.30859816
 3068 0.1500154 0.24786414
 5728 0.24215713 0.11338595
 4462 -0.92871535 -0.7680051
 8268 -1.3029486 -1.2900717
 3101 0.3432666 -0.009509236
 11192 0.014445485 -0.03185384
 3100 0.43863827 0.6481598
 3098 0.058555305 -0.3184865
 3156 -1.3292063 -1.2969887
 2050 0.23694876 0.03259539
 9454 -0.85353404 -0.7266147
 3064 -0.17442386 -0.12500994
 4033 -0.64187706 0.4724064
 2053 0.50572324 0.76345783
 3065 -0.6742458 -0.7263796
 9463 -0.28417605 0.008600771
 5723 -0.7086288 -0.7410615
 3155 0.5577529 0.011275411
 4458 -0.39260945 -0.5810629
 184 -1.5009998 -1.4455895
 11205 1.9579474 1.1644773
 5732 0.14506419 -0.41223747
 4038 0.29125026 -0.108615145
 11203 0.27635857 -0.3325199
 11195 0.41170663 0.14977437
 2056 0.5219608 0.65016717
 189 1.2419986 0.9107863
 5731 -0.41834006 -0.31378728
 6657 -1.0363841 -0.90644056
 6650 -0.44559073 -0.65883166
 11206 0.42817155 -0.15131395
 9461 1.9269873 0.6768044
 2054 0.24241155 -0.07561837
 4459 -0.51296544 -0.6011764
 3163 -0.592838 -0.6833248
 6652 0.67154956 -0.44911176
 6649 0.0975929 0.49557668
 3070 1.0371466 0.58536726
 6655 -0.32893223 0.12901512
 11200 -0.2182999 0.043375656
 11204 -0.60314196 -0.95868236
 4035 -1.9766656 -0.80949444
 192 1.3466891 0.94664186
 3091 -0.05483295 0.13070415
 4461 0.2753432 0.39027047
 3159 0.635531 0.63996005
 8266 0.26999778 0.4913162
 4039 -0.21632189 -0.64896935
 6647 -0.1810464 -0.90963787
 3090 -1.4651916 -0.46662337
 3069 -0.741736 -0.86317724
 190 -0.111995794 -0.36897153
 9455 0.33671924 0.5587461
 11207 -0.80817646 -1.035975
 3066 2.2174263 2.0708096
 3395 -1.5406749 -1.6254904
 3396 2.8683975 1.0756032
 5493 -0.5174147 -0.5730984
 5491 -1.3783133 -1.6196045
 5492 -1.4241811 -1.5248383
 3397 2.9377131 0.23675503
 3398 -0.6695311 -0.34745288
 5567 -0.6870783 -0.39933366
 5566 -1.539534 -1.6933646
 5490 -0.5982646 -0.4483742
 5565 -1.5405062 -1.7121794
 11360 -0.07580351 0.22364882
 11355 -0.9939154 -0.75352293
 11349 0.849426 0.8821666
 11346 1.9956299 1.459299
 11348 0.06397042 0.113711774
 11351 -0.53517365 -0.42859757
 11358 0.17570476 0.20934403
 11352 -0.7582509 -0.6335141
 11347 0.3674061 0.3797404
 11359 1.3016707 1.7816694
 11350 -0.97400737 -1.013835
 11357 0.4499544 0.32801223
 11353 2.030617 1.8402566
 11354 1.8896257 1.3844272
 11356 -0.5036149 -0.5542298
 11314 -1.4029621 -1.2256845
 5597 0.08833178 0.3991934
 8971 1.457812 0.10203754
 5595 -0.7175424 -0.8144639
 5601 -1.3286462 -1.3420572
 8966 -0.7140191 -0.8415031
 5602 -0.7707208 -0.94665796
 8964 -1.0043674 -1.0506341
 5603 -0.813498 -0.7862261
 5604 1.1863604 1.3628459
 5593 -1.6202248 -1.3631784
 11306 1.187548 1.1841426
 11304 -1.215571 -0.716216
 5592 -1.0274755 -1.0724446
 11315 -0.7329585 -0.77067465
 8969 -1.2780464 -0.8254048
 8965 -1.4044679 -1.2824116
 11309 1.3288403 1.6985753
 8963 -0.7753768 -1.0066254
 11312 -1.9057786 -0.6458542
 11310 -1.3129867 -1.1748518
 11311 -0.8046949 -0.5111688
 5599 -1.8861874 -1.3374381
 11316 -2.2196577 -1.7185035
 8962 -1.391094 -0.91017145
 8977 -1.8030492 -1.2915881
 11307 -0.7841795 -0.9607081
 8970 -2.2967649 -1.9111567
 11319 1.0193197 0.08105922
 8976 0.19565262 -0.14980085
 5607 -2.1580682 -1.6883627
 5605 -1.2497147 -0.7306235
 8975 0.401757 -0.07702161
 8968 1.1762626 1.0365872
 5606 1.5077865 1.708977
 11313 -1.6222404 -1.2898362
 8974 -1.8638624 -0.8968273
 11320 0.08485663 -0.68613607
 5596 -1.3855408 -0.94064385
 5600 1.010567 -1.2481483
 11305 -1.8817382 -1.2669234
 5598 -1.9701692 -0.6086529
 8967 -1.070453 -1.1944841
 5591 -1.0509604 -1.1286578
 11308 -1.3700739 -1.4260485
 5594 -1.2860711 -1.1442726
 8972 0.12466388 -0.033203438
 5590 -1.3922675 -1.4033713
 8973 -0.0489003 0.04472603
 11318 0.42853644 0.19050993
 11317 0.90805477 -0.9891215
 8978 -0.4533657 -0.16687362
 5996 1.5513119 0.7862331
 5998 1.1825455 1.237164
 8993 -0.34141865 -0.010628879
 5995 -0.338291 -0.2812289
 8984 0.49089253 0.50721914
 5989 2.2401874 1.0229083
 5987 -0.43601698 -0.41088837
 5993 1.68997 0.9966502
 8986 1.4359672 0.15335047
 8981 0.23536314 0.7309607
 5988 0.45623955 0.38356704
 8988 1.8443931 1.0077487
 8985 1.9938473 2.3996325
 8990 -0.59374565 0.017840505
 5991 0.112827465 0.8174104
 5994 1.1645372 1.0521979
 8979 0.6931275 0.8556145
 5999 1.9358524 2.4290953
 8980 1.2157811 1.3787494
 8983 -1.4241183 -0.72387105
 6000 0.30857697 0.895652
 5992 -0.005494126 0.13513216
 5990 -0.47053245 -0.34816164
 8982 -0.4821823 -0.3607931
 5997 1.0869278 0.9015328
 8987 -0.46325666 -0.65044445
 8992 -0.33997652 -0.30195862
 8991 1.0951506 1.0522963
 8989 1.5748385 0.77195054
 4223 -0.6545812 -0.6676213
 4224 -0.9175014 -0.88760644
 4221 -1.2326598 -1.1428399
 4225 -0.7231615 -0.5678507
 4220 -1.2941239 -1.1912076
 4222 -0.819097 -0.8720073
 4219 -1.2709695 -1.1023575
 5747 -0.9413677 -0.57349426
 10891 -0.17259254 0.21512602
 10895 -0.55541855 -0.6533136
 10896 0.9081134 0.557791
 10890 -0.8967064 -0.5256552
 5755 -1.8927362 -1.9066153
 5750 1.3881507 1.4664732
 5748 -0.39476714 -0.6050906
 5744 -1.2146621 -1.2198327
 5746 -0.84011155 -0.98585874
 10892 -0.48374087 -0.43084478
 5754 0.8617254 1.2045343
 10901 -1.1519988 -1.0852903
 5745 -0.40408692 -0.50998765
 5753 -0.4700603 -0.5113686
 10893 -0.82971084 -0.78106403
 10887 0.90762615 0.94206136
 10897 0.5979718 1.0641583
 5749 -0.49558783 -0.37959212
 10900 0.20847231 -0.04730977
 10889 -0.41977257 -0.56304747
 10894 -0.8436316 -1.138766
 5751 0.31851193 0.59609014
 10898 -0.031708356 0.42921156
 10899 -1.8902677 -1.711943
 10888 1.3625264 1.4904091
 5752 -0.9043361 -0.8275215
 10886 1.0184395 1.3664714
 11582 -0.40774727 -0.7165043
 11584 0.25593445 0.35718292
 11588 -0.23345423 0.044378504
 11585 -0.08148495 -0.11347054
 11583 -0.48625475 -0.47883517
 11587 -0.8701887 -0.35882348
 11586 0.17687552 0.096977815
 11581 -0.5325851 -0.5987223
 11589 -1.2913932 -0.9863556
 10341 0.88251716 1.2122848
 9625 -0.015010113 -0.42675513
 9402 -1.638808 -1.3031023
 81 -0.52128816 -0.5498729
 11862 -1.0433279 -1.0201907
 83 1.6590439 1.4797134
 9400 -0.908624 -0.65536314
 8639 1.3259073 0.508248
 11106 -0.9470872 -0.6620782
 7196 0.7098111 0.63913405
 10335 1.2426834 0.9968665
 8255 0.93980837 0.5677121
 11097 -0.5206496 -0.10882117
 7224 4.6051307 2.2758484
 796 1.9832764 1.9061682
 87 -0.8441964 -0.78787965
 798 -0.007690793 -0.37758487
 11105 -1.0341085 -0.9452564
 4272 0.44930804 0.7754395
 76 -1.6469195 -1.3716977
 9408 2.2039456 1.847045
 11109 -1.5124406 -1.2763525
 9630 0.35919794 1.8023586
 84 -1.7074548 -1.3032465
 11863 -1.687759 -1.1912271
 1937 0.7402724 0.79211265
 11865 2.0266056 1.8716738
 8257 -0.037205983 0.1248814
 8262 -0.4721011 -0.64718395
 11110 0.37072495 -0.023113832
 1932 0.13579804 -0.07307924
 8254 -0.597775 -0.38889045
 2468 -0.7336117 -0.60056466
 7443 0.014341885 0.29225066
 11798 0.69545394 0.370853
 11797 0.9928584 0.53265464
 4269 2.3817556 1.6194153
 11107 0.63777214 0.89507014
 8265 -0.603555 0.2005278
 2465 2.4360685 2.171986
 1256 0.41191977 0.2504344
 11098 0.8274822 0.5940407
 8258 2.7756796 2.3649683
 2462 1.3924276 0.379873
 1254 3.2075963 2.0648189
 9634 1.8640312 2.22922
 1927 -0.6720977 0.15335777
 9397 -1.3608701 -1.2827955
 7197 0.51280236 0.60062337
 10345 -0.24328056 0.46656638
 11866 0.4545554 -0.8169925
 4115 1.1143218 0.710267
 1940 0.78656334 0.7292871
 1258 1.5052552 1.1352533
 1259 1.0480354 0.5849031
 11808 1.2157431 1.2817552
 1261 -1.5119125 -1.4221817
 10338 -1.2635685 -1.1619602
 10336 0.7801113 -0.6958643
 1936 0.7504659 1.0460484
 8648 -1.1203222 -1.2089325
 9632 0.79381204 0.63981074
 7201 -0.6164118 0.11761157
 7200 0.51609915 0.8603669
 4122 3.3165963 1.5903319
 2469 0.68314075 0.82332367
 2466 -0.4520817 -0.59794253
 7199 0.33723998 0.2943945
 7221 -1.1238396 -1.1730717
 789 -1.5624886 -1.2007937
 790 1.8276367 1.3875016
 7220 0.26125786 -0.035683617
 11809 2.2837 1.808643
 2464 1.1558491 0.6083011
 7436 -0.50141686 -0.40078056
 7441 0.23295149 -0.21350352
 8264 -1.7096895 -1.3262715
 4119 0.18434611 -0.2588371
 7442 -0.66564566 -0.6414952
 9629 -1.2121266 -0.52589744
 9623 0.08068425 -0.137291
 4120 -1.474609 -1.310849
 10346 -1.0430717 -0.90945166
 797 -0.65077186 -0.63826215
 9407 -0.91776913 -0.82517
 11868 -0.28904337 -0.53646773
 7195 1.4486572 1.2925779
 10349 -1.5237687 -1.1909621
 4267 -1.2139987 -0.94452065
 7198 -0.07292061 0.6650956
 8261 -0.65472925 0.06415679
 9627 -0.4127058 0.03156794
 11858 -0.5482748 -0.37838286
 9406 0.42778373 -0.03446658
 9405 1.5901936 2.065339
 794 0.8325182 -0.73725694
 11800 -0.16611896 -0.27533585
 11799 0.4254115 0.7030334
 8651 -2.4823396 -1.2396622
 80 0.19836865 0.5043848
 8646 0.10705984 -0.16804342
 11805 0.12982458 -0.054022506
 787 -1.3903083 -1.2508838
 1928 -0.1484214 -0.19750433
 7227 0.6461921 -0.028106406
 9621 1.481459 1.4781009
 1933 -1.0239426 -0.65228677
 4121 -1.4948369 -1.2204225
 88 -0.58926845 -0.31389493
 1255 -0.026762187 0.440013
 1263 0.60108024 0.732179
 1253 1.8099556 1.0195166
 11861 -0.22234575 -0.2568683
 7193 0.98346114 0.91522306
 7191 1.0445855 1.1288166
 9409 -1.6389657 -1.5107073
 8650 -0.37444752 -0.5773802
 11804 -0.8624596 -1.0632116
 10347 1.5902445 1.6634187
 11807 0.846709 0.30264732
 4277 0.6262007 0.50318396
 10339 2.593596 2.399006
 7194 -0.76663184 -0.811881
 7190 -1.0964276 -0.85181534
 11856 0.3148892 -0.08650382
 2470 -1.6011099 -1.4019288
 85 -0.8929691 -0.9676724
 4276 0.25252852 -0.37591577
 11111 -1.7614138 -1.3984874
 10343 1.6233829 1.2835243
 11811 1.1185703 0.949072
 1257 -0.54475063 -0.5444407
 7440 -0.19083652 0.38004273
 8653 1.1917925 -0.29866737
 4271 -0.2250728 0.16587053
 86 0.8303147 1.4282613
 4274 -0.39841464 -0.5423445
 11801 2.1828005 1.5750034
 1931 1.7433552 1.2679981
 1935 0.994097 0.5491487
 8641 1.0540175 0.9628406
 2463 -1.6657956 -1.3867766
 8649 1.2805929 1.3867443
 1939 1.2254819 1.0014617
 11857 1.8724974 1.8563628
 10340 0.41872248 0.6054105
 4123 0.9461705 -0.017502248
 7229 -1.2980373 -1.060067
 7228 0.5344848 0.20099144
 7188 1.597843 1.1928099
 11103 0.9541875 2.4638329
 8260 0.50929743 0.514263
 10337 0.16100423 0.8465579
 9399 -0.2877617 -0.3145573
 9631 1.3718004 0.6255549
 4268 0.4452608 0.17202188
 11102 -1.2635049 -1.1908363
 8647 0.45027024 -0.47513443
 11810 0.32492042 0.15982896
 2467 -0.5948747 -0.48663706
 11803 0.3557943 0.90563613
 7222 2.1384697 1.1673038
 8256 -1.6457428 -1.3533918
 11806 0.9462526 0.33374774
 1930 0.3618191 0.16779795
 7432 -1.6082863 -1.231684
 7230 -0.7276777 -0.7652437
 1938 1.2621931 1.2401016
 77 1.0740494 0.14582942
 7439 0.39922294 1.2611562
 11864 0.53022486 0.6138437
 792 -0.24717516 0.2932452
 9620 -1.5385045 -1.1834813
 1252 -0.8949778 -0.7722363
 7192 1.6567317 1.2831945
 10348 -1.7824248 -1.5194516
 7189 0.59201807 0.6730023
 8644 -1.2074862 -1.1296049
 8642 0.8487539 0.4287659
 11869 2.1528933 2.3473177
 7202 0.71077055 0.83788055
 1934 1.0424548 0.89717793
 7444 0.98358625 1.2894585
 4273 -1.4743844 -1.2727622
 4266 -1.7686846 -1.4680758
 7433 1.7199891 0.9332674
 11101 -1.2379842 0.03770838
 7438 0.69278234 0.21567635
 4270 -1.0274673 -0.8889981
 11099 0.54823095 0.55115175
 8645 0.6079512 1.421867
 799 0.66991764 0.80451214
 7434 1.8866162 2.1443243
 793 1.8604891 2.283568
 7225 1.1931851 1.1954386
 7445 0.022791626 -0.21938102
 8643 0.34888983 1.0991838
 4275 1.0256274 1.2571217
 11104 -1.466774 -1.1950415
 11100 -0.93808144 -0.79619545
 2471 -1.4898834 -1.4100559
 2472 -0.49866736 0.2480168
 11859 -0.7599066 -0.875516
 11802 2.2092443 2.0088038
 79 0.86157453 1.0677537
 9404 0.5266273 -0.73317426
 8263 -0.7746933 -0.4223451
 82 -0.23188421 -0.2169386
 9398 -0.37343994 1.8387288
 7226 -1.4102043 -1.2118812
 11108 0.25586018 0.18117706
 78 -0.26341042 -0.2840805
 11867 -1.4622042 -0.9659613
 9401 0.8151063 0.6831549
 7223 -0.007441422 0.124389306
 1264 0.9419954 0.77927935
 4118 -0.54649895 -0.5693915
 11860 -1.7270542 -1.453667
 7437 -1.0325211 0.019792706
 4124 -0.16822763 0.0972448
 800 -1.1353501 -0.21483122
 4116 0.43323 0.22990018
 8640 0.0401188 -0.2828822
 8652 -0.46664333 0.19079067
 795 0.9741262 1.3810244
 791 0.82100266 0.55910206
 1260 -1.5495231 -1.3279326
 10344 0.41799042 0.14790595
 788 0.4041526 1.732303
 4125 -0.8802635 -0.77442384
 9626 0.81111723 0.5325158
 9624 0.80057305 1.1088084
 7435 -1.3357688 -1.0906578
 8259 1.0995686 1.3070453
 4117 -0.7309135 -0.10594967
 9628 0.3368742 0.054534048
 9633 -1.4039806 -1.2015824
 11796 -0.68719155 0.11324864
 1929 -0.76823854 -0.9590083
 10342 0.7161742 0.67263603
 1262 -0.65578496 -0.060017347
 11812 -1.1283525 -0.90083176
 9635 0.3057037 -0.21380119
 9622 -0.34093413 -0.14159892
 7218 1.0261403 0.31458202
 9403 -1.4172431 -1.2054833
 7219 1.1310769 0.3684737
