 10442 -0.6842211 -0.71334594
 9367 1.1578518 0.38577944
 9042 -0.48952636 -0.8905693
 10340 0.41872248 0.46054596
 10456 0.6158825 0.33852383
 10636 -0.6708119 0.15884073
 10271 -0.62183017 -0.7565236
 3250 -0.59930927 -0.5928588
 8248 1.2870297 1.4654158
 3900 0.52861774 0.8731186
 9055 0.9903546 0.284591
 4676 0.5935395 0.7468922
 1157 -1.0650604 -0.9271061
 10455 0.8271815 0.2597617
 779 -0.36588043 -0.8495345
 8458 -0.5048521 0.7225498
 10058 -0.5682704 -0.42842263
 8366 0.42739868 0.51994175
 2210 0.57227695 0.43418112
 6936 -0.2086331 -0.30192512
 8435 0.029018572 -0.003028836
 6591 0.16083142 -0.3524065
 1688 1.4261715 0.27018717
 3992 -0.21257031 -0.4939161
 7802 1.2639863 0.84520584
 5141 2.0709424 2.029863
 2250 1.573401 1.0714324
 9907 -0.32324988 -0.4473126
 1245 -0.36302367 1.1191295
 7326 0.40632957 0.45175552
 9244 1.1497326 1.1387217
 7143 2.953291 1.322356
 8192 -1.7373967 -1.8140488
 3384 -1.1511288 -1.3856101
 2429 1.065915 0.2686131
 10619 1.7265795 1.2144085
 11642 -0.09371331 0.3492909
 9763 -0.47339287 -0.38795912
 11578 -0.02169867 0.024051975
 5742 0.14066994 -0.12185776
 11379 -1.3245549 -1.3745227
 5553 1.3280449 1.5974829
 9746 0.3368265 0.324387
 170 -0.39895925 0.22763355
 4158 0.96547157 1.1061275
 1757 -0.2392159 0.07812497
 2076 -0.8931391 -0.93871146
 4246 -0.18486628 -0.025219325
 8882 0.90987694 0.072037265
 6942 0.34289896 0.42327654
 5635 -0.34367767 -0.25702846
 1387 1.9850028 2.0725372
 4590 -0.54985404 -0.5238386
 9412 -0.10860361 0.10856743
 2770 -0.9677538 -0.87131786
 5932 -0.39099357 -0.3524782
 11448 0.5141276 0.14399286
 899 2.892111 3.5087054
 3751 0.027823973 0.07187183
 10275 -1.6093547 -1.5596704
 6047 -0.90155035 -0.53568673
 6875 -0.12187025 -0.008577064
 4021 0.01872605 0.1168945
 9383 -0.048850793 -0.12739128
 8642 0.8487539 0.20120873
 5622 -0.07298891 0.023652714
 1990 0.50165904 0.42397177
 143 -1.4277799 -0.8280643
 10095 0.9231564 -0.16392203
 10544 -0.5964131 -0.63481075
 11793 -0.7166884 -0.94961023
 1609 1.2247612 1.088872
 2655 -0.055931285 -0.39291742
 9698 1.5483406 0.37940907
 7202 0.71077055 0.66976905
 157 -0.88584685 -0.37187567
 11612 -0.3330473 -0.21741243
 4594 0.89804554 0.9847908
 107 -1.9946804 -2.1966207
 5514 -0.053213872 -0.1539985
 5341 -0.20944217 -0.9557089
 10173 -0.1282228 0.40136993
 259 -1.8452654 -2.1455953
 3342 -0.6247809 -0.13892372
 11031 -1.07167 -0.910292
 5882 0.052275185 -0.063353375
 7215 0.32785693 0.47401536
 2072 -1.5864662 -1.6555676
 9441 0.64566404 1.2065427
 8188 0.15703584 0.18931238
 6801 0.1420809 0.24560894
 7470 -1.6941739 -1.5987056
 1678 1.8510474 0.86547786
 7730 -0.23377879 -0.23450735
 5982 -1.3044435 -1.3195435
 9980 -0.6924705 -0.5789
 6131 0.19613944 0.32495683
 8092 0.020977268 -0.004352499
 1901 0.460461 0.6226724
 7901 0.68094224 0.5898654
 11255 -1.3079714 -1.5438858
 4435 0.26155767 0.21275122
 8871 1.6123616 1.8146253
 7499 -0.9610043 -0.61573225
 1689 0.00861139 -0.0022323579
 1663 -0.7046714 -0.34974432
 2418 0.615987 0.7003043
 1624 1.2017815 0.978719
 7407 -1.161618 -1.0701166
 10859 1.8601613 1.7358227
 4202 1.2783769 1.494599
 9183 -0.0011585514 -0.565073
 1403 -0.8299405 -0.7169179
 8367 0.75606346 1.0371864
 7296 -0.57699466 -0.5551612
 7225 1.1931851 1.0625712
 7820 -1.0389452 0.643471
 9497 -0.5542263 -0.6786953
 9291 -0.7936579 -0.84862775
 4413 2.1084611 1.9959927
 8594 -1.0089551 -0.62743074
 4352 0.08341587 0.009685438
 10443 -1.131824 -0.7246724
 4562 1.1586485 1.1044798
 3146 -0.7690224 -0.8005291
 9272 0.88815826 0.68289924
 7172 -1.2476776 -0.99848574
 489 0.1269371 0.001402732
 8503 0.7177772 0.62594545
 1042 -0.2372136 -0.43262276
 3921 -0.037297662 -0.008139625
 8232 2.0463555 1.7514588
 1664 -0.04990237 -0.14006498
 10528 1.007404 0.26519698
 5448 0.86849415 0.9883487
 870 -1.5794792 -1.5296273
 6676 -1.1781543 -1.2128127
 1218 0.37800944 0.35545212
 6033 -0.5605591 -0.64444613
 826 1.8716966 1.6272041
 9783 -0.00605842 -1.5518701
 10247 -0.58264726 -0.2842895
 10115 -1.6072048 -1.3381004
 2478 -1.1461703 -1.0855355
 710 -0.60847914 -0.5416487
 6957 -1.0228136 -0.86151856
 7595 -1.172401 -1.1382607
 9223 0.2545088 0.123558626
 10263 0.1973918 0.23028894
 675 0.22429363 0.19057831
 10529 -0.5240652 -0.23820613
 266 0.8546243 0.82052416
 1606 -1.8024913 -1.6501321
 11244 -0.1301944 0.08341482
 7861 -1.6539102 -1.6826686
 6649 0.0975929 0.14115581
 9174 -1.2470362 -1.1515008
 11773 -0.16261081 0.17290802
 6194 2.3572538 1.6247561
 1498 -0.1494409 0.15444297
 11272 1.0156658 0.43121934
 5290 0.702258 -0.08470343
 5388 1.6829212 1.3921392
 1306 -0.44078392 -0.16198136
 11585 -0.08148495 -0.13339111
 8137 0.6765058 0.49914515
 906 -1.6020555 -1.6469023
 3560 -0.4842506 -0.46405596
 9721 1.2688073 1.4050652
 8542 0.32319635 0.32101774
 5280 -1.0036353 -0.9107041
 5061 -1.081975 -1.0374111
 1706 -0.66126245 -0.5092421
 5905 -0.20499703 -0.3709694
 7075 0.6902795 -0.47263834
 11017 1.3668084 1.2946845
 10701 -0.61771005 -0.6659936
 5073 -0.13245706 -0.28134
 5958 0.30745527 0.23290803
 8593 1.3262287 0.32904378
 11048 -1.028076 -1.1358441
 2240 -0.83356786 -0.23180902
 6803 0.4031973 0.079757586
 7544 0.4992955 0.24475048
 4598 0.17136781 0.18707511
 6520 0.13876207 0.35706836
 7071 1.4806156 1.4908407
 26 1.3110538 1.1411481
 10257 0.95404357 1.1554585
 8852 0.18569978 0.09953682
 401 3.9031394 2.5983155
 1327 -0.033457164 -0.13116518
 4779 -1.2326506 -1.180157
 10476 1.2219108 1.109419
 346 -1.0200453 -1.0425669
 2094 0.5026345 0.8135252
 7731 0.027562225 0.17050733
 2627 0.18454048 0.09000619
 7122 -0.28361177 0.074391216
 1536 0.797874 -0.5820695
 1095 -0.62694454 -0.67036724
 278 -0.8063928 -1.055994
 11112 -1.0448027 -0.860113
 10074 1.6747222 1.5623095
 3243 1.683414 1.68857
 4328 0.48883063 0.2356878
 2529 -0.92767656 -0.93561184
 6747 -1.8996581 -1.6713767
 5173 1.3382233 0.24795802
 13 -0.98335284 -1.0975826
 11089 -1.0344433 -0.7305169
 975 -0.5175192 -0.8105103
 8245 0.48369008 0.48577118
 7674 -0.8364191 -0.42089167
 3572 -0.5160115 -0.49153438
 11875 0.27299207 0.3432668
 1015 1.4211699 -0.084464625
 5945 -0.19570337 -0.1498795
 9212 -0.16421476 -0.10460254
 7103 -0.0599391 -0.14115293
 9726 -0.57702816 -0.55944073
 11165 0.68262136 0.8686074
 324 0.09005309 0.024496991
 5853 0.4930232 0.5186051
 6806 0.16556121 0.077086166
 1700 0.17438456 0.36957842
 10298 -0.7192403 -0.39393583
 3048 -1.2468263 -1.0451503
 7600 0.023720808 -1.056191
 4586 0.0056336047 0.15362938
 11739 0.754934 0.5024755
 2915 -0.7951019 -0.8061287
 10033 0.59933096 0.5731673
 7196 0.7098111 0.6903082
 3595 -0.54967934 -0.6442604
 3546 -0.6230683 -0.71371144
 6026 -0.10022355 -0.25978148
 8025 0.3634689 0.3760301
 6235 -1.1678522 -0.9797048
 6142 0.3388224 0.49431348
 1657 -0.9900272 -1.1763449
 10364 -0.74664366 -0.75293773
 10276 0.3543971 -0.24001585
 2961 -1.3180681 -1.1283325
 6934 0.275081 0.28827113
 6286 0.007535977 0.057104986
 10815 -1.7489412 -1.9411206
 9288 0.77743655 0.6201205
 536 -1.3437822 -1.3006096
 4744 1.4430829 1.3830264
 11284 1.1020472 0.8785395
 10279 0.2581751 0.055495065
 2726 -0.7628826 -0.8612628
 1844 0.75522554 0.5776243
 3787 0.78981525 0.8530389
 3988 -0.3311046 -0.38273817
 1136 -0.41889334 -0.4645332
 7638 -0.960137 -1.0550385
 3635 -1.1626378 -0.7704852
 5818 0.337956 0.41522095
 7369 -0.32027805 1.3486748
 5264 -1.6057022 -1.4713587
 5438 0.29698855 0.17872472
 11877 -0.8318745 -0.78177977
 4518 -0.9667999 -0.84905565
 9252 2.0216043 1.5935186
 9992 -0.12911394 -0.3189303
 6038 -0.75381076 -0.018573727
 1332 -0.58952606 -0.26173723
 3853 -2.0848033 -1.9448333
 4814 -0.61853147 -0.70471764
 11198 0.400462 0.46131712
 10291 1.3019714 1.025549
 4739 1.4310687 1.1010762
 1968 -1.4571655 -1.4731616
 11596 -0.92056906 -1.0679455
 529 1.3782419 1.1597538
 3711 -1.5360318 -1.3146467
 8322 -0.20849282 -0.58474445
 11625 -1.6822752 -1.4532256
 7258 -1.3540019 -1.2581334
 10301 -1.0411193 -0.7266582
 4773 -0.3343125 -0.15688485
 2905 0.24858165 0.18373331
 4442 -0.98730016 -0.9370072
 8312 -0.051892754 -0.14737515
 10244 -0.6622448 -0.56459874
 4043 0.34639475 0.4398042
 7676 0.5314176 0.63721067
 9221 -0.5027522 -0.4376878
 5370 1.4303416 1.3475379
 8484 0.21461628 0.12280099
 8083 0.021608489 0.6375527
 4557 0.28558943 0.47568464
 8784 0.77074796 1.0692375
 6839 0.6149886 0.4489649
 7960 -0.0110440105 0.14536363
 4269 2.3817556 1.67435
 9530 -1.1526309 -1.0264344
 4700 1.7336046 1.6462553
 10609 0.6771467 0.67841756
 5074 0.02737153 0.1706535
 9802 1.2376469 1.1464413
 2509 -0.49539164 -1.4758999
 10837 0.4779642 1.2668467
 3832 -0.38183513 -0.15079203
 10104 -0.48411673 -1.1445216
 10583 -0.055424288 -0.094911054
 11524 -2.0239725 -0.7150694
 151 -1.6168437 -1.5407112
 4609 1.2939233 1.1992817
 4243 -1.1279116 -0.99120396
 7984 -0.22142895 -0.0326168
 9464 3.4866574 2.3206575
 6882 -0.07691697 0.20665325
 2603 -0.13398996 0.058704462
 9669 0.46736866 0.52134395
 9397 -1.3608701 -1.4098997
 3977 1.0247344 0.8690381
 1072 0.2981616 0.23006733
 2006 1.1396981 0.09876214
 6729 1.1865392 0.8778462
 5525 -0.3536507 0.0021613277
 8244 1.8516836 1.8383874
 11780 -0.13611467 -0.23280503
 4584 1.2581381 0.77514875
 6783 -0.23405474 -0.25701
 4954 -0.26617733 -0.31662226
 2974 1.3708111 1.2945545
 11606 0.41334358 0.28509572
 11075 -0.5074348 -0.43253353
 5785 0.68849903 0.70098925
 11138 1.9956533 1.9440792
 10079 0.96640944 1.5367279
 6699 1.9103854 1.8098202
 8122 -0.41755113 -0.4224621
 8112 -1.3229914 -1.4470718
 507 -0.944059 -0.912872
 8426 2.1817334 1.1917802
 3245 -0.21624349 0.04836398
 11237 -0.42061922 0.1169786
 4928 1.4191562 1.530669
 3439 0.56731606 0.010134276
 7990 -0.064875185 0.17582114
 11404 3.522056 3.5146272
 3267 -1.0090798 -0.89416313
 8517 0.45681578 1.52775
 11613 -0.88453126 -0.83124125
 10206 1.2548265 0.75268495
 400 2.5723426 2.0067682
 1737 0.6039617 0.5645442
 8095 -1.9659693 -1.9721818
 6154 -0.13512543 -0.20917551
 8465 -0.8170076 -0.60562825
 41 -1.6726354 -1.681474
 515 1.2725965 1.202208
 5237 0.92151624 1.0653467
 9368 0.14732641 0.059209477
 8054 1.291518 0.6230458
 1761 0.10703875 0.048020456
 6870 1.733368 1.6752809
 6181 -1.2958539 -1.0914527
 10933 0.57835215 1.1116587
 4529 -0.051232655 0.11626537
 6452 0.22944975 0.28151557
 2469 0.68314075 0.3339948
 6704 -1.621022 -1.5415022
 10189 1.0758523 1.2313908
 1324 -0.3055656 -0.310699
 4484 -2.4877107 -2.0928454
 3270 1.2109867 1.0537145
 10402 0.08590042 0.15169095
 5912 0.24670175 0.0072042607
 6213 -1.0761409 -0.5739469
 3434 -1.5530839 -1.586999
 6719 -0.8409101 -0.7488848
 9948 -1.148795 -1.2006155
 10687 -0.64653534 -0.6833891
 4113 0.4070951 0.48793697
 9814 1.8035178 1.5109105
 183 0.31562307 0.15988223
 169 0.31492034 0.33508325
 6217 0.40542924 0.42960674
 7059 0.570811 0.51177293
 7250 -0.105110586 -0.27266073
 10569 -0.1447959 -0.09693599
 11584 0.25593445 0.07154
 9629 -1.2121266 -1.2487144
 6550 0.00046281976 0.11718412
 2586 1.8756108 1.377109
 10841 1.1084695 1.3932242
 10413 1.0571802 0.7216564
 1053 -0.38637516 -0.46109107
 10957 -1.9780624 -2.0816681
 6321 1.1285031 1.1711034
 1142 1.1602507 1.2055035
 8120 0.99506605 0.90768945
 4864 0.0986078 0.039366696
 4133 0.20084311 0.23074599
 9491 -0.22491007 -0.27919537
 7475 0.7925203 0.6554142
 3174 0.2812337 0.3683766
 9493 -0.54989433 0.036714982
 7902 -0.13151506 -0.22507544
 1559 1.608901 1.2774029
 6774 1.5144178 1.5175323
 8199 -0.062082592 -0.0026717074
 9132 -0.07445902 0.6985053
 8870 0.31986606 1.0969924
 2145 0.012333164 -0.21615864
 1598 1.040476 1.0892957
 4390 -0.27100798 -0.34470564
 3276 -0.34105423 0.15089507
 2324 -0.52296823 -0.47008517
 4443 0.9374077 1.3051889
 5759 1.2945948 1.6296299
 361 -0.21988322 -0.12103024
 8239 -1.2063186 -0.84051985
 11561 0.26425034 0.31321597
 11559 0.32067055 0.95853376
 10011 -0.2586036 -0.2742239
 1098 -0.6299741 -0.8198741
 7404 -0.20128947 -0.18439807
 5953 -0.4048433 -0.40692446
 7949 -0.39928883 -0.7500571
 10384 -0.4310172 -0.42316073
 4283 0.7444819 0.87165374
 10716 0.92135715 1.2467511
 5118 -0.44450754 -0.4193402
 5059 -0.45008537 -0.021433331
 7965 2.0571067 2.0488565
 10394 0.25332108 0.2259204
 3447 -0.85733604 -0.85722387
 5297 -0.6390574 -0.571066
 3944 -0.63170093 -0.667933
 9154 1.676543 0.8143878
 1605 -0.32906836 0.16487588
 2434 -0.23027796 -0.10698992
 9453 1.9643668 2.163511
 8907 0.964249 0.9831774
 8815 -1.0396621 -1.1201581
 1570 0.28323644 0.27161407
 3737 -0.69291055 -0.6631225
 10246 -0.76875836 -0.85364735
 7077 0.6305789 1.234202
 49 -0.20411232 -0.00014657155
 6270 0.005091314 -0.027691666
 5873 -0.5304338 -0.31480184
 1269 -0.5131405 -0.6402483
 4051 -0.46217072 -0.54366887
 2205 -0.74049187 -0.74572384
 4425 0.40690255 0.4349772
 11535 -2.667199 -2.043596
 10948 1.2012699 1.1979448
 9409 -1.6389657 -1.697751
 9888 0.23008877 0.091077626
 4932 1.3928443 0.7193179
 7275 -1.4371309 -1.5727661
 5568 -0.37412158 -0.35082656
 4325 -0.12293741 -0.20950963
 2104 0.90095365 0.9821124
 10481 -0.7164308 -0.52976394
 1223 0.035692003 -0.38876757
 4131 1.1512563 1.06896
 458 -0.25976977 -0.4330114
 2266 0.0490329 0.04589544
 1923 -0.16592368 -0.1427228
 7353 -0.34566578 -0.50239277
 11807 0.846709 0.6632006
 3109 -0.5614003 -0.5357551
 9789 -1.17095 -1.4500322
 2345 -1.1417787 -0.66265917
 6296 0.030370401 -0.24289683
 5576 -0.06588871 -0.13145602
 7811 0.7828411 1.0684488
 1703 0.14167842 0.38738477
 11051 0.34380844 0.7710644
 2470 -1.6011099 -1.6224767
 1702 -0.48965883 -0.49816865
 8445 0.19951925 1.0725408
 10134 0.29055303 0.31174338
 3555 0.15268514 0.1591549
 9600 -1.45269 -1.2328751
 4069 -1.1639379 -0.99276686
 6405 -0.964209 -0.8962455
 2261 1.6388036 1.5500128
 4494 -1.0730017 -0.31769973
 2716 -0.77501833 1.0656751
 11497 0.7560172 0.49634427
 4466 0.3133618 0.30843002
 8653 1.1917925 0.4597115
 1694 1.4241753 1.5799172
 6796 -1.1362251 -1.048719
 5985 -0.19119269 -0.07317261
 6417 0.81889313 0.48304683
 600 0.44888082 0.43580282
 11047 0.24192107 0.047039796
 2409 -0.023676679 0.07779716
 356 -1.071109 -1.114469
 6106 0.30853435 0.4190325
 11146 0.5148716 0.6377505
 10706 -1.5064809 -1.3376997
 4891 1.0979624 0.011296462
 6825 1.1725019 0.3363557
 1481 -0.3879516 -0.43229216
 7524 0.012198393 -0.4540816
 1935 0.994097 0.5976844
 7036 1.6911793 1.4026525
 8005 -1.3538983 -1.1143775
 3427 0.53583527 0.44090503
 3380 -0.78943783 -0.8671634
 2463 -1.6657956 -1.6911969
 9063 0.874667 0.20820539
 7760 0.33332294 0.39576793
 5143 1.2649912 1.2242388
 10109 0.66492385 0.42532784
 7601 -1.1144345 -1.1102273
 5841 -0.37182042 -0.33912283
 1596 -1.457721 -1.2658345
 9794 -0.7138609 -0.16697536
 4036 -0.6004278 -0.33667248
 3118 0.658431 1.040878
 9267 -0.49204895 -0.48781747
 38 -0.35641164 -0.32474348
 9982 2.5529983 0.19065157
 11711 0.422502 0.63068914
 9998 1.4758124 1.3261577
 4837 -0.3232737 -0.28539076
 2996 1.6204358 1.8517032
 6661 0.3167196 1.8456645
 5191 0.002761252 -0.49636304
 3675 1.1810181 1.1750097
 5806 -0.7245711 -0.36797127
 8956 0.9822652 1.0852362
 2560 1.9919549 1.9426001
 9738 -0.38349044 -0.42645603
 8942 0.69459623 0.9184431
 4523 -0.002285764 0.07472259
 5429 2.0546525 2.0937185
 9262 -1.1132128 -1.1438627
 181 -0.60859376 -0.5935926
 8988 1.8443931 1.6960521
 4252 0.67425 0.72683114
 8268 -1.3029486 -1.297401
 6451 1.2803655 1.0937182
 7315 1.0270451 0.7842917
 7409 -0.22489035 -0.15552582
 9139 0.755573 0.82246125
 5745 -0.40408692 -0.44999707
 11217 1.0674047 1.2912115
 11192 0.014445485 0.412001
 7838 -0.58003616 -0.2544016
 3656 0.8045011 0.66870874
 8256 -1.6457428 -1.5988221
 6013 -0.6625244 -0.59315914
 8136 -0.11875449 -0.39860883
 8099 -0.22214177 -0.18176058
 3337 -0.48625794 -0.5928956
 182 1.112965 1.0767851
 3131 -0.12239879 -0.28437045
 7432 -1.6082863 -1.5064447
 3235 0.03509516 0.058231015
 7512 -0.59002936 -0.8942535
 7038 -0.3937669 -0.4676237
 10446 -0.3232494 -0.6964767
 8291 -1.0685512 -0.9375571
 1814 -1.3106278 -1.1045228
 7203 -0.619093 -0.44791374
 9976 0.25904563 0.40685022
 10039 0.5118351 -0.018883903
 6529 1.6498516 1.5400987
 250 -1.9366888 -1.9341817
 11214 0.7041993 0.64579135
 7688 0.06715128 -0.18073577
 2194 -1.5866551 -1.4538399
 4970 -1.4871665 -1.4797257
 4301 -1.0961291 -1.1158764
 801 -1.2708741 -1.1717447
 7719 0.65376216 0.9329349
 4305 0.3928516 0.52777994
 844 1.5228922 1.2462405
 3631 -0.46676895 -0.62702423
 7285 -0.61220187 -0.5413004
 1372 1.4285562 1.4660432
 9032 2.0550544 1.3991804
 47 -1.5931324 -1.6907167
 6434 0.4647003 0.1180774
 4048 0.54461735 0.5909963
 3065 -0.6742458 -0.80300313
 8851 0.98708206 0.7068286
 5464 0.34580982 0.31026667
 5224 1.6511791 1.045738
 8019 0.10540271 0.077543035
 11144 -0.6689164 -0.5544142
 154 0.598581 0.4739673
 951 -2.0174682 -1.9932733
 1143 0.5999823 0.5924078
 3370 -0.8593104 -0.8059859
 6916 -0.34022406 -0.28420562
 8498 0.044607937 0.026722562
 10061 -0.2967111 -0.46682405
 7746 1.2664824 0.64033276
 29 1.8213145 1.1471928
 10047 -0.87798756 -0.55127686
 69 -0.2083145 -0.6293062
 6144 -0.949079 -0.9432073
 4102 1.5577946 1.4898262
 11055 0.113308325 0.059141245
 10610 -0.11246657 0.03666321
 10328 1.6779224 1.4809031
 2349 -0.24415061 -0.1384559
 2344 -0.21805649 -0.5241801
 5821 -0.097119704 -0.06177449
 1158 -1.490567 -1.522042
 10827 1.8800958 1.8881519
 5654 -0.2639999 -0.027812663
 10490 1.7877433 1.673173
 9871 1.5865461 1.2263262
 8964 -1.0043674 -0.77304375
 11635 0.48851067 0.050129127
 4883 0.59234077 0.4058039
 3412 1.4855003 1.3065524
 10094 -1.0734684 -1.0763661
 9218 0.21563761 0.6005114
 5482 1.2391413 1.3595047
 9723 0.4261784 0.36808074
 4392 -0.9673339 -0.9243625
 4669 -0.6166745 -0.63253456
 9702 0.68209606 0.44862533
 4071 -1.2863957 -0.3283804
 8855 -0.2929343 0.011815447
 8564 -0.98928916 -0.7988225
 4308 0.37426198 0.47964257
 5024 -0.5046248 -0.5888952
 6706 -0.6360581 -0.67527705
 634 0.2988602 0.18363424
 4293 -1.4560924 -1.1442664
 5966 -0.021657413 -0.03338626
 10572 0.83251315 0.881864
 2161 -0.7931504 -0.64028
 7322 -0.8030006 -0.8429264
 7947 -0.15631557 -0.22423995
 6275 -0.6400627 -0.5703753
 3982 1.5175271 1.3668414
 9480 -0.28508645 0.04400869
 4162 0.58260244 0.78465724
 9846 -1.1517568 -0.96998584
 11387 0.57446396 1.4676751
 6922 0.33841625 0.2886765
 10470 -1.201378 -0.85198563
 9677 0.07393656 -0.26884264
 1005 2.5397446 2.243173
 9420 -0.82522947 -1.1819353
 3541 -0.55654854 -0.52375275
 10769 -1.6205201 -0.33760425
 7422 1.0704825 1.0573883
 6455 0.16785231 0.22818507
 11388 -0.628472 -0.9085464
 8523 0.64714694 0.7514485
 7082 1.8604937 1.54031
 10920 -1.1396838 -1.2902747
 260 0.14069515 -0.14455424
 11675 0.15660724 -0.08150461
 9897 -1.1403054 -1.1091943
 2206 0.19061202 0.25136566
 9560 -1.2884727 -1.2169476
 3577 0.8942486 0.90189046
 10315 -0.08677401 -0.055813093
 10142 0.71010035 0.7149843
 4574 0.45999113 0.34666148
 8792 -0.408362 -0.4779896
 8970 -2.2967649 -2.2842934
 10549 0.04044885 0.084229484
 9514 1.1181458 0.6304695
 4035 -1.9766656 -1.5600092
 8894 1.0342673 0.6562142
 8246 1.0470957 0.8827596
 10997 -1.7383814 -1.8864098
 2535 1.3005426 1.2388203
 1744 0.16661601 0.17737664
 2002 1.2479179 1.1727667
 725 2.3277507 2.1110933
 4116 0.43323 0.40200552
 9575 -0.45656076 -0.46653673
 657 -0.7281631 -0.7207192
 1047 -0.52334917 -0.57921946
 6743 -0.029791774 0.020945903
 8504 1.6049863 1.2380028
 6347 -1.4035937 -1.3024534
 6666 -0.36338854 -0.44117087
 4060 0.5324518 -0.012356494
 7386 0.40570566 0.41451743
 2294 -0.06912137 -0.4195947
 6188 0.29660577 0.0054999627
 1274 0.39475718 0.5753955
 6597 -0.86487037 -1.223124
 11467 -1.2843677 -0.8955368
 10755 -0.9428781 -1.0015533
 8181 0.90863514 0.8160079
 6518 -0.6398128 -0.7444536
 781 -1.6809096 -1.5183818
 4493 -1.2891301 -1.3520992
 4288 0.6182942 0.48366523
 2127 -1.5990297 -1.1318771
 2662 -0.9550561 -0.6200123
 11716 0.6010953 0.7437497
 6002 -1.2045653 -0.39516306
 5415 0.3306037 0.25072703
 5719 1.0379611 0.92532575
 6694 0.945625 1.0516557
 10165 0.48540223 0.837463
 5751 0.31851193 0.9852109
 10907 0.029404547 -0.7829965
 5176 1.4614278 1.7044952
 7755 -1.3835418 -1.4202123
 9372 -0.616476 -0.68733084
 432 -0.39897802 -0.35732055
 3543 -0.3505959 0.28940678
 277 1.0602267 0.9414209
 5492 -1.4241811 -1.5286858
 3184 1.602417 1.5446222
 6274 0.38651508 0.39071858
 2938 0.19332393 0.21127568
 8929 3.6244395 1.7903606
 6370 -1.0902721 -0.65799975
 11440 -0.37879363 -0.5107274
 6322 1.3079829 1.4057847
 10363 1.4588946 1.3759006
 3178 -0.4375279 -0.4231883
 4564 1.8959671 1.9434334
 1360 -0.39638942 -0.3807337
 4520 -0.44592813 -0.77884674
 11564 0.15727879 0.4044758
 2184 0.8890283 1.0477871
 10724 -0.48459026 -0.58655113
 6977 2.2522252 1.629622
 7477 1.160323 1.1055641
 1026 0.07742179 0.3078238
 3161 0.3214755 0.27303207
 5426 0.4443903 0.41081926
 5204 0.48965117 0.6202865
 2309 -0.638687 -0.67582726
 3637 -1.28643 -1.3162766
 7819 0.29382557 1.1023095
 5477 -0.4746874 -0.48487467
 3185 -0.1472424 -0.20165004
 2876 -0.24642016 -0.21898921
 7775 -0.1662872 0.59897983
 3330 1.0105354 1.101684
 8091 -0.33846977 0.090062484
 11097 -0.5206496 -0.38425952
 4416 -0.1469834 -0.27450275
 708 -0.5896741 -0.14601074
 10396 -0.13382815 -0.6942392
 4019 0.79593354 0.24775223
 11327 -0.43739632 -0.43543595
 11304 -1.215571 -1.2097647
 3318 -2.2474384 -1.9381883
 5875 0.3510842 0.5441438
 4920 -0.38641503 -0.47604764
 11458 1.1204865 0.88862777
 2748 0.694042 0.750054
 9837 1.1793294 1.5598891
 7451 -0.6562039 -0.327141
 1942 -2.3462274 -2.2459624
 8072 -0.07343631 0.1448315
 87 -0.8441964 -0.9115637
 2518 -0.94577616 -0.9642346
 1468 -0.18458664 -0.6678945
 8827 -0.9765295 -0.8773754
 2568 -1.4299601 -1.3827565
 3102 0.18262756 0.11597994
 5008 0.7811716 0.7672733
 3704 -0.5811551 -0.54257363
 5314 0.6881983 0.20950602
 7420 2.472361 1.7779738
 6687 0.22156064 0.3396512
 4382 0.65281695 -0.14577918
 6931 1.0545585 0.85873467
 4822 -0.36017698 -0.4215641
 6823 0.37031102 0.25549632
 3072 1.7298956 1.8272679
 7686 0.8888541 0.71343386
 1339 -0.34808475 -0.3664263
 2339 -0.23761103 0.319156
 9782 -0.8467309 -0.72549355
 686 3.5881262 2.9598255
 10469 -0.3288534 -0.4658556
 5481 1.412711 1.4064226
 9659 -0.5746834 -0.38931128
 8422 -1.8364246 -1.8331983
 5908 0.7016781 0.7056222
 522 -1.4160284 -1.345551
 2181 0.06613591 -0.22339098
 11769 -0.23067494 0.2689891
 7127 -1.6413971 -1.6754996
 2744 0.07663884 -0.16035125
 2303 -0.12306806 -0.38427263
 9935 -0.7639108 -0.81904423
 8680 0.13137628 0.18898802
 10452 -1.3004847 -1.2144729
 6406 -0.40090102 -0.34568337
 3440 -0.1665595 0.046262514
 10543 -0.8207848 -0.89872146
 7297 -0.8738963 -1.0328159
 5965 0.3108768 0.3856028
 3968 -0.91982 -0.815127
 11010 0.23108487 0.18656714
 5687 -0.20047672 -0.23858684
 7779 0.04717637 0.20708413
 10465 -0.081800334 -0.3398431
 4140 0.28112963 0.215167
 8740 -0.11458669 0.6227287
 6289 -0.1175411 -0.008143645
 652 0.14040086 0.43425012
 8313 -0.71067965 -0.77120245
 10092 0.03222235 0.30466235
 9512 -0.03442852 -0.1925277
 302 -0.23766924 -0.21153842
 1374 -0.6904457 -0.67335975
 10912 -0.18249588 0.95493615
 1910 -0.38370404 -0.3709395
 10989 -0.8881485 -0.88232386
 4833 0.50622016 0.42269954
 11681 0.14480244 0.05365887
 9634 1.8640312 1.9992044
 6999 -0.39746025 -0.14372855
 9882 0.1527131 0.15586771
 2534 2.279579 1.4366775
 1023 1.3062588 1.2238947
 1101 0.14483407 0.28494278
 2927 0.33174878 0.2227148
 2924 0.24441661 0.15501638
 9684 1.4198222 1.455339
 932 -0.04278887 0.04066884
 6127 -0.098393604 -0.041894753
 10086 1.7755145 1.847971
 7042 -0.23462959 -0.2009021
 9172 -1.0835171 -0.35220873
 2925 -0.47185355 -0.55505365
 1180 -0.6591607 -0.8069829
 2233 2.0490186 1.6722724
 10708 -0.7760681 -0.6099022
 8187 0.48616776 0.10549578
 9978 -0.2543716 0.19606985
 11175 1.0367069 0.7027695
 10048 -0.5228761 -0.011487015
 10502 -0.4573671 -0.46931493
 6354 0.27136108 0.52237654
 764 0.9690375 1.0312818
 8681 0.08681172 -0.02822572
 4393 -1.0174947 -0.97933495
 9003 0.32860002 0.46105814
 3620 -0.0113571 0.0036410391
 10491 -1.1643409 -0.9935937
 4983 0.2497405 0.36448932
 9473 0.535199 0.27460793
 10024 -0.15718102 -0.13437751
 886 -0.14155224 -0.32913327
 4470 -0.7992761 -0.770654
 7599 -1.3166466 -1.3674991
 11723 -1.2469336 -1.1606036
 2565 -0.13547474 -0.14185034
 1231 0.41766816 0.64727104
 1749 2.5255885 2.4202409
 10308 -0.48706108 -0.770203
 10953 -1.1682203 -0.8387505
 4067 0.2858177 0.36556143
 635 -0.7382952 -0.84984994
 7097 1.4306804 1.519038
 1608 -0.650627 -0.7859582
 7264 0.654464 0.66170716
 9470 -0.08382464 0.023753237
 11265 2.83413 2.1507332
 4638 -2.4792004 -2.2398026
 3049 -1.110435 -1.0403891
 3111 0.66745466 0.81909347
 11485 -0.9625253 -0.8529815
 338 -0.7837023 -0.8467314
 8537 0.85306656 0.37342274
 9072 -1.4010032 -0.8671759
 6781 -0.00643156 0.101163
 4134 1.1008278 1.0746787
 9245 0.38354328 0.0025823824
 9350 0.056012087 0.14408506
 9147 1.0144162 -0.14875358
 5135 1.8529932 1.8893611
 436 -1.4092394 -1.5056956
 10691 -0.3845952 -0.009710733
 3886 -1.1065078 -1.0492907
 10370 -0.08409006 -0.6560928
 1876 0.1745528 0.18096602
 5250 0.90343773 0.8357176
 5095 -0.9451092 -0.9372005
 10006 1.3068281 1.0740812
 10113 1.0333422 0.5296106
 6220 1.6905504 1.9295852
 11125 0.5818479 0.59080935
 4191 -0.44566363 -0.45875767
 7162 2.709379 1.8933372
 1508 -0.77726036 -0.71238935
 7417 -0.36973742 0.8767296
 4257 0.4410412 0.20012452
 1220 -0.3104673 -0.23225339
 4052 0.33040932 0.40590742
 1354 -0.7332766 -1.0798374
 10020 -1.1346139 -0.83587974
 5648 -0.2189004 -0.115536824
 10634 -0.060017027 -0.03794504
 9352 -0.5231841 -0.49361253
 482 0.357952 0.24378975
 8425 -0.7565364 -1.1731789
 8955 1.3419313 1.245033
 3889 -0.12413064 -0.17441581
 7279 2.7137043 2.4168792
 5497 0.19765584 0.10678832
 5868 -1.1112821 -1.0137268
 4820 -0.85022575 -1.0766915
 4815 1.3499773 1.3276739
 11295 1.1396455 0.9390731
 2520 -0.4613236 -0.42692894
 6795 -1.0896436 -1.0877956
 2940 -0.3053075 -0.25644037
 8508 -0.0021482434 -0.077476874
 4482 -1.2379581 -1.1417098
 6180 0.9641642 0.9219503
 2113 0.59808224 0.9128653
 8335 -2.0072591 -1.535853
 8450 -1.0326926 -0.6573527
 7920 -0.5192914 -0.47029176
 8671 -0.8700118 -0.3383454
 1943 -2.520223 -2.3295882
 7518 1.4615887 1.2254742
 2941 -0.60406613 -0.3457625
 998 -0.8311007 -0.85384345
 9786 -1.5611917 -1.348167
 11792 0.7778216 0.96681285
 5632 -1.7076138 -1.8022295
 2842 0.405289 0.3366652
 7781 -1.2323513 -1.2611856
 10709 -1.2233094 -0.81416357
 953 -1.2198263 -1.3678324
 10867 0.19883898 -0.78120685
 2914 0.5868798 0.42139634
 1239 1.3169309 1.3970404
 4749 0.56283426 0.45476586
 158 0.1603588 0.43585268
 5225 0.03314374 -0.030357776
 10171 -1.2447063 -1.1426127
 8858 -0.17668653 -0.14931995
 7631 -1.7228392 -0.8823985
 911 0.10591475 0.17314546
 9732 0.5470565 0.35770452
 7982 0.5639876 0.5370912
 2209 0.74171776 0.87114966
 5305 -0.06896551 -0.057421975
 11680 0.90274006 0.3588199
 9057 0.7173995 0.43027872
 1141 0.09500338 0.49199396
 5260 -1.144585 -1.6581328
 7088 0.34229663 0.5269469
 753 -0.3423483 -0.27829316
 11179 -1.4375838 -1.0368841
 2071 -0.38694128 -0.4201811
 2117 -0.04539627 0.0039965995
 9479 -2.0025578 -1.7824173
 7884 0.0177304 0.105572805
 10067 0.38162944 0.18815076
 817 0.60010517 0.54568714
 2031 0.32682416 0.2790051
 2380 -2.5811753 -1.7742686
 3196 0.23440096 0.067901894
 2918 0.25498968 0.35455814
 145 -1.0334384 -0.89706266
 7794 1.3168094 1.0418375
 4059 0.21623813 0.0048832186
 5443 -0.3309249 -0.35172647
 11728 -1.1107384 -1.2621791
 7158 -1.5681068 -1.9410461
 3503 0.03849376 -0.0670418
 9658 0.087545164 0.06974678
 5037 0.43000975 0.4078317
 3426 0.61693084 0.5992127
 5313 0.21736717 0.19139016
 9178 -0.1757381 -0.08469343
 4666 0.47963828 0.6057497
 3217 -0.4415884 -0.3110805
 1209 -0.016198292 -0.03579551
 651 0.7690363 0.50118065
 6209 -0.5656034 -0.8016893
 1622 0.7814668 0.8197791
 3435 -1.5876315 -1.6739839
 473 2.19409 1.9893208
 4262 1.4914169 1.2343589
 6653 0.6056358 0.6328151
 4595 -1.1258295 -1.1233505
 2219 -0.67231727 -0.21628691
 230 1.63465 1.069451
 7177 -0.082211524 0.05444297
 4193 -0.59415865 -0.66075313
 11323 -1.0040355 -0.94495225
 7020 0.26200965 0.046079803
 3419 -0.8974573 -0.9898494
 2221 -0.0076252413 0.06682646
 8627 0.39275166 0.33978313
 11026 0.12220914 0.066559896
 6427 -0.3319728 0.38080114
 11337 3.5267975 2.401461
 7502 1.5387769 1.3397484
 9456 1.7999455 1.8452239
 5350 0.46134615 0.15165728
 8943 -0.9619596 -1.1791999
 10499 0.26521894 0.38693896
 11273 1.3412368 1.1477717
 9515 -0.8509972 -0.8241333
 656 -0.08387277 -0.23614772
 752 1.11803 0.8946618
 3123 0.20500816 0.43615496
 7685 1.0385447 1.050685
 6830 -1.0660157 -1.173274
 4234 -0.3098471 -0.2537184
 4727 -0.33886123 -0.39596537
 5773 -0.14363201 -0.06697848
 10391 0.044709247 -0.07182179
 4716 -1.6020381 -1.872124
 5094 1.2091187 -0.34243163
 10635 -1.0142858 -0.98940784
 9840 1.1920859 1.2427953
 6601 -0.064754166 -0.15548784
 5712 -0.09595765 -0.22326542
 4123 0.9461705 0.92577356
 2698 0.029692883 0.17280768
 3604 -0.2108733 -0.18480876
 1525 -0.1500735 -0.15056653
 172 -0.17253661 -0.5144926
 8779 1.2579217 1.2262411
 5700 0.15341309 -0.3871051
 6788 -0.7189043 -0.07129075
 5810 -0.83189785 -0.74239475
 9739 -0.7303671 -0.62792385
 3452 0.63289064 0.009387303
 4823 -0.9363473 -0.9881881
 1241 -0.29936296 -0.27899802
 10818 -0.3794542 -0.58137685
 3500 0.34650844 -0.037912633
 3188 -1.3590329 -1.3853021
 11755 -0.44937852 -0.30735272
 624 -0.22350597 -0.77552086
 6560 -0.058716998 -0.010465071
 1145 0.112490535 0.17751853
 10994 -0.9380626 -0.83909637
 11406 1.51695 1.539087
 5728 0.24215713 0.24145742
 7892 0.040693637 0.12465693
 7030 2.3812633 1.3944349
 9349 0.5495012 0.27310604
 740 -0.36011234 -0.33749357
 3756 0.26660377 0.4940312
 9390 1.7111148 1.8549144
 1048 0.55074024 0.7827814
 9316 0.3041309 0.27485693
 9386 0.5119891 0.23137416
 7493 1.2025516 1.0310204
 5308 0.43175626 0.44013217
 2966 0.60996133 0.60235655
 4713 -0.14674549 -0.03303733
 282 -0.7881924 -0.44549346
 7163 -2.515229 -1.9687018
 1460 1.325653 0.5097685
 11650 0.2991545 -0.27205837
 11394 -0.7432299 -0.00952654
 4959 -0.5455258 -0.85406923
 2494 -1.0306976 -0.84740984
 4220 -1.2941239 -1.2641428
 6017 -1.276673 -1.1686939
 3375 -1.0681399 -1.061197
 3156 -1.3292063 -1.3444519
 1345 1.4333336 1.4143384
 2228 -1.0714835 -1.0411887
 7832 1.382081 1.4761946
 9357 1.94902 1.4610939
 408 -0.68838567 -0.644155
 9727 0.09626536 -0.06560877
 3925 0.22048752 0.29570872
 7414 0.699977 1.1402922
 10361 0.6420816 -0.33844048
 7969 -0.7952256 -0.81986606
 2185 0.20003541 0.09575592
 11636 1.4749951 1.7436707
 6672 -0.88335454 -0.8730662
 7994 0.31576565 0.38786674
 2634 -0.8316971 -0.8693162
 1752 1.8276385 2.2870314
 3064 -0.17442386 0.009533044
 9735 -1.1800361 -0.9284569
 4033 -0.64187706 0.15076469
 8711 -0.9009792 -0.9065398
 2020 0.26844013 0.39624488
 4398 -0.8792312 -0.9523133
 205 -1.5964617 -1.598358
 11431 0.53561753 0.5746018
 37 1.2528118 0.42373294
 2146 0.14535299 0.17505483
 2444 -0.035988923 -0.03924585
 5109 -1.6769229 -1.2897134
 4761 -1.2449102 -1.2508334
 1934 1.0424548 0.9584522
 10795 -0.14124878 -0.38763028
 2902 0.620236 0.17522341
 868 0.85191506 0.5802858
 459 -0.23278221 -0.3180847
 8713 0.21330571 0.2280185
 7739 1.5311848 1.2499206
 4436 1.1810365 -0.021355838
 8606 1.2157274 -0.49133667
 9819 -0.2079221 -0.14649528
 286 1.8763287 1.7333552
 7236 1.2471217 0.6062636
 5597 0.08833178 0.3075993
 3425 1.0080531 0.73822665
 241 1.4233533 1.332279
 9994 0.975137 0.70335954
 9354 -0.32255217 -0.40152076
 8645 0.6079512 1.0229985
 1821 0.37627897 0.32420385
 8332 2.462985 1.218514
 8866 -0.5857956 -0.2129746
 5165 -0.0004232731 0.03041188
 9428 -0.7624879 -0.65766615
 9343 -1.7808864 -1.7261145
 8734 0.40565526 1.1997664
 7325 -1.6129353 -0.98393756
 9676 1.583005 1.276511
 55 -0.24772799 -0.27506578
 8614 1.0381641 1.0536003
 4057 -1.8051666 -0.49462238
 10392 1.1517959 1.175686
 2635 -0.7067259 -0.38661447
 9838 1.5344477 1.2362052
 9146 -0.6105736 -0.58447146
 3402 -0.4595821 -1.000738
 5336 0.007878862 0.047111403
 2000 0.06817902 -0.21265559
 11100 -0.93808144 -0.91546905
 5347 -1.7468389 -0.83595157
 636 -0.6528869 -0.7095597
 9373 -0.25307387 0.4086135
 1465 -1.3748821 -1.2613306
 3959 -0.15465294 0.003003437
 8298 -0.19655783 -0.26660252
 11617 -0.18475854 0.019365732
 2472 -0.49866736 -0.65070057
 1526 0.15489143 0.66951567
 8994 0.5410317 0.4047623
 9697 0.34998038 -0.69419014
 3939 2.038035 1.4291815
 11479 1.6480702 1.7528012
 4386 0.5196967 0.40357584
 7853 -0.038219053 -0.61689335
 8327 0.17950079 0.2478167
 1924 -1.1301875 -1.0958378
 10000 0.3050523 0.3453011
 9268 0.03989968 -0.053199694
 11778 0.10472336 0.22128136
 5124 -0.018138712 0.19585373
 7813 -1.4123204 -1.19916
 2887 -0.034156688 -0.09123163
 175 -0.004066201 -0.11763194
 4738 -0.16521591 -0.14579278
 2626 -1.6390111 -1.5581607
 7858 -0.7484777 -0.9211242
 7931 0.79675823 1.1470438
 8415 0.17904514 -0.36116582
 78 -0.26341042 -0.29822406
 4420 -1.1388696 -1.2031157
 9733 0.2842532 -0.039068166
 2993 2.6346898 1.9396996
 3302 0.531722 0.10749136
 10123 -0.29996485 -0.46458012
 9876 1.6101837 1.3453096
 11437 -0.9075559 -0.91951716
 11258 0.37381825 0.7525445
 376 0.50079036 0.476386
 7376 -0.12680174 -0.12881206
 1264 0.9419954 1.0551898
 456 -0.06578282 -0.32933125
 3424 1.0020915 0.8286879
 8280 0.8304554 0.700904
