31
33
34
55
56
63
64
66
67
142
143
220
238
239
248
249
251
268
323
367
368
433
437
438
446
447
508
509
510
528
581
582
585
586
677
801
802
813
814
1145
1181
1187
1188
1189
1190
1228
1229
1240
1241
1247
1347
1376
1381
1544
1552
1553
1578
1579
1686
1736
1737
1801
1802
1823
1831
1883
1887
1888
1932
1933
1980
1981
2057
2072
2084
2166
2167
2240
2241
2328
2402
2423
2424
2569
2611
2612
2629
2636
2637
2661
2672
2673
2703
2765
2766
2850
2877
2933
2938
2959
2972
2973
3004
3005
3025
3039
3052
3053
3056
3057
3087
3089
3090
3091
3103
3113
3130
3176
3177
3216
3217
3222
3223
3273
3309
3312
3313
3319
3323
3339
3345
3346
3347
3348
3349
3350
3366
3367
3376
3377
3387
3393
3400
3422
3450
3462
3468
3470
3477
3483
3488
3499
3514
3515
3518
3524
3526
3531
3565
3567
3576
3585
3602
3640
3648
3649
3650
3651
3652
3653
3659
3660
3677
3679
3692
3701
3710
3713
3718
3720
3721
3724
3731
3732
3738
3759
3766
3789
3795
3798
3801
3818
3820
3823
3835
3836
3847
3850
3867
3868
3871
3872
3877
3882
3883
3884
3885
3886
3890
3904
3912
3914
3915
3923
3925
3937
3938
3945
3946
3950
3976
3998
4002
4073
4083
4085
4099
4104
4108
4109
4110
4118
4119
4120
4123
4125
4126
4127
4129
4142
4143
4159
4160
4172
4180
4181
4189
4199
4201
4205
4206
4211
4216
4217
4218
4220
4222
4228
4229
4241
4249
4256
4271
4273
4280
4292
4295
4296
4341
4348
4373
4379
4385
4386
4393
4394
4396
4399
4400
4401
4406
4419
4425
4439
4452
4453
4455
4457
4478
4481
4482
4484
4493
4498
4506
4508
4509
4512
4519
4520
4531
4532
4535
4536
4537
4538
4539
4540
4548
4550
4551
4552
4554
4559
4560
4562
4568
4569
4572
4583
4584
4600
4610
4614
4633
4639
4649
4656
4667
4668
4678
4679
4680
4691
4695
4696
4697
4698
4699
4700
4701
4702
4703
4714
4715
4744
4749
4760
4770
4775
4776
4785
4793
4802
4803
4804
4813
4820
4832
4837
4838
4856
4857
4858
4860
4861
4866
4871
4881
4882
4921
4923
4925
4932
4945
4951
4964
4970
4981
4983
4984
4993
5002
5022
5054
5055
5056
5060
5061
5062
5069
5070
5080
5085
5086
5087
5095
5097
5098
5104
5107
5108
5109
5110
5111
5112
5135
5157
5164
5167
5172
5175
5181
5197
5202
5203
5209
5263
5268
5269
5270
5283
5284
5285
5286
5289
5296
5302
5305
5306
5307
5308
5309
5323
5337
5349
5391
5393
5409
5410
5411
5412
5422
5435
5436
5437
5465
5471
5472
5473
5474
5488
5489
5500
5502
5553
5563
5564
5565
5566
5567
5568
5569
5599
5607
5608
5614
5624
5625
5655
5685
5688
5689
5709
5711
5713
5720
5724
5731
5732
5733
5801
5803
5816
5818
5819
5842
5843
5920
5921
5925
