 256 0.45078412 0.49875033
 2306 0.5272456 -0.1405068
 2340 -0.99618536 -0.8854439
 646 0.32661733 0.14803219
 4231 0.12506348 -0.16739835
 4870 0.014686308 -0.628432
 3564 -1.6562434 -1.5552882
 781 0.86400414 0.46709216
 1428 0.7928879 -0.0033275783
 4725 0.23812722 0.15209046
 471 1.4379488 1.0532005
 3833 0.91419786 1.0342424
 3362 0.19607507 0.502512
 1124 -1.1439881 -1.1107763
 3077 -1.3261846 -1.3595363
 4485 -0.9928199 -1.0369173
 875 0.58229196 0.3012774
 908 -1.0994942 -1.0929431
 2444 0.44418892 0.40798485
 4977 1.02091 0.24905491
 4567 0.36930862 0.41563755
 538 -2.0819807 -2.025378
 1851 2.1595664 1.6372169
 1951 0.527101 0.2282964
 288 -0.6977375 -0.720343
 4164 -1.5246418 -1.1708223
 4517 -0.41870388 -0.43010962
 4103 1.0724854 0.8800888
 2839 -1.5655266 -1.0421746
 526 0.15079571 -0.07070698
 2396 -0.32538378 -0.33846983
 2714 0.44153947 0.8434551
 604 -0.1815702 -0.33729342
 189 0.11776859 -0.39183044
 31 -0.8195112 -1.0441103
 353 1.1328816 0.28705198
 2721 1.2651789 0.98127246
 2914 -1.0682476 -0.83179957
 587 -1.1111878 -1.2864197
 2828 -0.5659758 -0.53158915
 4523 -0.31718704 0.25192082
 466 0.036228366 -0.12534288
 2323 1.377493 1.0791385
 1689 -0.99871063 -0.6085449
 5117 0.76549476 0.73768294
 1091 -0.81313384 -0.81130403
 4136 0.42229998 0.31384724
 4435 0.31279403 0.26025462
 468 -0.38869885 -0.37918243
 117 0.44756263 0.5121515
 2141 0.5742039 0.8149142
 4281 -1.7366861 -1.2489051
 2075 -0.58538324 -0.6357753
 61 -0.26234493 -0.3204752
 3484 0.36098102 0.34549677
 4349 0.59001786 0.62366784
 3507 -0.65305364 -0.49695337
 149 -1.1452639 -1.1422958
 2998 -0.8486246 -0.8251591
 569 -0.05239164 -0.27084213
 859 -0.5386793 -0.7667122
 667 -0.5700989 -0.40178183
 2397 0.079619505 0.042721152
 4065 1.7534294 1.9262881
 3758 0.6160787 0.26863128
 4474 0.25727084 -0.08933906
 1268 -0.75959843 0.10240573
 89 0.4374601 0.36938655
 3450 0.66376424 0.6341703
 509 -0.8893 -0.8405137
 2910 1.3207748 0.9753039
 2850 0.7764761 1.0767772
 259 -1.0843915 -1.0646874
 3941 0.54064476 0.46532083
 103 -1.5933084 -0.991086
 4511 -0.37498045 -0.40387553
 1097 0.09593561 0.58334124
 4190 -1.4233474 -1.4018762
 2783 -0.05746012 -0.14527427
 4801 0.94916135 0.88914335
 4009 -0.8299237 -0.45604908
 1226 -1.5010381 -1.1846691
 107 -1.206039 -1.057941
 1866 -0.50202423 -0.46328878
 4332 -0.8135739 -0.32283208
 4746 0.5164204 0.39185762
 1563 0.59243786 0.89351475
 131 -0.21562262 0.24378163
 2502 0.47487152 0.33311105
 3238 0.022831826 -0.09768757
 1900 2.6162057 2.2890668
 4781 -0.29948893 -0.33489788
 113 -0.6479383 -0.90177023
 5105 -0.54294586 -0.35975128
 1397 -0.07834031 0.103005886
 2401 -1.0972446 -1.1548241
 3489 0.011855227 -0.25161853
 4930 -1.2924395 -1.1065999
 4938 2.8083868 2.4153838
 171 -0.8455778 -0.7959646
 4337 0.21460104 0.1704542
 755 0.69220895 0.17199373
 2967 1.2858114 0.6953956
 2117 0.5576608 0.57967454
 3909 0.08831191 0.4944347
 2920 -0.9167559 -0.5858746
 3827 -1.2017229 -0.9940905
 2422 -0.3243636 -0.23376983
 4983 -0.42568314 -0.5259845
 184 -1.0446408 -1.1749446
 1980 -0.5553898 -0.59316844
 5211 -1.0928464 -0.8109591
 4139 0.0049173306 0.13003331
 4973 -0.11628836 -0.3615073
 215 -0.4712199 -0.39600894
 1753 -0.4154113 -0.5318109
 4379 -0.23612805 -0.5511933
 4380 0.43302593 -0.22272685
 3583 0.0059414795 -0.08761293
 4129 0.18201286 0.45257747
 2819 0.7826891 -0.17495301
 1099 0.3760039 0.516137
 4624 -1.6021148 -1.5588621
 5010 -0.10913016 -0.21983588
 470 -0.37522462 -0.54479223
 2489 0.08373501 0.012584835
 3807 -0.6023741 -0.06634945
 1770 -0.26996157 -0.45707333
 3051 0.27184284 0.60542357
 1649 0.6768874 0.56012195
 2801 -1.6669003 -1.3289412
 2932 0.43856212 0.11215153
 500 0.031186558 -0.09370634
 3191 0.87966156 0.56974965
 4507 -1.9633018 -1.6060266
 547 -0.40207353 -0.54521334
 2596 -0.92116904 -1.0883226
 4552 -0.57080233 -0.5193162
 4471 0.2770382 0.17459744
 600 -0.89213383 -0.7457306
 3513 -1.182945 -0.8412169
 1466 -1.5075032 -1.4231107
 1150 -0.38177904 -0.68019235
 4739 -0.401707 -0.035220727
 5031 3.2066395 2.622282
 3528 -0.26219806 -0.17560932
 3499 -0.10250668 -0.46244413
 811 -1.213646 -1.3022311
 620 -0.4822628 -0.6007267
 2987 -0.8196674 -0.4274498
 3420 0.5390487 0.35892308
 768 -1.1814895 -1.1011719
 651 -0.17993735 -0.15682125
 3341 -0.7216968 -0.54806423
 978 0.21550941 0.1636762
 3252 0.027507346 0.15381706
 4632 0.7793511 0.202093
 1019 0.21861252 -0.06970386
 5116 1.5341182 1.0513487
 3459 0.55665714 0.90515566
 3243 -0.83303857 -0.14863573
 1101 -0.5784054 -0.60802066
 3605 0.3294924 0.43596745
 1110 -0.7420675 -1.0814701
 3510 -0.30822405 -0.48879778
 3964 -0.7517465 -0.90672153
 702 -1.6362182 -1.3430699
 4259 0.5184989 0.87602687
 3847 1.0365802 1.0973506
 2473 0.11335336 -0.06000212
 2986 -0.19156808 -0.22091186
 3466 -0.9883717 -1.0285571
 1520 1.5285627 1.6400807
 825 -1.2078378 -0.938049
 831 -0.9115004 -0.79503
 4504 -0.57116574 -0.074438065
 3111 -0.6229176 -0.53473365
 3880 1.0414499 0.84663033
 3015 -1.0052534 -0.7365555
 3022 -0.46556255 -0.514423
 2864 1.4884871 1.4323213
 4216 1.5335929 1.4863658
 4124 -0.90401846 -0.9214333
 1248 -0.82479984 -0.7208631
 4834 1.7596451 1.8140473
 1575 0.69255 0.8513826
 584 -0.47158292 -0.59358025
 1994 -0.8831426 -0.6771184
 2161 2.1892185 2.1274877
 3766 -0.1116991 -0.1858168
 931 1.3641641 1.4196692
 1719 -0.5356196 -0.4759324
 2990 -0.21754432 -0.3429332
 2773 -0.5036854 -0.04162076
 2007 -1.0035218 -0.5450141
 4859 0.17867567 -0.5407866
 4639 1.0190694 1.1711446
 2241 3.2202854 2.8691483
 3809 -0.7055452 -0.42053664
 4806 -0.23821722 -0.3146835
 2695 1.4325374 2.1193304
 2541 0.63715595 0.8706744
 1199 -0.65211904 -0.80673367
 2294 -0.2604639 -0.5462711
 3808 0.35098225 0.2680179
 4611 -0.5345003 -0.8863025
 2246 -0.65414256 -0.552469
 1958 -0.5735645 -0.5657763
 2792 3.1771886 3.0985465
 3195 -0.32256746 -0.4744952
 2495 -0.45305735 -0.39551532
 2567 1.1929103 0.78907657
 3752 0.95570666 1.6350081
 2090 -0.27164263 -0.19691293
 819 -0.838598 -0.56612915
 212 0.6660535 0.6059184
 26 -0.09410833 -0.44247064
 4736 -1.2621337 -1.3792804
 4193 4.0681286 4.261406
 2338 -1.0209408 -0.936918
 2893 -0.91809094 -0.7389853
 3250 0.3074098 -0.07179132
 84 0.124826364 -0.16040899
 96 0.26733458 0.082380205
 161 -0.52090186 -0.46553454
 4935 0.56673217 0.087262124
 2286 -0.17141761 -0.5334597
 2962 1.2735192 1.7678466
 1944 0.028573304 -0.063945964
 5122 -0.12934354 -0.3055707
 551 -0.7738866 -0.8586344
 1430 -0.19340944 -0.32974765
 121 0.77920735 0.76385534
 1565 0.7285861 0.8950913
 4926 0.34203777 0.022592694
 4620 -1.5285499 -1.2478801
 2287 -0.04444754 -0.330499
 3376 1.5982542 1.1769524
 3926 -0.38800755 -0.759729
 633 -1.3044202 -1.3247937
 4603 -0.027100882 -0.15417284
 1377 -0.486809 -0.81217957
 2533 -1.1659393 -0.72607064
 3209 -0.71853983 -0.56924254
 4236 0.9733573 0.63827336
 2421 2.2337132 1.1834421
 2262 -0.5189972 -0.40661064
 4217 2.0735784 2.2317214
 4162 -1.1515023 -0.9710529
 4845 -1.2428946 -1.6834043
 2357 0.80595255 0.5562984
 1815 0.4309313 0.21046126
 3609 2.9156153 3.3846622
 801 -0.56554455 -0.3816932
 3814 -1.064927 -0.96337485
 1897 0.22891378 -0.06775813
 209 0.28105968 0.46631998
 3962 -0.5669626 -0.48244235
 4516 -0.4370249 -0.5320815
 2696 1.1909348 0.847185
 1485 1.2916006 1.6991065
 461 -0.9436222 -0.8585695
 3198 -0.15335324 -0.36255112
