 4482 -0.724862 -1.1835895
 1607 -0.5717432 -0.026423857
 3911 0.10129523 0.20440301
 4457 -1.0466712 -0.6104653
 2442 2.5148306 3.2215972
 4721 1.0016744 0.7661225
 3442 1.8482267 1.4857275
 4753 -0.25639644 -0.35296625
 2006 -0.5958604 -0.41928005
 184 -1.0446408 -1.1768546
 4857 0.30373466 0.3585212
 3326 0.6487777 0.5432984
 1282 -0.9522805 -0.7510774
 1924 1.1023986 1.609333
 3397 0.36117893 0.19299114
 556 -1.321901 -0.5830931
 2862 0.7186577 0.2906385
 3984 0.47890782 0.5893803
 1907 0.3231604 0.30677626
 3670 0.52750844 0.4571789
 4408 -1.0694165 -0.9260271
 890 0.5495409 0.24236983
 3675 0.018083492 0.8716833
 2748 -0.10474682 -0.23853686
 4612 -0.75247204 -0.69512343
 4581 1.8897173 1.3376848
 1064 -0.13964236 0.15391846
 4267 -0.09978212 0.28154877
 2991 -0.9004254 -0.75517607
 721 -0.32753646 -0.55234367
 4724 0.9051243 0.6607536
 2069 -0.54678845 -0.31686705
 4127 0.31705528 0.18655829
 542 0.6422331 0.19030568
 3519 -0.012762699 -0.08545394
 4617 0.29298407 0.46561268
 4043 0.47399953 0.3581427
 972 -0.4988494 -0.76208913
 1168 -0.67233247 -0.8967958
 1553 -0.784529 -0.7022893
 4977 1.02091 0.5648993
 755 0.69220895 0.07028685
 3449 0.41980183 0.3523902
 4858 0.6891409 0.7230258
 4540 0.4220905 0.5887158
 2982 0.15250105 -0.03365591
 808 0.49515042 0.21170695
 969 -0.596817 -0.23719458
 5100 -0.76828474 -1.0093291
 3407 -0.2293716 -0.32499325
 788 1.4696931 1.2289566
 1142 -0.71556795 -0.32975203
 4470 -0.60511935 -0.33642837
 4733 -0.63718086 -0.8552607
 2277 1.2352178 -0.04887645
 1257 -0.6603512 0.22582042
 4913 1.8327708 1.7743644
 3252 0.027507346 -0.07079385
 4791 0.23086502 0.33411118
 1529 0.058589067 -0.8242899
 4188 -1.3658601 -0.824296
 4093 -0.43409413 -0.57730937
 2431 -0.81773657 -0.69616854
 2214 2.325867 2.1534696
 4360 -0.8300339 -0.2494217
 1974 -1.1844587 -1.2433419
 30 -0.34667516 -0.5237086
 3834 0.86419463 0.6745759
 4699 -0.8879147 -0.6188527
 1820 -0.6863403 -0.6340114
 3678 -0.32951155 -0.8068975
 67 -0.012424354 -0.26915783
 3332 1.5173105 1.617977
 45 -1.0026278 -1.4092362
 4527 -0.15164 -0.4930355
 784 -0.22974911 -0.0042665303
 753 -0.33720756 0.04043737
 1112 -1.650046 -1.533011
 4283 -0.6679435 -0.285893
 4321 -0.4383016 -0.43251902
 1350 -0.27166256 -0.55614233
 46 -1.4984666 -1.0532829
 2963 2.4940696 2.383618
 4149 1.2603103 1.062459
 4794 0.95638025 0.6474967
 765 -1.0345591 -1.4477975
 190 -0.5313161 -0.50146544
 4003 -0.6227532 -0.45545682
 2986 -0.19156808 -0.5984546
 4078 0.54569685 0.97648215
 4273 -0.19245225 0.39931506
 2997 1.387634 1.1559736
 1816 0.53939915 0.48774126
 92 -0.28076655 -0.09763955
 1311 -0.9392945 -0.8315606
 1538 -0.64309764 -0.5077449
 1670 -0.6879151 -0.4037593
 2441 2.4214916 1.7330248
 3084 0.17540514 0.2439112
 115 1.0983086 0.53750014
 283 0.21578467 0.116574645
 2108 -0.037786566 -0.16307774
 4255 0.25791183 0.18648645
 3809 -0.7055452 -0.26008168
 4676 -1.151953 -0.88485545
 166 1.2166055 1.4478141
 1705 0.5207587 0.82128346
 3121 1.0890626 2.7083147
 4241 -1.361807 -1.5856868
 2554 -0.35046288 0.0725113
 4350 -1.2304153 -1.0957366
 3618 -0.07620543 0.007563945
 1762 0.036837805 0.6333715
 264 -1.6690586 -1.1000782
 2572 0.61760604 0.6799134
 1748 -1.9035951 -1.4528506
 4533 0.7289755 0.7171354
 5076 1.6702604 1.7359033
 5108 -0.462865 -0.594009
 3459 0.55665714 0.5049696
 2213 1.1214687 1.2941405
 1734 -0.5248551 -0.019207757
 4941 0.38835755 0.33669838
 306 0.49938643 0.1141465
 2837 -0.038473986 0.17705797
 4315 -0.60450935 -0.40312088
 3516 0.6276237 0.08552113
 2890 1.4523036 1.3801079
 2699 0.9596763 0.7543557
 2380 -1.4276102 -0.9903966
 1613 -0.9654594 -0.66118145
 494 0.6911672 -0.07284861
 335 0.50758064 -0.017449066
 563 1.8144246 1.3846297
 3896 0.26564136 0.22635563
 2338 -1.0209408 -0.6438973
 4135 0.08361609 -0.13805106
 457 0.061534673 0.116164684
 3917 0.19964662 0.21667115
 431 -0.5936527 -1.0417771
 5172 1.1063445 0.9295711
 4759 -1.5250682 -1.4611651
 2138 -0.66125447 -0.0031724237
 4865 -1.3705114 -0.8795501
 3011 0.34051844 1.2331437
 2596 -0.92116904 -0.5593094
 4935 0.56673217 -0.023291957
 554 1.5560632 1.8469006
 3599 -0.8932198 -0.9802455
 1266 -0.6441743 -0.0835285
 3959 -0.557597 -0.6280449
 1475 1.6185644 1.69665
 4455 -0.50174606 -0.9063301
 975 -1.0787481 -1.0327208
 3921 0.5158472 0.03443697
 886 0.42227462 1.2764539
 2647 2.7494204 1.0163878
 568 -0.48359522 -0.35028765
 1790 -0.22390682 -0.6071155
 1539 -0.5530766 -0.41290405
 5251 1.4414881 1.3874829
 4517 -0.41870388 -0.53443396
 1224 -0.5343403 -1.0682573
 1002 -0.119978964 -0.5210272
 1175 -0.10448678 0.15504958
 2777 -1.1259856 -0.9147768
 1338 -0.87472576 -1.1128193
 5095 2.3058114 2.2656302
 3145 0.50479853 0.74726146
 1131 -1.0602576 -0.51107705
 3057 -1.3716989 -1.0923313
 2771 -0.19470729 -0.35670137
 1140 0.3175055 0.10780737
 2327 0.52566224 -0.033725258
 4667 -0.80915993 -0.83355117
 3139 -0.9213055 -1.3953608
 3783 -0.5653705 -0.76934737
 1611 -0.24980758 -0.4360716
 1522 -1.0974177 -1.6798805
 2707 -0.39673495 -0.7602679
 3768 0.08329609 0.20957841
 3802 0.010362585 -0.29789463
 3706 -1.5577028 -1.1611497
 33 -0.984462 -0.7408337
 5191 0.72723925 0.5788721
 5032 -1.9678731 0.73160267
 3212 0.54582494 0.55480057
 944 -0.40178612 0.17240861
 1978 1.4343858 1.1573411
 1980 -0.5553898 -0.98011404
 1632 0.06778836 -0.12577577
 933 1.244355 1.117239
 4395 -0.55123943 -0.4925984
 4844 1.6555258 1.080067
 246 -0.93462825 -0.050250944
 4987 -0.40970084 -0.43118626
 2463 -0.74025255 -1.3550526
 1536 -0.014565726 0.32924467
 5123 -0.34508088 0.18158019
 334 0.20147736 0.5092306
 4720 -0.63553476 -1.0412796
 946 -0.43104643 -0.55756134
 2747 -0.88440424 -0.55041444
 925 -0.3188979 -0.6603219
 1878 -0.022968037 -0.21318199
 3803 0.18399021 -0.26300803
 3771 1.3203428 0.67394555
 1212 -0.057483815 0.4252347
 477 0.4580573 -0.80536497
 1310 -0.41808984 0.4808722
 1439 -0.5633702 -0.2949864
 356 -1.290282 -1.4713455
 491 -0.4891468 0.06841819
 5067 1.1425529 1.128941
 1997 -0.51078963 -0.8357807
 3603 -0.024533598 0.07925153
 346 -0.7678066 -0.5178774
 622 0.25577152 -0.2795408
 4463 0.5324985 0.4427577
 2063 0.13289669 0.43734908
 1905 0.2858445 0.13035655
 4750 0.3223256 0.69571024
 3443 1.9456755 1.7155641
 834 -0.7251882 -1.0067139
 4007 2.2204604 2.3166404
 2983 -0.48714027 -0.34919855
 2134 1.4605563 1.8672575
 5084 -0.3540024 -0.5522288
 4157 -0.82568526 -0.77456117
 2341 -0.49323034 -0.74456465
 1256 0.38976425 0.5192398
 2730 1.1380152 1.3697679
 1459 -0.5024489 -0.42666894
 1941 -0.7618839 -0.74838996
 983 -0.27413112 -0.35130277
 2784 -0.313557 0.3354318
 2472 -0.42014077 0.3366958
 1292 -1.4561621 -1.1479388
 1069 1.0005696 0.8591889
 1117 -0.22119716 -0.49660304
 1726 -0.05511061 0.0014741756
 1090 -0.8507596 -0.70399
 2632 0.91970086 1.2735388
 2861 0.71713036 0.58145535
 2509 0.8814265 0.73615634
 3056 3.4478993 1.7847171
 1304 -0.031149909 -0.047729567
 2279 0.029637717 0.102225825
 2088 -0.80638504 -0.18362013
 1321 0.24910963 0.12314743
 3691 4.381534 3.5296874
 4495 0.16469441 -0.23509094
 5176 1.2662144 0.7585405
 4133 0.73061097 0.27383807
 3851 0.5353086 -0.10262363
 144 0.96274966 0.66727495
 1937 -0.8802277 -0.25123718
 3228 0.43706208 -0.2110942
 2529 0.04354032 -0.15653554
 966 -0.87064695 -1.08004
 467 -0.25334087 0.14307037
 4378 0.40257874 0.34597299
 1115 -0.6445831 -0.45591807
