 10442 -0.6842211 -0.62379456
 9367 1.1578518 0.1276024
 9042 -0.48952636 -0.8526666
 10340 0.41872248 0.37727216
 10456 0.6158825 0.5737225
 10636 -0.6708119 0.025866445
 10271 -0.62183017 -0.85346663
 3250 -0.59930927 -0.5771652
 8248 1.2870297 1.336552
 3900 0.52861774 0.75192314
 9055 0.9903546 0.7696555
 4676 0.5935395 0.810605
 1157 -1.0650604 -1.0850214
 10455 0.8271815 0.16283879
 779 -0.36588043 -0.40997997
 8458 -0.5048521 0.74588287
 10058 -0.5682704 -0.5712765
 8366 0.42739868 0.51109815
 2210 0.57227695 0.5099889
 6936 -0.2086331 -0.0813618
 8435 0.029018572 -0.04506008
 6591 0.16083142 -0.10705909
 1688 1.4261715 0.2173172
 3992 -0.21257031 -0.7733085
 7802 1.2639863 0.7932079
 5141 2.0709424 2.009285
 2250 1.573401 1.3503569
 9907 -0.32324988 -0.4417549
 1245 -0.36302367 1.1955819
 7326 0.40632957 0.27313313
 9244 1.1497326 1.2382492
 7143 2.953291 1.3016039
 8192 -1.7373967 -1.6461484
 3384 -1.1511288 -1.3259578
 2429 1.065915 0.7949883
 10619 1.7265795 1.6586745
 11642 -0.09371331 0.21595168
 9763 -0.47339287 -0.4441919
 11578 -0.02169867 -0.10474235
 5742 0.14066994 -0.46973756
 11379 -1.3245549 -1.4822997
 5553 1.3280449 1.3682066
 9746 0.3368265 0.3178787
 170 -0.39895925 0.07123664
 4158 0.96547157 0.59616333
 1757 -0.2392159 0.14033113
 2076 -0.8931391 -0.9093437
 4246 -0.18486628 -0.27088854
 8882 0.90987694 0.5396051
 6942 0.34289896 -0.014005814
 5635 -0.34367767 -0.43292955
 1387 1.9850028 1.9125309
 4590 -0.54985404 -0.4760886
 9412 -0.10860361 -0.17080341
 2770 -0.9677538 -0.906157
 5932 -0.39099357 -0.4247578
 11448 0.5141276 0.22207218
 899 2.892111 3.388449
 3751 0.027823973 0.114829704
 10275 -1.6093547 -1.4556761
 6047 -0.90155035 -0.99347854
 6875 -0.12187025 -0.08806941
 4021 0.01872605 0.19198497
 9383 -0.048850793 -0.31576535
 8642 0.8487539 0.14753842
 5622 -0.07298891 -0.034194123
 1990 0.50165904 0.900727
 143 -1.4277799 -0.9193709
 10095 0.9231564 -0.023064565
 10544 -0.5964131 -0.6276458
 11793 -0.7166884 -0.9638474
 1609 1.2247612 1.0414662
 2655 -0.055931285 -0.23987982
 9698 1.5483406 0.2413442
 7202 0.71077055 0.75323486
 157 -0.88584685 -0.6992773
 11612 -0.3330473 -0.29398605
 4594 0.89804554 1.0540245
 107 -1.9946804 -2.1811874
 5514 -0.053213872 -0.14152578
 5341 -0.20944217 -0.7108645
 10173 -0.1282228 0.8936427
 259 -1.8452654 -2.2107263
 3342 -0.6247809 -0.27689672
 11031 -1.07167 -0.93932486
 5882 0.052275185 0.13972372
 7215 0.32785693 0.2721245
 2072 -1.5864662 -1.6297079
 9441 0.64566404 0.562567
 8188 0.15703584 0.1679254
 6801 0.1420809 0.33912337
 7470 -1.6941739 -1.6017816
 1678 1.8510474 -0.7597121
 7730 -0.23377879 -0.43907094
 5982 -1.3044435 -1.3560205
 9980 -0.6924705 -0.7614552
 6131 0.19613944 0.24283586
 8092 0.020977268 0.021572728
 1901 0.460461 0.45176563
 7901 0.68094224 0.3970165
 11255 -1.3079714 -1.3199928
 4435 0.26155767 0.22373265
 8871 1.6123616 1.6608816
 7499 -0.9610043 -0.7512785
 1689 0.00861139 0.0022638924
 1663 -0.7046714 -0.21599704
 2418 0.615987 0.7596775
 1624 1.2017815 1.0774008
 7407 -1.161618 -1.115254
 10859 1.8601613 1.742623
 4202 1.2783769 1.1776247
 9183 -0.0011585514 -0.33629817
 1403 -0.8299405 -0.90752673
 8367 0.75606346 0.9723052
 7296 -0.57699466 -0.28561792
 7225 1.1931851 1.1579466
 7820 -1.0389452 -0.73710954
 9497 -0.5542263 -0.51516545
 9291 -0.7936579 -0.79103196
 4413 2.1084611 2.0465844
 8594 -1.0089551 -0.9007773
 4352 0.08341587 0.05225443
 10443 -1.131824 -0.39454547
 4562 1.1586485 1.161768
 3146 -0.7690224 -0.6639745
 9272 0.88815826 1.1307245
 7172 -1.2476776 -0.86931825
 489 0.1269371 0.07948148
 8503 0.7177772 0.76302946
 1042 -0.2372136 -0.33854458
 3921 -0.037297662 -0.053031523
 8232 2.0463555 1.7971147
 1664 -0.04990237 -0.20715609
 10528 1.007404 0.05135964
 5448 0.86849415 1.1587026
 870 -1.5794792 -1.5384234
 6676 -1.1781543 -1.144009
 1218 0.37800944 0.43525735
 6033 -0.5605591 -0.5378623
 826 1.8716966 1.1541518
 9783 -0.00605842 -1.560985
 10247 -0.58264726 -0.29526177
 10115 -1.6072048 -1.532937
 2478 -1.1461703 -0.95390606
 710 -0.60847914 -0.54121625
 6957 -1.0228136 -0.9775747
 7595 -1.172401 -1.1617934
 9223 0.2545088 0.13813286
 10263 0.1973918 0.17787719
 675 0.22429363 0.2377153
 10529 -0.5240652 -0.31350946
 266 0.8546243 0.76946914
 1606 -1.8024913 -1.7690098
 11244 -0.1301944 0.33472463
 7861 -1.6539102 -1.5917674
 6649 0.0975929 0.37539393
 9174 -1.2470362 -1.8309411
 11773 -0.16261081 0.12222295
 6194 2.3572538 2.059082
 1498 -0.1494409 -0.26146957
 11272 1.0156658 1.0455753
 5290 0.702258 0.16078606
 5388 1.6829212 1.1292349
 1306 -0.44078392 0.0806057
 11585 -0.08148495 -0.18934512
 8137 0.6765058 0.7392056
 906 -1.6020555 -1.6601322
 3560 -0.4842506 -0.40286976
 9721 1.2688073 1.497978
 8542 0.32319635 0.26568732
 5280 -1.0036353 -0.8979566
 5061 -1.081975 -1.0607947
 1706 -0.66126245 -0.61538315
 5905 -0.20499703 -0.51874125
 7075 0.6902795 -0.45749524
 11017 1.3668084 1.2814499
 10701 -0.61771005 -0.53892726
 5073 -0.13245706 -0.12445797
 5958 0.30745527 0.31581876
 8593 1.3262287 0.15379356
 11048 -1.028076 -0.9888569
 2240 -0.83356786 -0.71830916
 6803 0.4031973 0.5037092
 7544 0.4992955 0.3925887
 4598 0.17136781 0.3710272
 6520 0.13876207 0.25277546
 7071 1.4806156 1.3536967
 26 1.3110538 1.243671
 10257 0.95404357 0.93964994
 8852 0.18569978 0.2540708
 401 3.9031394 2.6368766
 1327 -0.033457164 -0.32119885
 4779 -1.2326506 -1.2219034
 10476 1.2219108 0.9977673
 346 -1.0200453 -0.9984919
 2094 0.5026345 0.6173972
 7731 0.027562225 -0.026558142
 2627 0.18454048 0.13743718
 7122 -0.28361177 -0.8471824
 1536 0.797874 1.0610564
 1095 -0.62694454 -0.6768274
 278 -0.8063928 -0.78118396
 11112 -1.0448027 -0.9174229
 10074 1.6747222 1.0694975
 3243 1.683414 1.7172705
 4328 0.48883063 0.29569927
 2529 -0.92767656 -0.86227614
 6747 -1.8996581 -1.706119
 5173 1.3382233 -0.29897967
 13 -0.98335284 -1.0335639
 11089 -1.0344433 -0.7711177
 975 -0.5175192 -0.6488844
 8245 0.48369008 0.47263303
 7674 -0.8364191 -0.5986022
 3572 -0.5160115 -0.688897
 11875 0.27299207 0.045171004
 1015 1.4211699 -0.12203938
 5945 -0.19570337 -0.060127567
 9212 -0.16421476 -0.362802
 7103 -0.0599391 -0.1057293
 9726 -0.57702816 -0.54646677
 11165 0.68262136 1.3009988
 324 0.09005309 0.047055785
 5853 0.4930232 0.53638995
 6806 0.16556121 -0.11877139
 1700 0.17438456 0.074468486
 10298 -0.7192403 -0.5437366
 3048 -1.2468263 -1.3100365
 7600 0.023720808 -0.6959629
 4586 0.0056336047 0.10182235
 11739 0.754934 0.5999167
 2915 -0.7951019 -0.74766254
 10033 0.59933096 0.59966016
 7196 0.7098111 0.49592945
 3595 -0.54967934 -0.64746296
 3546 -0.6230683 -0.59613913
 6026 -0.10022355 -0.10690901
 8025 0.3634689 0.3461691
 6235 -1.1678522 -0.919863
 6142 0.3388224 0.34658435
 1657 -0.9900272 -1.0832826
 10364 -0.74664366 -0.74110204
 10276 0.3543971 -0.013849538
 2961 -1.3180681 -1.0309967
 6934 0.275081 0.3267853
 6286 0.007535977 -0.17046246
 10815 -1.7489412 -1.9886419
 9288 0.77743655 0.7020006
 536 -1.3437822 -1.2259248
 4744 1.4430829 1.1850047
 11284 1.1020472 0.9673757
 10279 0.2581751 0.23063514
 2726 -0.7628826 -0.833272
 1844 0.75522554 0.6713674
 3787 0.78981525 0.7532892
 3988 -0.3311046 -0.26032135
 1136 -0.41889334 -0.42436656
 7638 -0.960137 -1.0136797
 3635 -1.1626378 -0.71904916
 5818 0.337956 0.4272217
 7369 -0.32027805 1.3134707
 5264 -1.6057022 -1.6590871
 5438 0.29698855 0.2359022
 11877 -0.8318745 -0.9670211
 4518 -0.9667999 -0.91877496
 9252 2.0216043 1.7947887
 9992 -0.12911394 -0.2348327
 6038 -0.75381076 0.12538776
 1332 -0.58952606 -0.52876997
 3853 -2.0848033 -2.009684
 4814 -0.61853147 -0.6747446
 11198 0.400462 0.26019317
 10291 1.3019714 0.86139303
 4739 1.4310687 1.036803
 1968 -1.4571655 -1.3324894
 11596 -0.92056906 -1.1174082
 529 1.3782419 1.3837119
 3711 -1.5360318 -1.3573109
 8322 -0.20849282 -0.08830172
 11625 -1.6822752 -1.7154378
 7258 -1.3540019 -1.1294852
 10301 -1.0411193 -1.0429779
 4773 -0.3343125 -0.20804998
 2905 0.24858165 0.26609036
 4442 -0.98730016 -1.0712374
 8312 -0.051892754 -0.20314687
 10244 -0.6622448 -0.54538745
 4043 0.34639475 0.43899056
 7676 0.5314176 0.4243709
 9221 -0.5027522 -0.3688028
 5370 1.4303416 1.2189623
 8484 0.21461628 0.12502797
 8083 0.021608489 0.47314867
 4557 0.28558943 0.24780515
 8784 0.77074796 1.3392186
 6839 0.6149886 0.6597553
 7960 -0.0110440105 0.2560503
 4269 2.3817556 1.9832019
 9530 -1.1526309 -1.4448208
 4700 1.7336046 1.6618055
 10609 0.6771467 0.19098644
 5074 0.02737153 0.042176966
 9802 1.2376469 1.6734959
 2509 -0.49539164 -0.74067974
 10837 0.4779642 1.1820728
 3832 -0.38183513 -0.43031403
 10104 -0.48411673 -0.6288649
 10583 -0.055424288 -0.06433882
 11524 -2.0239725 -1.3736163
 151 -1.6168437 -1.4668401
 4609 1.2939233 1.1603612
 4243 -1.1279116 -1.1444536
 7984 -0.22142895 -0.039592523
 9464 3.4866574 2.3793898
 6882 -0.07691697 0.13853607
 2603 -0.13398996 0.08816309
 9669 0.46736866 0.28334314
 9397 -1.3608701 -1.3175663
 3977 1.0247344 1.1896259
 1072 0.2981616 0.28434423
 2006 1.1396981 0.20209308
 6729 1.1865392 0.91773105
 5525 -0.3536507 -0.1508941
 8244 1.8516836 1.7038559
 11780 -0.13611467 -0.15475897
 4584 1.2581381 0.8588085
 6783 -0.23405474 -0.23955253
 4954 -0.26617733 -0.12009828
 2974 1.3708111 1.2149788
 11606 0.41334358 0.62869585
 11075 -0.5074348 -0.652893
 5785 0.68849903 0.8274801
 11138 1.9956533 1.7209615
 10079 0.96640944 1.855298
 6699 1.9103854 1.830385
 8122 -0.41755113 0.016254697
 8112 -1.3229914 -1.2901667
 507 -0.944059 -0.9611902
 8426 2.1817334 1.6600417
 3245 -0.21624349 -0.1388877
 11237 -0.42061922 0.32267788
 4928 1.4191562 1.557406
 3439 0.56731606 0.28645727
 7990 -0.064875185 0.11928148
 11404 3.522056 3.036899
 3267 -1.0090798 -0.82143754
 8517 0.45681578 0.8338413
 11613 -0.88453126 -0.82863075
 10206 1.2548265 0.5203168
 400 2.5723426 1.9150163
 1737 0.6039617 0.53747725
 8095 -1.9659693 -1.9476897
 6154 -0.13512543 -0.07183784
 8465 -0.8170076 -0.5166354
 41 -1.6726354 -1.9114889
 515 1.2725965 1.3069335
 5237 0.92151624 0.8328471
 9368 0.14732641 0.032529414
 8054 1.291518 0.77183646
 1761 0.10703875 0.09577575
 6870 1.733368 1.3370652
 6181 -1.2958539 -1.0842837
 10933 0.57835215 1.1923841
 4529 -0.051232655 0.15170184
 6452 0.22944975 0.6029442
 2469 0.68314075 0.523991
 6704 -1.621022 -1.4339224
 10189 1.0758523 1.1878093
 1324 -0.3055656 -0.22774455
 4484 -2.4877107 -1.8639671
 3270 1.2109867 0.94440705
 10402 0.08590042 -0.04813805
 5912 0.24670175 0.35499948
 6213 -1.0761409 -0.63521284
 3434 -1.5530839 -1.5994087
 6719 -0.8409101 -1.0219073
 9948 -1.148795 -1.1327341
 10687 -0.64653534 -0.64695287
 4113 0.4070951 0.51720124
 9814 1.8035178 1.5156025
 183 0.31562307 0.22716841
 169 0.31492034 0.45457748
 6217 0.40542924 0.37185064
 7059 0.570811 0.39891878
 7250 -0.105110586 -0.38906965
 10569 -0.1447959 -0.14492938
 11584 0.25593445 -0.31368646
 9629 -1.2121266 -1.2256075
 6550 0.00046281976 -0.010299284
 2586 1.8756108 1.2862899
 10841 1.1084695 1.3556119
 10413 1.0571802 0.90149474
 1053 -0.38637516 -0.483497
 10957 -1.9780624 -1.8193926
 6321 1.1285031 1.4946109
 1142 1.1602507 1.1189066
 8120 0.99506605 1.0421339
 4864 0.0986078 0.050425895
 4133 0.20084311 0.29492867
 9491 -0.22491007 -0.21254802
 7475 0.7925203 0.55830526
 3174 0.2812337 0.23876604
 9493 -0.54989433 -0.96545327
 7902 -0.13151506 -0.35679993
 1559 1.608901 0.9780502
 6774 1.5144178 1.49658
 8199 -0.062082592 0.07919757
 9132 -0.07445902 0.2659788
 8870 0.31986606 0.5651102
 2145 0.012333164 -0.31628394
 1598 1.040476 1.1655074
 4390 -0.27100798 -0.28972992
 3276 -0.34105423 -0.21933895
 2324 -0.52296823 -0.5651243
 4443 0.9374077 1.489426
 5759 1.2945948 1.4015079
 361 -0.21988322 -0.20291445
 8239 -1.2063186 -1.051289
 11561 0.26425034 0.23528476
 11559 0.32067055 0.60562503
 10011 -0.2586036 -0.35228875
 1098 -0.6299741 -0.69916195
 7404 -0.20128947 -0.11703676
 5953 -0.4048433 -0.40873495
 7949 -0.39928883 -0.30010787
 10384 -0.4310172 -0.3697258
 4283 0.7444819 0.6279808
 10716 0.92135715 1.1279638
 5118 -0.44450754 -0.45973817
 5059 -0.45008537 0.10429956
 7965 2.0571067 2.0588899
 10394 0.25332108 0.16938631
 3447 -0.85733604 -0.7082811
 5297 -0.6390574 -0.5594709
 3944 -0.63170093 -0.6215837
 9154 1.676543 1.4089385
 1605 -0.32906836 -0.24199
 2434 -0.23027796 -0.044098947
 9453 1.9643668 2.1013918
 8907 0.964249 0.8538106
 8815 -1.0396621 -1.1060941
 1570 0.28323644 0.6531508
 3737 -0.69291055 -0.75987136
 10246 -0.76875836 -0.7137346
 7077 0.6305789 0.6083316
 49 -0.20411232 0.15308607
 6270 0.005091314 -0.17432591
 5873 -0.5304338 -0.4080378
 1269 -0.5131405 -0.59602135
 4051 -0.46217072 -0.47771016
 2205 -0.74049187 -0.8174711
 4425 0.40690255 0.43801105
 11535 -2.667199 -1.8118051
 10948 1.2012699 1.293259
 9409 -1.6389657 -1.6743279
 9888 0.23008877 0.37653503
 4932 1.3928443 0.74605596
 7275 -1.4371309 -1.4978805
 5568 -0.37412158 -0.41789016
 4325 -0.12293741 -0.57219064
 2104 0.90095365 0.6918225
 10481 -0.7164308 -0.6536396
 1223 0.035692003 -0.31453153
 4131 1.1512563 1.0140927
 458 -0.25976977 -0.5436153
 2266 0.0490329 -0.10705173
 1923 -0.16592368 -0.1809354
 7353 -0.34566578 -0.49699685
 11807 0.846709 0.58983094
 3109 -0.5614003 -0.500818
 9789 -1.17095 -1.2126437
 2345 -1.1417787 -0.97122407
 6296 0.030370401 -0.11472994
 5576 -0.06588871 -0.08000158
 7811 0.7828411 0.54076463
 1703 0.14167842 0.16987787
 11051 0.34380844 0.32905483
 2470 -1.6011099 -1.5555881
 1702 -0.48965883 -0.46405098
 8445 0.19951925 0.03707534
 10134 0.29055303 -0.2625461
 3555 0.15268514 0.19051725
 9600 -1.45269 -1.4335667
 4069 -1.1639379 -0.6828339
 6405 -0.964209 -0.9178518
 2261 1.6388036 1.5068793
 4494 -1.0730017 -1.0900009
 2716 -0.77501833 0.4360356
 11497 0.7560172 -0.01341537
 4466 0.3133618 0.03895475
 8653 1.1917925 0.16833103
 1694 1.4241753 1.4876534
 6796 -1.1362251 -0.8785397
 5985 -0.19119269 -0.1651214
 6417 0.81889313 0.07925009
 600 0.44888082 0.4554987
 11047 0.24192107 0.069106966
 2409 -0.023676679 -0.14812
 356 -1.071109 -1.2097135
 6106 0.30853435 0.28852263
 11146 0.5148716 0.61116976
 10706 -1.5064809 -1.1963288
 4891 1.0979624 0.11318348
 6825 1.1725019 0.6044153
 1481 -0.3879516 -0.43170622
 7524 0.012198393 -0.21160275
 1935 0.994097 0.88835454
 7036 1.6911793 0.6769682
 8005 -1.3538983 -1.2209078
 3427 0.53583527 0.46840307
 3380 -0.78943783 -0.8810534
 2463 -1.6657956 -1.6300682
 9063 0.874667 0.1384286
 7760 0.33332294 0.34041232
 5143 1.2649912 1.2586575
 10109 0.66492385 0.2888816
 7601 -1.1144345 -1.322296
 5841 -0.37182042 -0.60589755
 1596 -1.457721 -1.2639723
 9794 -0.7138609 -0.47160837
 4036 -0.6004278 -0.46263435
 3118 0.658431 0.9245155
 9267 -0.49204895 -0.47739783
 38 -0.35641164 -0.31839493
 9982 2.5529983 0.002243232
 11711 0.422502 -0.1529805
 9998 1.4758124 0.95826435
 4837 -0.3232737 -0.3103083
 2996 1.6204358 1.6685431
 6661 0.3167196 0.41566443
 5191 0.002761252 -0.515888
 3675 1.1810181 1.108332
 5806 -0.7245711 -0.45937142
 8956 0.9822652 1.1296498
 2560 1.9919549 1.8848144
 9738 -0.38349044 -0.2872891
 8942 0.69459623 0.23147324
 4523 -0.002285764 0.030596552
 5429 2.0546525 1.9889004
 9262 -1.1132128 -1.1236808
 181 -0.60859376 -0.5828021
 8988 1.8443931 1.7528324
 4252 0.67425 0.6548501
 8268 -1.3029486 -1.3538942
 6451 1.2803655 1.306092
 7315 1.0270451 0.33569095
 7409 -0.22489035 0.060540695
 9139 0.755573 0.52073354
 5745 -0.40408692 -0.5078951
 11217 1.0674047 1.2330532
 11192 0.014445485 0.2258605
 7838 -0.58003616 -0.5018485
 3656 0.8045011 0.8666663
 8256 -1.6457428 -1.6027516
 6013 -0.6625244 -0.65225834
 8136 -0.11875449 0.6437384
 8099 -0.22214177 -1.1202184
 3337 -0.48625794 -0.66013896
 182 1.112965 1.0358708
 3131 -0.12239879 -0.25770018
 7432 -1.6082863 -1.4525371
 3235 0.03509516 -0.0142895095
 7512 -0.59002936 -0.61926425
 7038 -0.3937669 -0.7276009
 10446 -0.3232494 -0.87330437
 8291 -1.0685512 -0.7145383
 1814 -1.3106278 -1.0526638
 7203 -0.619093 -0.57893306
 9976 0.25904563 0.41469884
 10039 0.5118351 0.48761362
 6529 1.6498516 1.4818761
 250 -1.9366888 -1.7537397
 11214 0.7041993 0.73042786
 7688 0.06715128 -0.59497344
 2194 -1.5866551 -1.4328225
 4970 -1.4871665 -1.475412
 4301 -1.0961291 -1.0479177
 801 -1.2708741 -1.2491131
 7719 0.65376216 0.095661275
 4305 0.3928516 0.6281861
 844 1.5228922 1.5395278
 3631 -0.46676895 -1.1153204
 7285 -0.61220187 -0.88283926
 1372 1.4285562 1.3936203
 9032 2.0550544 1.7897621
 47 -1.5931324 -1.6316725
 6434 0.4647003 0.34173852
 4048 0.54461735 0.6606246
 3065 -0.6742458 -0.8198498
 8851 0.98708206 0.735497
 5464 0.34580982 0.4368363
 5224 1.6511791 1.1584173
 8019 0.10540271 0.05654161
 11144 -0.6689164 -0.585548
 154 0.598581 0.31896338
 951 -2.0174682 -1.9265801
 1143 0.5999823 0.5481315
 3370 -0.8593104 -0.8531943
 6916 -0.34022406 -0.32780644
 8498 0.044607937 -0.0393083
 10061 -0.2967111 -0.34470892
 7746 1.2664824 0.7362987
 29 1.8213145 1.0479972
 10047 -0.87798756 -0.4928771
 69 -0.2083145 -0.4229028
 6144 -0.949079 -0.8207089
 4102 1.5577946 1.5134617
 11055 0.113308325 0.04227323
 10610 -0.11246657 0.17820568
 10328 1.6779224 1.8562359
 2349 -0.24415061 -0.18703525
 2344 -0.21805649 -0.3444111
 5821 -0.097119704 -0.22135681
 1158 -1.490567 -1.5189778
 10827 1.8800958 1.8478647
 5654 -0.2639999 0.07797894
 10490 1.7877433 1.4631377
 9871 1.5865461 1.1084245
 8964 -1.0043674 -0.8696439
 11635 0.48851067 0.81301016
 4883 0.59234077 0.91330683
 3412 1.4855003 1.2378165
 10094 -1.0734684 -1.0629053
 9218 0.21563761 0.39199588
 5482 1.2391413 1.1993741
 9723 0.4261784 0.38722602
 4392 -0.9673339 -0.8663857
 4669 -0.6166745 -0.72203255
 9702 0.68209606 0.4848813
 4071 -1.2863957 -0.8925487
 8855 -0.2929343 -0.29925445
 8564 -0.98928916 -0.8836702
 4308 0.37426198 0.39530548
 5024 -0.5046248 -0.5991575
 6706 -0.6360581 -0.7410114
 634 0.2988602 0.3654826
 4293 -1.4560924 -1.1566999
 5966 -0.021657413 -0.023677316
 10572 0.83251315 0.88447964
 2161 -0.7931504 -0.31530064
 7322 -0.8030006 -0.78623915
 7947 -0.15631557 -0.14383297
 6275 -0.6400627 -0.8798012
 3982 1.5175271 1.2720493
 9480 -0.28508645 0.19524816
 4162 0.58260244 0.2902997
 9846 -1.1517568 -1.04073
 11387 0.57446396 0.6067229
 6922 0.33841625 0.30760205
 10470 -1.201378 -0.8645325
 9677 0.07393656 -0.20872205
 1005 2.5397446 2.1697156
 9420 -0.82522947 -1.0448234
 3541 -0.55654854 -0.5411308
 10769 -1.6205201 -0.4951428
 7422 1.0704825 0.96380967
 6455 0.16785231 0.5925003
 11388 -0.628472 -0.74992937
 8523 0.64714694 1.0228872
 7082 1.8604937 1.5797541
 10920 -1.1396838 -1.2642885
 260 0.14069515 -0.033096354
 11675 0.15660724 0.024219453
 9897 -1.1403054 -0.7048702
 2206 0.19061202 0.17501286
 9560 -1.2884727 -1.3194007
 3577 0.8942486 0.92769116
 10315 -0.08677401 -0.20768067
 10142 0.71010035 0.71076226
 4574 0.45999113 0.25180808
 8792 -0.408362 -0.45102844
 8970 -2.2967649 -2.139508
 10549 0.04044885 0.0828166
 9514 1.1181458 0.42753145
 4035 -1.9766656 -1.5881617
 8894 1.0342673 0.72255135
 8246 1.0470957 1.0390174
 10997 -1.7383814 -1.7431897
 2535 1.3005426 1.1058029
 1744 0.16661601 0.18575507
 2002 1.2479179 1.2705022
 725 2.3277507 2.1343632
 4116 0.43323 0.4650511
 9575 -0.45656076 -0.53312856
 657 -0.7281631 -0.84060526
 1047 -0.52334917 -0.6360636
 6743 -0.029791774 0.09308635
 8504 1.6049863 1.5419015
 6347 -1.4035937 -1.3310227
 6666 -0.36338854 -0.6772628
 4060 0.5324518 0.29815984
 7386 0.40570566 0.35240835
 2294 -0.06912137 -0.15894023
 6188 0.29660577 -0.008692618
 1274 0.39475718 0.5155956
 6597 -0.86487037 -1.0142943
 11467 -1.2843677 -1.2016948
 10755 -0.9428781 -0.9841814
 8181 0.90863514 0.5618833
 6518 -0.6398128 -0.57975984
 781 -1.6809096 -1.4001919
 4493 -1.2891301 -1.2687851
 4288 0.6182942 0.52516943
 2127 -1.5990297 -1.3711544
 2662 -0.9550561 -0.7159451
 11716 0.6010953 0.7829622
 6002 -1.2045653 -1.05677
 5415 0.3306037 0.28004146
 5719 1.0379611 0.7064514
 6694 0.945625 1.1594439
 10165 0.48540223 0.74548674
 5751 0.31851193 0.81981546
 10907 0.029404547 -0.8386598
 5176 1.4614278 1.4000423
 7755 -1.3835418 -1.3519987
 9372 -0.616476 -0.6846169
 432 -0.39897802 -0.34664848
 3543 -0.3505959 0.20606104
 277 1.0602267 0.881175
 5492 -1.4241811 -1.2998388
 3184 1.602417 1.433546
 6274 0.38651508 0.30643412
 2938 0.19332393 0.26542318
 8929 3.6244395 1.4942197
 6370 -1.0902721 -1.2321194
 11440 -0.37879363 -0.5598792
 6322 1.3079829 0.93771064
 10363 1.4588946 1.3888174
 3178 -0.4375279 -0.5212867
 4564 1.8959671 1.996845
 1360 -0.39638942 -0.39913237
 4520 -0.44592813 -0.70542103
 11564 0.15727879 0.30206743
 2184 0.8890283 1.1007541
 10724 -0.48459026 -0.7224468
 6977 2.2522252 1.9844282
 7477 1.160323 0.95180583
 1026 0.07742179 0.2009275
 3161 0.3214755 0.19047102
 5426 0.4443903 0.38224405
 5204 0.48965117 0.9424212
 2309 -0.638687 -0.5439992
 3637 -1.28643 -1.3249177
 7819 0.29382557 0.85176575
 5477 -0.4746874 -0.7549888
 3185 -0.1472424 -0.16361207
 2876 -0.24642016 -0.254706
 7775 -0.1662872 0.10508452
 3330 1.0105354 0.6196439
 8091 -0.33846977 -0.04025461
 11097 -0.5206496 -0.4269165
 4416 -0.1469834 -0.13553588
 708 -0.5896741 -0.39100114
 10396 -0.13382815 0.39255968
 4019 0.79593354 0.60717356
 11327 -0.43739632 -0.29420936
 11304 -1.215571 -1.0961822
 3318 -2.2474384 -1.9639989
 5875 0.3510842 0.7928428
 4920 -0.38641503 -0.358632
 11458 1.1204865 1.4551175
 2748 0.694042 0.6973349
 9837 1.1793294 0.81825006
 7451 -0.6562039 -0.2917456
 1942 -2.3462274 -1.8940872
 8072 -0.07343631 0.040121235
 87 -0.8441964 -0.87263143
 2518 -0.94577616 -0.92822254
 1468 -0.18458664 -0.9128397
 8827 -0.9765295 -0.8963252
 2568 -1.4299601 -1.3311069
 3102 0.18262756 0.19373557
 5008 0.7811716 0.6857611
 3704 -0.5811551 -0.68602777
 5314 0.6881983 0.8639498
 7420 2.472361 2.0733275
 6687 0.22156064 0.27190647
 4382 0.65281695 -0.23532552
 6931 1.0545585 0.7515341
 4822 -0.36017698 -0.50692093
 6823 0.37031102 0.44697502
 3072 1.7298956 1.6655548
 7686 0.8888541 0.71026766
 1339 -0.34808475 -0.36447293
 2339 -0.23761103 0.3539108
 9782 -0.8467309 -0.67938703
 686 3.5881262 3.169395
 10469 -0.3288534 -0.42585173
 5481 1.412711 1.3751489
 9659 -0.5746834 -0.64088273
 8422 -1.8364246 -1.7405862
 5908 0.7016781 0.99521816
 522 -1.4160284 -1.5431415
 2181 0.06613591 -0.33319765
 11769 -0.23067494 0.24176715
 7127 -1.6413971 -1.5444876
 2744 0.07663884 -0.0061753727
 2303 -0.12306806 -0.2058053
 9935 -0.7639108 -0.62754345
 8680 0.13137628 0.3275594
 10452 -1.3004847 -1.3118445
 6406 -0.40090102 -0.6066212
 3440 -0.1665595 -0.3747253
 10543 -0.8207848 -0.83734643
 7297 -0.8738963 -1.1289713
 5965 0.3108768 0.4632669
 3968 -0.91982 -0.92559534
 11010 0.23108487 0.22401518
 5687 -0.20047672 -0.20909005
 7779 0.04717637 0.099845625
 10465 -0.081800334 -0.2978844
 4140 0.28112963 0.12062934
 8740 -0.11458669 0.4890235
 6289 -0.1175411 -0.10371277
 652 0.14040086 0.45237675
 8313 -0.71067965 -0.29235503
 10092 0.03222235 0.5067406
 9512 -0.03442852 -0.05386774
 302 -0.23766924 -0.23581943
 1374 -0.6904457 -0.5728439
 10912 -0.18249588 0.18114357
 1910 -0.38370404 -0.45912048
 10989 -0.8881485 -0.83997905
 4833 0.50622016 0.8664919
 11681 0.14480244 0.0045618415
 9634 1.8640312 1.8032407
 6999 -0.39746025 -0.3411086
 9882 0.1527131 0.12411608
 2534 2.279579 1.8164216
 1023 1.3062588 1.1798296
 1101 0.14483407 -0.012720618
 2927 0.33174878 0.2489767
 2924 0.24441661 0.33806568
 9684 1.4198222 1.4072748
 932 -0.04278887 -0.07865065
 6127 -0.098393604 -0.11302236
 10086 1.7755145 1.7463858
 7042 -0.23462959 -0.17723992
 9172 -1.0835171 -0.4745644
 2925 -0.47185355 -0.5099221
 1180 -0.6591607 -0.6633645
 2233 2.0490186 1.4556953
 10708 -0.7760681 -0.65787625
 8187 0.48616776 0.81477416
 9978 -0.2543716 -0.24345574
 11175 1.0367069 0.74596393
 10048 -0.5228761 -0.12870142
 10502 -0.4573671 -0.5079722
 6354 0.27136108 0.45846143
 764 0.9690375 0.8794067
 8681 0.08681172 0.09081039
 4393 -1.0174947 -0.93432343
 9003 0.32860002 0.49958894
 3620 -0.0113571 -0.16597931
 10491 -1.1643409 -0.8971224
 4983 0.2497405 0.22614583
 9473 0.535199 0.3863712
 10024 -0.15718102 -0.16497704
 886 -0.14155224 -0.30231974
 4470 -0.7992761 -0.8336848
 7599 -1.3166466 -1.2683563
 11723 -1.2469336 -0.8026598
 2565 -0.13547474 -0.17270759
 1231 0.41766816 0.5350962
 1749 2.5255885 2.161501
 10308 -0.48706108 -0.48581097
 10953 -1.1682203 -0.736086
 4067 0.2858177 0.415244
 635 -0.7382952 -0.76120424
 7097 1.4306804 1.4627591
 1608 -0.650627 -0.7245438
 7264 0.654464 0.5925376
 9470 -0.08382464 0.11591587
 11265 2.83413 2.1105897
 4638 -2.4792004 -2.1955857
 3049 -1.110435 -1.0213825
 3111 0.66745466 0.85828984
 11485 -0.9625253 -0.83480734
 338 -0.7837023 -0.7534872
 8537 0.85306656 0.5210827
 9072 -1.4010032 -0.8786094
 6781 -0.00643156 -0.009462152
 4134 1.1008278 1.0404996
 9245 0.38354328 0.50298154
 9350 0.056012087 0.108834974
 9147 1.0144162 -0.19066313
 5135 1.8529932 1.7552649
 436 -1.4092394 -1.3249208
 10691 -0.3845952 -0.1006701
 3886 -1.1065078 -0.92938
 10370 -0.08409006 -0.73425514
 1876 0.1745528 0.19174503
 5250 0.90343773 1.2476999
 5095 -0.9451092 -1.089558
 10006 1.3068281 1.40164
 10113 1.0333422 0.5326265
 6220 1.6905504 1.6522447
 11125 0.5818479 0.44729745
 4191 -0.44566363 -0.500694
 7162 2.709379 1.6165882
 1508 -0.77726036 -0.709031
 7417 -0.36973742 0.11775118
 4257 0.4410412 0.4065552
 1220 -0.3104673 -0.3171591
 4052 0.33040932 0.49935305
 1354 -0.7332766 -0.7974153
 10020 -1.1346139 -0.9840864
 5648 -0.2189004 -0.027634937
 10634 -0.060017027 -0.005651746
 9352 -0.5231841 -0.5894099
 482 0.357952 0.2959066
 8425 -0.7565364 -1.0446405
 8955 1.3419313 0.5846571
 3889 -0.12413064 -0.08570807
 7279 2.7137043 1.8764695
 5497 0.19765584 -0.3013837
 5868 -1.1112821 -1.1366197
 4820 -0.85022575 -1.1288612
 4815 1.3499773 1.4564507
 11295 1.1396455 1.0617546
 2520 -0.4613236 -0.42400274
 6795 -1.0896436 -1.0995848
 2940 -0.3053075 -0.22316876
 8508 -0.0021482434 -0.007902179
 4482 -1.2379581 -1.0742006
 6180 0.9641642 0.78508747
 2113 0.59808224 0.598715
 8335 -2.0072591 -1.6683375
 8450 -1.0326926 -0.88642514
 7920 -0.5192914 -0.50469893
 8671 -0.8700118 -0.68220174
 1943 -2.520223 -2.1753497
 7518 1.4615887 1.2545787
 2941 -0.60406613 -0.42468762
 998 -0.8311007 -1.1395507
 9786 -1.5611917 -1.2790688
 11792 0.7778216 1.1591551
 5632 -1.7076138 -1.7087182
 2842 0.405289 0.3352658
 7781 -1.2323513 -1.3663882
 10709 -1.2233094 -0.8992773
 953 -1.2198263 -1.3325852
 10867 0.19883898 -0.41665533
 2914 0.5868798 0.4773393
 1239 1.3169309 1.3069893
 4749 0.56283426 0.45038912
 158 0.1603588 -0.28579545
 5225 0.03314374 0.077547394
 10171 -1.2447063 -0.96265185
 8858 -0.17668653 -0.18780048
 7631 -1.7228392 -1.1012846
 911 0.10591475 0.16440779
 9732 0.5470565 0.2266618
 7982 0.5639876 0.4981818
 2209 0.74171776 0.56066346
 5305 -0.06896551 -0.09291376
 11680 0.90274006 0.963047
 9057 0.7173995 -0.2161543
 1141 0.09500338 0.5984576
 5260 -1.144585 -1.5891792
 7088 0.34229663 0.44225594
 753 -0.3423483 -0.15405858
 11179 -1.4375838 -0.8559797
 2071 -0.38694128 -0.41169015
 2117 -0.04539627 -0.09312484
 9479 -2.0025578 -1.7081174
 7884 0.0177304 -0.1446602
 10067 0.38162944 0.15047634
 817 0.60010517 0.44157103
 2031 0.32682416 0.19429088
 2380 -2.5811753 -1.6782436
 3196 0.23440096 -0.112647384
 2918 0.25498968 0.41285503
 145 -1.0334384 -0.9227559
 7794 1.3168094 1.121738
 4059 0.21623813 0.2150732
 5443 -0.3309249 -0.3201832
 11728 -1.1107384 -1.2461265
 7158 -1.5681068 -1.9510146
 3503 0.03849376 0.16491102
 9658 0.087545164 0.061786123
 5037 0.43000975 0.35481182
 3426 0.61693084 0.6212823
 5313 0.21736717 0.40014908
 9178 -0.1757381 0.4229894
 4666 0.47963828 0.6761431
 3217 -0.4415884 -0.21166143
 1209 -0.016198292 -0.049823407
 651 0.7690363 0.58272773
 6209 -0.5656034 -0.62982935
 1622 0.7814668 1.0973918
 3435 -1.5876315 -1.6112665
 473 2.19409 1.9111372
 4262 1.4914169 1.1833764
 6653 0.6056358 0.51289684
 4595 -1.1258295 -1.1168985
 2219 -0.67231727 -0.57738125
 230 1.63465 1.1697458
 7177 -0.082211524 0.104664356
 4193 -0.59415865 -0.6976671
 11323 -1.0040355 -0.9673041
 7020 0.26200965 0.23654726
 3419 -0.8974573 -1.0221967
 2221 -0.0076252413 -0.0068955757
 8627 0.39275166 0.47199377
 11026 0.12220914 0.13468781
 6427 -0.3319728 -0.46737942
 11337 3.5267975 1.6055946
 7502 1.5387769 1.3366733
 9456 1.7999455 1.7308861
 5350 0.46134615 -0.080804855
 8943 -0.9619596 -1.0772554
 10499 0.26521894 0.30220062
 11273 1.3412368 1.3577536
 9515 -0.8509972 -0.69372624
 656 -0.08387277 -0.0435252
 752 1.11803 1.0047976
 3123 0.20500816 0.56018764
 7685 1.0385447 1.175701
 6830 -1.0660157 -0.90386236
 4234 -0.3098471 -0.20458433
 4727 -0.33886123 -0.2566115
 5773 -0.14363201 -0.041746747
 10391 0.044709247 -0.0116507
 4716 -1.6020381 -1.7269934
 5094 1.2091187 -0.12401417
 10635 -1.0142858 -0.9631854
 9840 1.1920859 1.1106418
 6601 -0.064754166 -0.06418863
 5712 -0.09595765 -0.23158297
 4123 0.9461705 1.0913811
 2698 0.029692883 -0.050777156
 3604 -0.2108733 -0.20905435
 1525 -0.1500735 -0.063478276
 172 -0.17253661 -0.5299115
 8779 1.2579217 1.1049765
 5700 0.15341309 -0.27854797
 6788 -0.7189043 -0.09921637
 5810 -0.83189785 -0.667881
 9739 -0.7303671 -0.23743936
 3452 0.63289064 -0.3149232
 4823 -0.9363473 -0.9271562
 1241 -0.29936296 -0.34256843
 10818 -0.3794542 -0.4093562
 3500 0.34650844 0.11802988
 3188 -1.3590329 -1.3858042
 11755 -0.44937852 -0.80782926
 624 -0.22350597 -0.88404244
 6560 -0.058716998 -0.05550425
 1145 0.112490535 0.14795788
 10994 -0.9380626 -0.88639116
 11406 1.51695 1.4826804
 5728 0.24215713 0.30595723
 7892 0.040693637 -0.03830499
 7030 2.3812633 1.5991085
 9349 0.5495012 0.102421045
 740 -0.36011234 -0.5725719
 3756 0.26660377 0.3094404
 9390 1.7111148 1.8415122
 1048 0.55074024 0.59058714
 9316 0.3041309 0.038366333
 9386 0.5119891 0.33651784
 7493 1.2025516 1.1067711
 5308 0.43175626 0.5087705
 2966 0.60996133 0.70562375
 4713 -0.14674549 0.0009036772
 282 -0.7881924 -0.6055417
 7163 -2.515229 -2.0884197
 1460 1.325653 1.0670344
 11650 0.2991545 0.16855292
 11394 -0.7432299 0.7558614
 4959 -0.5455258 -0.81308794
 2494 -1.0306976 -1.0982956
 4220 -1.2941239 -1.098017
 6017 -1.276673 -1.2408435
 3375 -1.0681399 -1.0274606
 3156 -1.3292063 -1.3188454
 1345 1.4333336 1.2778839
 2228 -1.0714835 -1.0587281
 7832 1.382081 1.4474791
 9357 1.94902 1.3892113
 408 -0.68838567 -0.7708952
 9727 0.09626536 0.003107436
 3925 0.22048752 0.28427124
 7414 0.699977 0.94673955
 10361 0.6420816 0.11456327
 7969 -0.7952256 -0.9936824
 2185 0.20003541 0.5000272
 11636 1.4749951 1.4829845
 6672 -0.88335454 -0.849698
 7994 0.31576565 0.4746531
 2634 -0.8316971 -0.8178798
 1752 1.8276385 1.8393568
 3064 -0.17442386 -0.16522302
 9735 -1.1800361 -0.794796
 4033 -0.64187706 0.6916696
 8711 -0.9009792 -0.9765624
 2020 0.26844013 0.23005813
 4398 -0.8792312 -0.9347168
 205 -1.5964617 -1.5953752
 11431 0.53561753 -0.081767455
 37 1.2528118 0.46950993
 2146 0.14535299 0.22384211
 2444 -0.035988923 -0.0983409
 5109 -1.6769229 -1.4124774
 4761 -1.2449102 -1.2976395
 1934 1.0424548 1.048551
 10795 -0.14124878 -0.8712748
 2902 0.620236 0.6271624
 868 0.85191506 0.6021604
 459 -0.23278221 -0.75290126
 8713 0.21330571 0.7384511
 7739 1.5311848 0.82943624
 4436 1.1810365 -0.4081191
 8606 1.2157274 -0.7119993
 9819 -0.2079221 -0.23448047
 286 1.8763287 1.7785889
 7236 1.2471217 0.4335142
 5597 0.08833178 0.41753504
 3425 1.0080531 1.3737379
 241 1.4233533 1.1489162
 9994 0.975137 1.0143985
 9354 -0.32255217 -0.4267209
 8645 0.6079512 1.0811951
 1821 0.37627897 0.79950976
 8332 2.462985 0.9861165
 8866 -0.5857956 -0.3790752
 5165 -0.0004232731 0.18594949
 9428 -0.7624879 -0.91708535
 9343 -1.7808864 -1.6871772
 8734 0.40565526 1.5432106
 7325 -1.6129353 -1.2351023
 9676 1.583005 1.6833194
 55 -0.24772799 -0.30409816
 8614 1.0381641 1.1064664
 4057 -1.8051666 -0.6719738
 10392 1.1517959 1.2093621
 2635 -0.7067259 -0.6088823
 9838 1.5344477 1.5441476
 9146 -0.6105736 -0.49346092
 3402 -0.4595821 -0.9434279
 5336 0.007878862 0.019581702
 2000 0.06817902 0.34331647
 11100 -0.93808144 -0.8583051
 5347 -1.7468389 -0.7868241
 636 -0.6528869 -0.6924786
 9373 -0.25307387 -0.24345556
 1465 -1.3748821 -1.184183
 3959 -0.15465294 -0.22853056
 8298 -0.19655783 -0.2639404
 11617 -0.18475854 -0.39192936
 2472 -0.49866736 -0.7608925
 1526 0.15489143 0.18582138
 8994 0.5410317 0.47838965
 9697 0.34998038 -0.30577323
 3939 2.038035 1.5716076
 11479 1.6480702 1.8072139
 4386 0.5196967 0.46258196
 7853 -0.038219053 -0.08446503
 8327 0.17950079 -0.011817958
 1924 -1.1301875 -1.0028901
 10000 0.3050523 0.31035563
 9268 0.03989968 0.03053093
 11778 0.10472336 0.36611202
 5124 -0.018138712 0.2366766
 7813 -1.4123204 -0.22898033
 2887 -0.034156688 -0.1140444
 175 -0.004066201 -0.06540936
 4738 -0.16521591 -0.19823816
 2626 -1.6390111 -1.6516024
 7858 -0.7484777 -0.6404871
 7931 0.79675823 0.17083976
 8415 0.17904514 -0.50484526
 78 -0.26341042 -0.31052828
 4420 -1.1388696 -1.2125388
 9733 0.2842532 0.47640362
 2993 2.6346898 1.5407462
 3302 0.531722 0.15302674
 10123 -0.29996485 -0.27511775
 9876 1.6101837 1.3114203
 11437 -0.9075559 -0.5778842
 11258 0.37381825 0.71749353
 376 0.50079036 0.44231996
 7376 -0.12680174 -0.1499748
 1264 0.9419954 1.1224803
 456 -0.06578282 -0.63222826
 3424 1.0020915 0.4575592
 8280 0.8304554 0.7739749
