 9353 0.911392 0.5317811
 514 -0.04791565 -0.0016477667
 5964 -2.0990648 -2.071285
 4400 0.8485912 1.0588406
 1849 -0.10767122 -0.06162124
 10937 0.107823536 0.07291069
 10800 -1.3814684 -1.4658898
 11780 -0.13611467 -0.11038806
 3774 0.34068856 0.008844776
 6209 -0.5656034 -0.77134514
 2966 0.60996133 0.5361286
 11550 -1.4475307 -1.412144
 11803 0.3557943 0.5238382
 4938 -0.56362444 -0.6082043
 36 1.0172088 1.0755938
 3298 1.9690177 1.7689849
 10113 1.0333422 1.0115585
 3725 0.060113877 0.003013095
 4247 1.1145364 1.1681012
 2279 0.011098226 -0.0022485536
 2958 -0.115380645 -0.044224165
 4248 -0.8939858 -0.6672985
 7649 -0.24980271 -0.29810372
 6866 2.0946386 2.018346
 4806 1.1933973 1.7355353
 2343 -0.6115546 -0.83011824
 386 0.55839604 0.30901605
 7684 2.8391843 1.8340055
 5073 -0.13245706 -0.05484263
 4637 0.75272816 0.1682047
 4441 0.8276344 0.89409995
 9207 0.34965858 0.3863676
 6376 -0.14564165 -0.09751826
 1043 1.4540039 1.3842279
 6302 -0.13832738 0.18735984
 1794 1.9903221 1.8543056
 9603 1.6386743 1.933504
 3425 1.0080531 1.4507118
 2212 0.048759237 0.06407925
 7309 -1.1411535 -1.2210469
 9827 -0.18530451 -0.24884075
 10698 0.38956988 0.03612765
 11246 -0.84131944 -0.8005318
 8043 0.3906705 0.5175116
 1348 -0.5529239 -0.524997
 3637 -1.28643 -1.3577324
 5645 -0.4375563 -0.48926678
 5570 -0.20247994 -0.22264066
 1649 -0.46887484 -0.59541017
 6238 -0.51663035 -0.7497854
 5106 -0.5112464 -0.45434186
 5556 -0.35010266 -0.34693816
 3334 -0.88447076 -0.9146754
 430 1.1846904 1.0201267
 2476 -0.5490266 -0.6986527
 3441 -1.0090202 -1.0127208
 5769 2.203428 1.721471
 10885 0.015375583 0.16847736
 3732 -0.692272 -0.63037807
 11026 0.12220914 0.15864962
 11468 -0.7081951 -0.63528407
 389 0.28594607 0.05201131
 7709 0.475459 0.15512913
 11411 4.103993 2.9196754
 6675 -2.041464 -1.701646
 6811 -0.610839 -0.5834881
 2742 -0.94077176 -0.9809047
 7587 -1.3146571 -1.3879179
 11801 2.1828005 1.1701347
 9886 -0.13546053 -0.09867583
 11245 -0.4857734 -0.39495838
 7930 0.29425463 0.9881093
 11217 1.0674047 1.1518492
 11469 -1.9584075 -1.5029904
 7942 1.1704556 0.41663563
 985 -1.0537205 -1.0014414
 7670 -0.5559132 -0.6380133
 10817 -0.6142963 -0.41490474
 9025 -0.6326265 -0.56129855
 10793 1.6044394 1.5249094
 4961 0.034522615 0.4174715
 404 -2.2451706 -1.2500414
 7494 0.56511945 0.63101286
 10942 0.4071941 0.37879723
 7710 1.1214486 1.3923405
 1633 -0.7963304 -0.8608923
 102 -0.0810591 0.2569734
 11601 1.2798485 1.4660324
 6523 -1.0019543 -0.92434436
 7912 1.1019739 2.1272352
 106 -1.0300375 -1.0720762
 1016 -0.9152433 -0.6804654
 7090 0.8660435 0.5259864
 7419 0.15644312 0.106245555
 4456 -1.016648 -1.0041246
 3381 0.7243714 0.81562537
 2068 -1.6159778 -1.5908974
 833 -0.67414725 -0.7821596
 8493 -0.24494639 -0.33719772
 11039 -0.26954383 -0.8786213
 1172 1.6273632 1.4991912
 8399 0.12319562 -0.054783106
 11715 -0.32548046 -0.5984352
 10694 0.24684155 0.4325658
 1813 1.2061734 1.3378526
 1979 0.49245936 0.61321765
 11350 -0.97400737 -1.0351673
 1097 -2.6536071 -1.9529438
 7085 -0.58466834 -0.5802922
 3036 -0.87332374 -0.85831106
 2608 -0.0706726 -0.10896311
 7353 -0.34566578 -0.7047563
 3356 1.6376947 1.4889376
 1402 -0.28796613 -0.16002923
 947 0.98511875 1.276879
 9981 0.32051653 0.1810304
 292 1.8790604 0.81430405
 11842 -0.6080845 -0.66092074
 3174 0.2812337 0.23392487
 3713 0.16719726 -0.20116466
 2979 1.2791104 1.2771982
 8529 0.2282061 0.2153291
 5686 -0.6989239 -0.7047759
 783 -0.7183629 -0.827571
 7979 -1.0010903 -0.97090715
 8095 -1.9659693 -2.0744214
 2162 0.888552 0.36424783
 1993 0.016086109 0.008399013
 7870 -0.7873764 -0.4257957
 8639 1.3259073 1.1740828
 9669 0.46736866 0.58639604
 7439 0.39922294 1.1854686
 4958 0.4296705 0.46783504
 6246 0.021617657 0.11889588
 1783 1.7044253 1.4684726
 11004 0.003204986 -0.012717845
 2767 -0.018509561 0.009766104
 4064 0.28437924 -0.2834262
 5673 -0.58950496 -0.4290093
 1114 0.344987 0.12222334
 7847 -0.95828414 -0.8929833
 2160 0.31739527 0.16658917
 8037 -1.2411596 -1.5329638
 8178 -1.8608309 -0.11786376
 2786 -1.1767242 -1.0215279
 11510 -1.327105 -1.5037624
 7694 -0.6340085 -0.32783523
 11045 -1.9735518 -1.3315603
 5699 -0.3323299 -0.37526962
 3186 1.1488878 0.91696936
 46 -1.6369042 -1.392804
 5952 0.91909677 0.46597868
 7900 -0.23670523 -0.09354469
 5224 1.6511791 1.4929903
 10272 1.0257703 1.2808644
 6235 -1.1678522 -1.0017514
 9744 1.2635825 1.3353298
 8992 -0.33997652 -0.3332959
 11464 1.2285495 1.6081191
 10176 0.7234775 1.16817
 7324 -1.0792879 -0.9217302
 6778 -0.49578264 -0.295431
 11511 -0.66381663 -0.78750414
 6110 -1.4750899 -1.3457768
 7447 -0.96177673 -0.7306808
 3475 -1.6412175 -1.6023213
 2740 -0.54273087 -0.64346904
 7588 -1.1267458 -1.1714524
 4105 0.10875822 -0.14686984
 2357 -0.2769145 -0.32589847
 9657 0.8666747 0.7190784
 2623 -0.3967598 -0.48495016
 2855 -0.6354576 -0.5982452
 8772 0.23218 0.18032715
 3778 -0.47597507 -0.33011755
 7833 1.5488352 1.5065736
 7233 -1.1282489 -0.6875533
 8668 -0.98241633 -0.66357744
 5542 2.7248642 0.6905959
 8850 -1.0429016 -1.0140715
 6841 -1.2011437 -0.88987094
 2672 0.9473825 0.9666427
 8362 2.1183357 1.6377677
 7576 1.3835644 1.469622
 4315 -0.18306063 -0.052594207
 10262 0.583335 0.50207204
 962 1.0647873 0.8397689
 9803 -0.85301006 -0.3689009
 5474 0.41197434 0.6404398
 4327 -0.93468374 -0.6992087
 10945 2.7295413 2.8404362
 5690 -0.4993632 -0.42205355
 9403 -1.4172431 -1.3846941
 2158 -1.0373765 -1.0018395
 893 -0.22736618 -0.28463703
 2914 0.5868798 0.5987689
 6449 -0.43264267 -0.98889
 2140 -0.57781065 -0.7045874
 982 1.2082655 1.2912499
 1273 -0.37360314 -0.18252778
 6734 -0.29887474 -0.7730791
 4228 -0.018213432 -0.014076101
 10828 0.016285973 0.050561666
 11843 -1.4454395 -0.991386
 5307 2.2488458 1.549628
 7804 -1.6286292 -0.6034059
 6267 0.82241684 1.3875486
 1127 0.48025346 0.40645698
 2834 -1.1149708 -1.2266513
 4767 0.09757135 0.039727636
 8053 0.11245891 0.64789754
 11846 1.5338018 1.039158
 10140 0.99388295 0.71645635
 2139 0.21581273 0.27678892
 10108 -1.1565645 -1.0400004
 8686 1.5948015 1.5390066
 5609 0.025118938 -0.045755032
 10267 0.9347196 1.0525795
 3230 -0.0104911765 -0.10813742
 11485 -0.9625253 -0.92660886
 8139 -0.2566893 -0.1508272
 2524 0.3883996 0.2607712
 8484 0.21461628 0.093142845
 11134 -0.87374777 -0.95449585
 11691 1.2232246 1.0045167
 9124 1.5122142 1.3362976
 6892 -1.8713865 -1.7504027
 618 -0.077500515 0.068348385
 5261 -0.53590345 -0.5901616
 1004 1.2800974 1.3220342
 8150 -0.3066786 -0.24402834
 2852 -0.5955045 -0.7277749
 9896 -1.1810615 -1.385945
 10414 0.3541257 0.3404601
 4895 -0.41674986 -0.4001764
 8173 -1.5097181 -1.2700485
 2189 -0.247568 -0.27645153
 4547 -2.162556 -1.4582449
 5574 0.85304093 0.636285
 5179 0.013502549 0.14692524
 8796 -0.20481093 -0.42498863
 4268 0.4452608 0.4483568
 2743 -0.6528906 -0.6626037
 235 1.1953973 1.0944623
 7149 0.22713527 0.15499097
 11222 2.1362822 2.1085193
 2166 -0.85185444 -0.739161
 4167 -0.49074662 -0.51529866
 9262 -1.1132128 -1.1254104
 8524 0.3503251 0.4204291
 11572 1.2903358 1.4409363
 2016 0.8490001 1.0367426
 5143 1.2649912 1.362264
 4835 0.9690471 0.79955125
 768 -1.9605958 -1.6454133
 5661 0.3978482 0.32272658
 6250 0.090680644 0.13201046
 7869 -1.787701 -1.6381906
 5182 -0.2565999 -0.78553635
 11792 0.7778216 0.6310358
 8242 1.2492657 1.0690497
 5196 -0.23411983 -0.08723458
 2447 -0.91914755 -0.9232207
 3342 -0.6247809 -0.1025398
 5656 -1.2393228 -1.2812438
 2859 -0.35782307 -0.364657
 10488 -1.4628652 -1.0239434
 2527 1.2128799 1.1301066
 5037 0.43000975 0.4037538
 2748 0.694042 0.7668071
 4243 -1.1279116 -1.0623549
 8316 -0.32493725 -0.21278712
 8511 1.5718025 0.2968653
 9347 -0.57987803 0.21191649
 6244 0.0019801334 -0.061843157
 8625 1.629669 0.99071723
 6306 -0.05512541 -0.37209874
 10533 2.928571 1.9927317
 10502 -0.4573671 -0.50180197
 6558 -0.91261256 -0.8470807
 11841 0.58707964 1.010621
 5751 0.31851193 0.6777931
 736 1.0025893 1.2910659
 7718 -1.0539404 -1.3359402
 2583 -0.45179337 -0.44385454
 8673 -0.6665579 -0.81904036
 3820 1.472021 1.370289
 3120 1.8918099 1.5531272
 6909 -0.33826026 -0.35521552
 3347 1.5703145 1.5600694
 10226 -0.6666606 -0.17435613
 10597 1.4462459 1.2329097
 2219 -0.67231727 -0.72926795
 7394 0.31267005 0.17831999
 9256 -1.2200491 -1.1655993
 6265 2.1472747 1.5097245
 3371 0.92483276 1.0284746
 11377 -0.25965518 0.1569788
 4550 -0.6207162 -0.7136116
 8366 0.42739868 0.25532433
 10258 1.2317629 1.3643098
 1490 -0.32435277 -0.27726582
 9208 -0.7593258 -0.48112145
 2063 0.5552069 0.8375688
 8748 0.2713175 0.2857553
 1711 1.4458444 1.0432361
 8421 -1.1243181 -0.22475216
 11448 0.5141276 0.38315126
 2337 -1.1431984 -1.0400314
 11826 -0.07747072 -0.4455102
 9984 -1.6145654 -1.3537601
 6887 1.8393553 1.7624568
 5097 1.1131113 1.0381042
 7986 0.023988975 0.17284161
 1303 -1.1605686 -1.08466
 238 0.56368417 0.4664465
 8076 0.24968916 0.5396777
 1232 0.62217593 0.48262963
 6497 0.22596726 0.17103079
 2763 0.008766331 0.07975637
 2331 -0.67281646 -0.2951906
 8729 0.40334675 0.21965253
 11634 0.38310045 1.5425869
 8879 0.79250515 0.8238438
 9050 -0.8313075 -0.30244306
 1451 0.5650846 0.37640288
 8551 -0.55553865 -0.39779618
 6850 0.007490595 -0.31189635
 7788 0.36933735 0.3351346
 11232 -1.3214589 -0.4696029
 9172 -1.0835171 -0.32345432
 5376 -0.07985946 0.20962134
 9653 0.46762353 0.13599348
 684 -0.8839885 -0.9103101
 5621 -0.21268445 -0.480543
 11737 -0.102282695 -0.35766876
 6975 -1.4130414 -1.3383248
 87 -0.8441964 -0.87876207
 5937 -0.592055 -0.67451566
 3694 -0.52390796 -0.3456132
 8349 1.1353071 0.95575356
 1945 -0.31555006 -0.26429972
 2327 -1.3859887 -1.9098299
 998 -0.8311007 -0.96330124
 9636 -0.96061146 -1.1142274
 76 -1.6469195 -1.642884
 11158 0.22544193 0.15117268
 8205 2.0697303 0.5527876
 10263 0.1973918 0.17404187
 826 1.8716966 1.4428859
 6705 -0.82824534 -1.0850677
 6494 0.22703809 0.7699891
 7287 2.5124307 2.8232474
 11473 -0.7194929 -0.7669304
 1228 -0.67984104 -0.4555775
 4182 -0.4438566 -0.53120965
 7778 -0.37678996 -0.45342544
 5060 -0.53372467 -0.5034494
 107 -1.9946804 -2.27736
 10222 0.31773677 0.52663237
 11605 0.5442117 0.37384066
 8781 1.0147425 0.7408337
 7045 0.32073885 -0.096534856
 11190 -1.3078325 -1.2791996
 9925 -0.2566806 -0.9211294
 1554 -0.69714576 -0.605537
 842 0.023577329 0.16587794
 8541 1.1231269 1.10644
 7169 -0.60250205 -0.42233998
 7559 -0.1566855 0.08737234
 8665 0.038372282 0.14823517
 11328 0.31538516 -0.35690424
 2943 -0.012561782 -0.35563678
 886 -0.14155224 -0.24292624
 376 0.50079036 0.5814873
 5918 -0.9472724 -0.96715546
 7927 -0.6922211 -0.7138343
 7257 0.23396823 0.026759015
 11337 3.5267975 2.0360775
 9776 -0.2560306 -0.41313362
 6263 0.20146334 -0.1495996
 10200 -0.51553017 -0.74146324
 2253 -0.41653028 -0.47084132
 8348 -0.65909874 -0.6452932
 11338 0.81575537 1.7343827
 3569 -0.10775373 -0.22593035
 9568 0.58926165 0.7187642
 458 -0.25976977 -0.39676043
 5433 -1.1586983 -0.91374034
 3819 0.50267255 0.44507897
 8977 -1.8030492 -1.4267987
 9727 0.09626536 0.4286109
 3391 0.038033523 -0.0105821565
 146 -0.09600441 -0.11622974
 1601 -1.1904731 -1.1034166
 1413 -0.17865033 -0.18498208
 6127 -0.098393604 -0.041899413
 8508 -0.0021482434 0.06450889
 4415 -0.3550062 -0.032739803
 9542 -1.0051705 -0.9855917
 8521 0.9932861 0.7753315
 7359 -0.22002348 -0.16605207
 1392 0.36862913 0.31180862
 3765 0.42401338 0.43762365
 5850 -0.82427007 -0.76149684
 11012 1.0938175 0.8636347
 3112 0.11109608 0.17362207
 123 -0.21451531 -0.0742776
 8040 -0.5881064 -0.4770594
 10161 -1.0745103 -1.1877123
 1503 -0.9485596 -1.0018737
 4466 0.3133618 0.005968796
 567 -0.7598241 -0.6003902
 6074 -0.39612815 -0.18468504
 3448 -0.18246058 -0.052749626
 5994 1.1645372 0.9191466
 3930 0.13451222 0.08270873
 10013 -0.6851906 -0.64636904
 749 -1.4451241 -1.4561064
 690 0.011542418 0.02729634
 11860 -1.7270542 -1.6659218
 6304 2.6727717 1.7754539
 815 -1.1255494 -0.46754888
 5192 1.2631456 1.3457571
 11653 -1.245194 -1.1738824
 6075 0.31849316 0.3706851
 11604 0.63500845 0.6131585
 75 -0.035959125 -0.081410035
 2562 -0.6559555 -0.59160596
 10427 -1.3466307 -1.303918
 732 -1.0945462 -1.4191784
 5146 0.0811289 0.22007322
 6765 0.84740347 0.7392472
 6073 0.28768983 0.2207455
 9083 1.7198373 1.9613923
 7721 2.3567493 0.93980885
 9616 -0.60461116 -0.7011405
 4576 -1.6743554 -1.5659275
 2669 -0.593714 -0.44962108
 6491 0.9629554 0.7419321
 2363 -1.0904725 -1.0572702
 8800 -0.61889637 -0.66480917
 2575 -1.3995818 -1.4028391
 5335 -0.25129712 -0.11624914
 2341 -0.087759115 -0.024327204
 6475 1.3330594 1.4599363
 10025 -1.5023493 -1.2732607
 5461 0.3099155 0.3835802
 5012 0.8982459 0.7215689
 2602 0.45107886 0.4393971
 2968 0.78893095 0.32465264
 125 0.11061934 -0.120000206
 7844 -0.3060758 -1.3430718
 4622 -1.7049483 -1.6204193
 1823 -0.624196 -0.5649696
 1994 -1.0668899 -0.9916376
 8873 0.52796125 0.5191718
 702 -2.0646033 -2.299965
 519 -0.60811013 -0.09220905
 9543 0.30558223 0.32987344
 10014 -0.44502094 -0.3312726
 3661 1.7096351 1.7112834
 766 0.8168193 0.09818374
 4661 -0.24586733 -0.29933116
 6737 -1.4190378 -1.212393
 1143 0.5999823 0.5308124
 1589 0.029160677 0.3405378
 9601 -0.40213186 -0.38112065
 3302 0.531722 0.41415462
 10076 0.47469714 0.58201617
 1174 1.218599 1.5451077
 2422 0.41760445 -0.17555447
 6745 -1.2530931 -1.8635355
 4901 -0.5424192 -0.1978688
 8307 -0.28098327 0.1941506
 9633 -1.4039806 -1.3960286
 288 -0.19213425 -0.21310842
 973 0.528978 0.8515392
 9132 -0.07445902 1.2471306
 5703 0.5980062 0.6506452
 6888 -0.5266758 -0.5112658
 11428 0.46571153 0.23947617
 5400 -0.30051538 -0.3609598
 5705 -0.46812904 -0.6669914
 2065 0.13728693 0.113539435
 8212 -1.0927062 -0.4581053
 1786 -0.04146959 -0.036788758
 5554 -1.5763686 -1.606475
 4002 -0.6854588 -0.5627235
 2417 0.17206 -0.008043922
 3838 -0.12495714 -0.20071408
 4816 0.20511451 0.18484843
 3145 0.2896839 -0.3045716
 9075 0.39899144 0.9866932
 4954 -0.26617733 -0.19618839
 1690 0.56790054 0.66204786
 10601 -0.11797016 -0.89098686
 8013 -0.66119874 -0.6428856
 6856 0.102637626 0.07167504
 10167 0.73049104 0.6474524
 6377 -0.96533346 -1.2715286
 7897 0.22153588 0.4002736
 10665 1.0235897 1.4017969
 1548 -0.38397816 -0.5058786
 9311 -1.091485 -1.066254
 4318 0.036368147 0.0064398274
 5000 -1.5599431 -1.6428288
 7609 1.4270861 1.4976007
 9128 -1.0294595 -0.11432694
 3654 -0.9906749 -1.0949707
 8480 -0.6599665 -0.9068782
 6777 -1.191587 -1.2485362
 7108 1.4717373 1.3353244
 9660 1.7630702 1.8797091
 3242 1.542886 1.5413188
 2475 -0.767716 -0.67643994
 3299 0.499863 0.51015025
 2991 1.8209742 1.6498224
 4463 0.6512341 0.6650444
 4036 -0.6004278 -0.42922258
 2141 0.42679313 0.88868994
 6872 1.6871454 1.7368727
 8270 -0.36328128 -0.43242338
 3179 -1.8056108 -1.8988508
 10638 -0.6665492 -0.85230964
 9600 -1.45269 -1.2240072
 647 -0.094439425 -0.024312193
 10280 -0.66746414 -0.8107068
 3709 -1.0047832 -0.9508948
 2264 0.9382562 1.098175
 5161 1.4900482 1.4032437
 1156 0.014698981 -0.026404707
 1259 1.0480354 0.915348
 11499 1.4932345 1.3256631
 1810 0.09810769 -0.09456423
 7562 -0.48978674 -0.4868442
 1473 -0.6636149 -0.7062966
 1886 1.4314271 0.87421113
 3215 0.6179206 0.53552556
 586 0.11196337 0.5180355
 3610 -0.0092502795 1.022157
 5956 -0.3242932 -0.45867303
 4610 0.9364262 0.93035173
 10841 1.1084695 1.1726363
 525 0.0005008672 -0.28930897
 10198 1.5809578 2.0279067
 65 0.9912228 0.80702126
 4192 -0.19296442 -0.15462461
 3553 0.7338914 -0.18421578
 6101 0.47116837 0.40450677
 2739 -1.5942866 -1.5806421
 9028 0.8574732 0.92999154
 11200 -0.2182999 0.34523585
 10375 0.24177025 0.31494835
 4418 -0.84043837 -0.96537334
 9483 0.5897059 0.7722644
 1997 -1.7331918 -1.8165892
 6603 0.09780147 0.49324206
 8388 0.17434788 0.14475419
 11551 -0.706841 -0.7091194
 5064 0.52493304 0.7954509
 9475 -0.6414663 -0.60752094
 9988 0.43000698 0.4504794
 6058 -1.1254046 -1.060249
 6348 -1.4024005 -0.4175692
 6799 -0.60924745 -0.45501342
 9371 1.5994126 1.6092465
 447 -1.0918545 -1.3461028
 6901 0.020744856 -0.053908437
 1061 -0.082297705 -0.12766576
 5378 0.7336036 0.7331876
 10368 -0.68777555 -0.65942514
 817 0.60010517 0.4782895
 1666 -0.16145243 -0.1861622
 3455 -1.1129745 -0.99405545
 1546 -0.041093696 -0.00992333
 4190 0.6116661 0.6837363
 10866 -1.100699 -0.4483246
 2675 1.1464697 -0.18834785
 673 0.53694874 0.4703925
 3740 0.20084083 -0.111120455
 7691 -0.8228183 -0.8287738
 9573 -0.39263648 -0.4310726
 10844 -0.033479623 -0.086034365
 4127 -0.6082578 -0.60979486
 3533 1.3196814 1.3542548
 3469 0.3340894 0.2731919
 7280 0.6911898 0.4811419
 9298 1.0656229 0.23362264
 3171 -0.63179445 -0.65199715
 2907 0.17774832 0.19799794
 7651 1.5144324 1.057244
 8660 -0.651311 -0.056199193
 5549 -0.40039358 -0.36037812
 2540 -0.88133895 -1.0914166
 9784 -0.89918774 -0.7552249
 4257 0.4410412 0.5781391
 6279 0.0568748 -0.20054048
 10562 0.8032318 0.3965694
 6726 0.05639531 -0.029784566
 4581 0.53682905 0.15743816
 7744 -1.3017095 -1.0951681
 6207 0.36549366 0.3953451
 9058 -1.405138 -1.413398
 9224 1.9737086 1.915958
 4694 -1.0783637 -0.8682074
 3519 0.7430517 0.5032186
 2412 -0.1872949 -0.08391661
 6802 0.3038907 0.17315736
 5946 -0.537324 -0.619112
 1447 -1.0499171 -1.0258528
 9627 -0.4127058 -0.15386158
 3486 0.6246531 0.5555424
 4629 0.35928872 0.805795
 5160 0.94282323 0.6738829
 3601 -1.1220944 -1.0416056
 10655 -1.6612024 -1.6494846
 3596 0.15560287 -0.11394366
 2825 -1.5650854 -1.5036458
 9310 -0.72822684 -0.5643181
 1648 1.6104088 0.496807
 9402 -1.638808 -1.5880555
 6412 0.10685493 0.1661056
 639 -0.3805713 -0.42261913
 11514 -0.5893968 -0.6611432
 8226 0.2941295 -0.07465847
 8926 0.39926833 0.33548936
 2389 0.79636216 0.8567006
 9199 -0.10034961 -0.16040422
 1975 -1.1091202 -1.671465
 11236 0.015674463 0.07821619
 1369 2.2688463 1.6151556
 5967 -1.0460954 -0.7551524
 7963 -0.14030401 -0.0046325196
 3478 0.28617436 0.24651584
 8422 -1.8364246 -1.7291905
 9694 0.4002942 1.0067834
 6197 -0.57367307 -0.47541308
 4970 -1.4871665 -1.1052288
 8883 0.328457 0.20482922
 2493 1.0664468 1.1722933
 3590 -0.36170942 -0.29512438
 4347 0.23361205 -0.24155015
 8030 1.6485837 1.5564398
 6056 -0.14234115 0.0048459973
 6015 -0.07636139 0.09130555
 7819 0.29382557 0.40988436
 7936 1.5028005 1.4493697
 10316 2.1398962 1.5317734
 10893 -0.82971084 -0.91133946
 8190 0.018256646 0.0027432777
 4692 0.7578178 0.76795405
 10624 -0.48176697 0.4242689
 4004 0.035620492 -0.023450008
 7070 -0.6433444 -0.5785226
 2614 0.1309463 0.2510794
 3430 0.6826237 -0.51997256
 231 0.8765827 1.7268124
 8868 -0.1539855 -0.05989416
 6322 1.3079829 0.80869097
 2578 -0.45532447 -0.23404965
 10883 -0.4118697 1.4937227
 3693 -0.3376648 -0.6489989
 9521 -0.12692644 -0.5112498
 5222 -1.224089 -1.3035942
 9356 0.011598802 0.3914581
 3862 -1.6814904 -1.6921024
 9237 -0.15625872 0.57742333
 9006 -1.5309271 -1.349379
 1235 -0.08483771 -0.033134893
 3573 1.3163635 1.3089826
 2095 0.2778264 0.6562359
 9065 -0.39754048 -0.276144
 779 -0.36588043 -0.591098
 3648 2.0987647 1.8888738
 89 -0.57586426 -0.0987855
 6049 -0.47540435 -0.48644248
 9382 1.3391442 1.3489949
 7697 -0.08389478 -0.52809113
 10805 0.9265715 1.0023232
 3258 0.94410956 0.815153
 6148 -0.57592887 -0.62321967
 11384 -0.35689664 -0.33866063
 8820 0.58163846 0.5898674
 11725 -1.3131719 -1.2827779
 11052 0.022323139 0.18523881
 7242 -0.21955545 0.11598473
 5238 -0.06595977 0.0080632325
 11456 -0.90248 -0.647763
 4303 0.19474682 0.31099823
 6404 -1.2569139 -0.65398747
 892 -0.49895847 -0.55717474
 2777 0.95261014 0.8569347
 1737 0.6039617 0.5874222
 9941 -1.2933208 -1.4768275
 6331 0.48499838 0.46641728
 8618 0.3343516 1.3291574
 316 0.13735385 -0.30036896
 2570 1.4058552 1.1858392
 8831 0.008250627 0.1753276
 1538 0.47102168 0.74607354
 5976 -1.2507718 -1.2262022
 8201 -0.23441137 -0.19927204
 10959 1.0409055 0.93749136
 4758 0.41600874 0.508772
 109 -1.6996752 -1.494546
 3129 -0.38325253 -0.37133867
 2033 1.306952 1.4213558
 7285 -0.61220187 -0.9665963
 4112 0.35221922 0.7411919
 6644 1.4960954 0.7170766
 4555 1.3424786 1.2374786
 2937 0.08402784 0.42436334
 11532 0.0349228 0.4761335
 717 -0.6716911 -0.97983193
 7041 2.3823974 1.3678321
 3365 0.047779627 -0.09876417
 8392 -1.3299009 -1.332066
 8790 0.2554797 -0.059644587
 6309 0.45269105 0.36991748
 3253 0.67061853 0.46469364
 10965 -0.6082486 -0.55391806
 10675 1.1997374 0.33505136
 8045 -1.1115255 -1.1843238
 8354 0.14590903 0.045388795
 8098 -1.4170281 -1.3791925
 2684 0.007492887 -0.05143616
 3058 0.5539353 -0.34540203
 11098 0.8274822 0.8390372
 9229 1.1604482 1.0446944
 6961 0.5485509 0.3691809
 7992 1.2199448 1.2340668
 9774 0.06705089 -0.2688107
 1867 -1.5802232 -1.5418352
 215 1.1443766 1.2222699
 5789 0.46384355 0.3343782
 2193 -0.42075035 -0.4911978
 3874 -0.35431078 -0.33916047
 1673 -0.75781035 -0.45873773
 7123 -0.6948377 -1.181841
 5831 -1.4154834 -1.3769506
 9677 0.07393656 -0.25297555
 5405 -0.15608452 -0.5903276
 2568 -1.4299601 -1.4178348
 4796 -1.2337632 -1.4877058
 1027 -0.2593086 -0.06973256
 6406 -0.40090102 -0.45511922
 10508 -0.11277416 -0.19496661
 9496 -1.143891 -0.97771615
 4041 2.505596 0.93653864
 11270 1.7302096 1.8318503
 41 -1.6726354 -1.485696
 6783 -0.23405474 -0.38352823
 2401 -1.3591626 -1.325223
 9274 1.168352 0.5814584
 8331 -0.14398132 -0.2984846
 11726 0.7857483 0.43044028
 2601 0.008971237 0.015465023
 5503 -0.5115077 -0.48889527
 1665 0.16265953 0.15901408
 3131 -0.12239879 -0.25956032
 3991 -0.028577464 0.04889913
 1726 -0.7957716 -0.8601329
 6366 0.58558893 0.68136257
 6236 -0.6528292 -0.59841853
 150 0.111792386 0.16607264
 9136 1.2035899 1.1910561
 2667 -0.41853762 0.11618509
 4413 2.1084611 2.1450605
 11613 -0.88453126 -0.7679772
 3730 1.8926965 1.732062
 9059 0.82574075 1.5148623
 4876 1.2592882 1.1283357
 10411 -0.10180733 -0.17001468
 9582 -0.95275354 -0.8284407
 5214 3.0613503 3.0356984
 518 -1.1640786 -0.830983
 8407 0.29838622 -0.04771196
 3718 0.38874018 0.29501298
 340 -0.953486 -1.011929
 7630 0.936109 0.8699472
 7198 -0.07292061 0.18753071
 8943 -0.9619596 -1.5588406
 692 0.28888124 0.6673438
 10566 -0.11959107 0.5784384
 8214 0.698825 0.0970032
 56 0.9489425 0.91806906
 6626 -0.7012902 -0.68965054
 7962 0.006042042 0.086753085
 1452 0.73232096 0.532255
 8568 -1.5527246 -1.1279205
 1951 1.1321267 0.8423105
 9976 0.25904563 0.11837766
 228 0.14992326 0.09872994
 9295 0.18934728 -1.297141
 2085 0.4275174 0.33063868
 6102 0.18169516 0.117550336
 7575 -0.27430344 -0.42504728
 10765 0.37182558 0.20677896
 9755 0.30820245 0.28783223
 10205 3.5524163 1.5910126
 10054 -0.22076473 0.05687295
 488 2.042948 2.1219628
 6077 -0.08042421 -0.1321606
 10183 1.3776505 1.3264309
 9808 -0.9633032 -0.8134115
 2622 1.0936726 1.1789776
 3881 0.22711511 0.30762354
 5076 -1.5150094 -1.4898782
 8627 0.39275166 0.26740152
 8849 0.21097474 0.0025149602
 1739 -0.022053933 -0.14330557
 8197 -0.9219342 -0.8597375
 4317 -0.14163108 -0.14836699
 906 -1.6020555 -1.5880693
 2287 0.79659367 0.60771054
 11422 -0.9025859 -0.9423229
 4224 -0.9175014 -0.96580404
 3344 -0.5039404 -0.32714388
 10073 -1.3360155 -1.3859305
 5236 -0.094602615 0.03525412
 10415 0.2302758 0.34591648
 11008 0.19170439 0.11879923
 11598 -0.68078536 -0.6657332
 734 1.6426198 1.5931448
 7319 -1.5775856 -1.294288
 3439 0.56731606 -0.027885107
 8983 -1.4241183 -1.0395813
 4792 0.51453924 0.4602583
 7887 0.45531678 0.1502819
 535 -1.136028 -1.110031
 9005 -0.027707873 -0.012273727
 3692 1.2160355 0.18461028
 4862 -0.55277634 -0.60099864
 8559 0.5087794 0.41609183
 6711 -1.6845832 -1.052716
 9054 -0.93768996 -0.8462119
 11267 0.21417622 0.21957038
 8664 1.0443971 0.6878373
 2002 1.2479179 1.35529
 10971 -0.09640826 -0.1018936
 3023 0.39289927 0.11837944
 2511 -1.5289999 -1.4446627
 3960 0.808927 0.85791826
 9258 -1.3456525 -1.3718816
 617 -0.6346824 -0.59881234
 5541 1.4657859 1.33739
 6747 -1.8996581 -1.6968218
 4042 0.6406564 0.8248078
 8474 0.96322495 -0.6571273
 3612 -0.48172158 -0.15316448
 7488 -1.0200722 -0.997122
 11862 -1.0433279 -1.0137049
 7938 1.9628468 2.2091744
 797 -0.65077186 -0.60422987
 4299 0.096623376 0.17311549
 11406 1.51695 1.4840753
 9789 -1.17095 -1.0506586
 7265 3.0975163 1.5818838
 3763 -0.7114763 -0.68653923
 1641 -0.587449 -0.6022814
 8589 0.19360676 0.30746135
 4376 0.58671707 0.5374182
 19 0.6198078 0.42891768
 9366 -0.57869124 -0.34943807
 4436 1.1810365 -0.39322397
 10004 -0.27371943 -0.16179754
 4889 0.34786853 0.4037142
 7227 0.6461921 0.8598549
 9839 -0.5170626 -0.29014578
 8416 0.8289862 0.71184653
 11165 0.68262136 0.86865884
 2747 -1.2286763 -1.1210843
 11266 -0.905935 -0.8006963
 6809 -0.5752578 -0.5056867
 1844 0.75522554 0.6791642
 11540 1.0133119 0.853915
 9875 1.7729731 1.7383779
 1941 -0.51008755 -0.48572204
 6010 -1.5886904 -1.1398901
 9363 0.652034 1.2995363
 1944 -0.090506785 -0.14667082
 6516 -0.24183063 0.18749207
 7875 0.22594756 0.81029433
 2879 -0.68511224 -0.6692582
 2977 0.44941026 0.44227126
 6563 -0.5781228 -0.6959806
 4706 -0.1584884 -0.21808492
 10394 0.25332108 0.28466767
 11814 -1.1825229 -1.36944
 6022 0.36303616 0.46430302
 10443 -1.131824 -0.87369174
 10678 -0.076882586 0.13914716
 3414 1.3356938 1.0693792
 2081 -1.5866528 -1.5129923
 6184 0.61307204 0.83934265
 9790 -2.324621 -1.1925296
 7577 1.0838807 1.3032082
 2736 0.056477364 0.079240784
 2151 0.00055037474 -0.06910816
 7012 0.5589699 0.5405943
 1914 0.17692044 0.10072048
 8773 -0.23975223 -0.38237792
 275 0.40140402 0.6225143
 9395 0.44249204 0.5358265
 7458 0.63886774 0.85149837
 3407 -0.15034486 -0.23794384
 7293 -1.1073476 -1.0146658
 7991 -0.18678011 -0.43942156
 10823 -1.3783362 -0.81966704
 4003 -0.84040767 -0.8230985
 5771 -0.07674507 -0.19713137
 9548 -0.8642561 -0.7923524
 7765 -0.036050808 -0.0050263163
 3920 0.33595508 -0.014213974
 3876 0.61652565 0.51705563
 4669 -0.6166745 -0.70360297
 9672 -0.5555162 -0.53368217
 5100 -1.2523657 -1.0286251
 3005 0.5922839 0.5261026
 9859 -1.048271 0.014853442
 11311 -0.8046949 -0.995433
 4675 -0.5955343 -0.5550881
 9178 -0.1757381 -0.07596074
 6261 2.0894876 1.7361269
 9913 -1.1242003 -0.6514253
 5382 -1.1375582 -1.2934924
 428 0.6630077 0.66887605
 10709 -1.2233094 -1.1616518
 8481 0.58932906 0.47078937
 1963 1.4259768 1.1309001
 4839 -2.084427 -1.9430526
 1434 -1.4731467 -1.3052038
 9698 1.5483406 0.98332673
 2495 -2.917262 -2.2011304
 4012 -0.9676956 -0.8879117
 7540 0.045096595 -0.0732488
 11281 -0.43457988 0.7365443
 11203 0.27635857 -0.010446311
 4599 -0.9204219 -0.86253196
 5493 -0.5174147 -0.69641083
 241 1.4233533 1.2909653
 10521 -0.116779685 -0.013996961
 4035 -1.9766656 -1.5678073
 7273 -0.3973342 -0.3228754
 6364 0.34746328 0.4535546
 1906 0.121934555 0.11531799
 10653 0.5188116 0.6301214
 2711 0.7775424 -0.25426415
 2683 0.65887797 0.6016972
 1357 0.09935363 -0.19554374
 2634 -0.8316971 -0.89913815
 9222 0.007931579 0.026473468
 5092 -0.70724255 -0.7218397
 10270 0.70824015 0.25617078
 6091 0.109191865 -0.026026273
 9460 -0.8255632 -0.99784994
 4133 0.20084311 0.2719853
 3724 0.16886355 0.2593028
 9986 -0.6672208 -0.56917316
 7127 -1.6413971 -1.546979
 8329 2.2007551 2.3076541
 10857 0.17766626 0.3326627
 7152 0.1066184 0.041415878
 2750 0.99778074 1.3300284
 1345 1.4333336 1.2926226
 9618 -1.5142778 -1.194515
 11356 -0.5036149 -0.49824414
 9326 -0.0053685238 0.5174683
 6773 0.41540548 0.46935922
 2731 -0.8995724 -0.9507358
 3996 -0.068551116 -0.35593542
 6955 0.61860174 0.750397
 9956 0.36749136 0.2643669
 10618 -0.06934782 0.5695272
 9611 -0.5134023 -0.28837606
 8486 0.0361747 0.2900251
 5241 -0.09345477 -0.14807616
 8198 -0.08227203 -0.119122736
 2076 -0.8931391 -0.88278216
 4710 2.127252 2.016507
 9186 0.054098256 0.17549455
 9629 -1.2121266 -1.0348998
 7429 1.5564305 -0.0765391
 10927 -0.5063131 -0.51065946
 9394 -0.05252764 -0.46805835
 1582 -0.99467444 -0.80731165
 6804 1.6811073 1.724012
 9305 -1.8684963 -1.0570877
 9647 1.0560634 -0.5073583
 10369 -0.35348108 -0.8110964
 8689 1.5080354 -1.2907685
 5969 -0.31635457 -1.3081015
 7093 0.82893807 1.1463798
 3170 0.5998201 0.6290217
 6698 3.0786068 2.706829
 6715 -0.7813145 -0.6216075
 7191 1.0445855 0.73369974
 4173 1.1047499 1.0166286
 5814 -0.50019383 -0.6115151
 3491 -1.9638226 -1.9012562
 5484 -0.12754802 -0.008714585
 10997 -1.7383814 -1.6556159
 10752 0.5581838 0.26769906
 7056 0.07224276 0.14284551
 2273 1.5982125 1.2351925
 98 -1.0439491 -1.2458104
 39 -0.42652118 -0.22095022
 1551 0.46890157 0.9290392
 3513 1.3161012 1.0154022
 853 -0.51716393 -0.9585144
 7084 0.369606 0.95200616
 7533 0.93417823 0.7989872
 11643 -0.6962193 -0.68569785
 8482 -0.15507238 -0.43270072
 3243 1.683414 1.6726885
 6531 3.4131916 2.7083974
 7803 -0.36018384 -0.42100164
 1356 0.14717467 0.12935373
 1887 0.4343279 -0.4644973
 786 -0.66841304 -0.69606304
 10342 0.7161742 0.6323939
 11502 0.037711725 0.18446603
 1329 -0.75024486 -0.4971185
 616 1.231139 0.013354121
 10648 -0.7202497 -0.5256168
 7582 -1.0031787 -1.0665861
 10435 0.06649393 0.3887082
 6521 -0.63912386 -0.73872244
 8023 1.3814442 1.1742238
 5723 -0.7086288 -0.7136037
 6727 -0.5101568 -0.712866
 6763 -0.60539776 -0.38426837
 3813 0.5784956 -0.38465628
 4783 -1.23501 -1.2874758
 8967 -1.070453 -1.1487006
 3277 0.014453735 0.030616483
 8993 -0.34141865 0.15166245
 1732 0.054420054 0.022389563
 80 0.19836865 0.6579552
 6831 0.75347674 1.0446314
 11739 0.754934 0.7221202
 6655 -0.32893223 -0.40936485
 8152 -1.1524081 -0.82171404
 163 0.7514217 0.65560585
 7306 -2.4000993 -1.8799287
 8932 1.6856161 1.8723754
 2096 0.7021984 0.646504
 6183 -0.44732165 -0.31385794
 10297 -1.1125803 -1.1107258
 2101 0.03777361 0.07281676
 10585 0.25907862 0.71470994
 11065 -0.31360322 -0.562203
 7827 -1.1137933 -1.4540652
 2466 -0.4520817 -0.39149502
 7571 -0.3403121 -0.31146917
 2809 -0.18725088 -0.13470367
 8458 -0.5048521 0.60309476
 10705 1.2111475 0.89875025
 1093 -0.2500695 -0.591354
 9985 -1.6290523 -1.5251331
 7120 -0.69586587 -0.7299344
 5775 -1.178335 -1.2368823
 1883 1.1783012 0.75975376
 5407 0.24470495 0.33180484
 7203 -0.619093 -0.5257302
 6264 -0.7748084 -0.9226881
 4019 0.79593354 0.5086501
 4506 0.27683073 0.07456415
 6966 2.0535648 0.46663705
 5176 1.4614278 1.7633075
 4402 -1.0062321 -0.8424024
 5438 0.29698855 0.26402923
 2467 -0.5948747 -0.614019
 2224 -1.6131682 -1.5253025
 8215 -0.9442978 -0.73063666
 3852 -0.7060553 -0.7316766
 11740 -0.9090874 -0.9130042
 1850 -0.7197056 -0.7656198
 11196 0.6967466 0.6710792
 6146 -0.5483394 -0.7151702
 9495 0.054855995 0.21218543
 10252 -0.32951257 -0.27587005
 11629 1.1411788 1.0373255
 5797 0.57831776 0.527347
 7338 -0.74332345 -0.74646527
 10721 -0.25848487 -0.24535955
 11611 -0.517488 -0.63745993
 153 2.3613846 1.9542676
 2172 0.33114186 0.5457704
 3957 -0.6440187 -0.5726182
 3618 -1.2817338 -0.713368
 1646 -0.35099196 -0.12162973
 10403 -0.7386656 -0.9140398
 2177 -0.18095106 0.25139534
 5333 0.51938134 0.48324856
 7331 0.15247564 0.3654077
 11702 -1.0631672 -1.0740556
 6651 -0.5503491 -0.2528876
 11375 -1.6012722 -1.5321369
 482 0.357952 0.0630251
 11711 0.422502 0.3938821
 874 0.012947882 0.08463976
 11122 -0.9784525 -0.84342843
 6991 0.87156314 0.5500626
 3522 -0.60725796 -0.5945284
 9297 -0.47217718 -0.15672395
 5099 0.44669056 -0.051356874
 5580 0.08598751 0.07492355
 1221 0.58745646 0.13510598
 7953 0.96148574 1.1995538
 6153 0.6405973 0.6114766
 9630 0.35919794 1.1284381
 10055 -0.36858636 -0.1456497
 7530 -0.38386586 -0.05722612
 695 0.27006793 0.47454265
 1872 0.89529055 1.4046811
 3481 0.56564474 0.6992447
 10129 1.1618179 1.1822828
 4145 0.4074114 0.44479874
 4737 -0.08474145 0.00748308
 11139 1.8948642 1.7691822
 9144 -0.4975484 0.06393182
 2869 -0.93198097 -0.9025151
 1692 -0.15478404 -0.110573195
 7232 0.43064097 0.22391789
 4392 -0.9673339 -0.48654988
 3789 0.1552279 0.5056991
 10146 1.5072489 1.4362549
 11187 1.4164227 1.51497
 4425 0.40690255 0.40727583
 3113 -0.075589895 0.4855295
 2811 0.8425334 0.862229
 8109 -1.2952392 -1.5212668
 3060 -1.2476624 -1.3252937
 160 0.19176628 0.5135492
 3806 -0.5857396 -0.6673468
 10081 1.1296014 0.03413836
 6026 -0.10022355 -0.18582422
 3160 2.5216928 1.6868341
 6439 -1.0085746 -0.8698919
 8345 1.9537401 1.9863416
 9137 0.24625571 0.8906841
 253 0.60349417 0.6201295
 9967 -1.611236 -1.388333
 11221 -0.7704361 -0.7687085
 6227 -0.2257902 -0.53016376
 6800 -1.7994856 -1.65173
 7786 -0.056834336 -0.199213
 5628 -1.7428691 -1.7280725
 10512 0.68917245 0.37640607
 10925 -0.10399025 0.09975811
 5368 1.9023949 2.0788434
 9505 -0.6955074 -0.7686195
 8423 -0.18493962 -0.37284055
 10529 -0.5240652 -0.20993868
 8762 -0.74865055 -0.68683195
 2468 -0.7336117 -0.80347645
 11557 -1.2315024 -1.6021092
 7291 -1.2850572 -1.2589151
 834 -0.010186797 -0.29539156
 6125 0.0153059065 -0.061696485
 6803 0.4031973 0.1036069
 7799 0.11841264 0.09046579
 6353 -0.52240574 -0.7802034
 3451 -1.0664145 -0.59852713
 6634 -1.0126053 -0.8214079
 3663 1.7868829 2.2697556
 6608 0.7567213 0.81325203
 3864 0.15641654 0.13211107
 3410 1.1817695 1.2752532
 4153 -0.69855165 -0.57121104
 4863 -0.053447656 -0.08116669
 8352 -0.097166464 -0.015042631
 1083 1.0942943 0.99278027
 8624 1.3649298 0.813069
 10890 -0.8967064 -0.8488328
 3245 -0.21624349 -0.24154367
 8373 1.7171612 1.1462477
 9212 -0.16421476 -0.3527409
 476 0.5683241 0.5448047
 9354 -0.32255217 -0.38615894
 8390 -0.9976495 -1.0218452
 6846 1.3128676 0.65820795
 4950 -0.93076986 -0.7321237
 11054 1.0611233 0.9407636
 7313 1.4652958 1.3926064
 2109 -0.7796853 -0.9164562
