 1280 -0.63051176 -0.5698123
 1505 -0.7419008 -0.58037686
 3394 -0.104333214 -0.20489842
 3367 1.5858333 1.2342103
 5031 3.2066395 2.187098
 4178 0.24878117 0.19634406
 533 -0.644953 -0.49527192
 823 -0.40150765 -0.09730319
 24 -0.8557554 -0.49016654
 2105 -1.5966419 -0.97755367
 1724 -2.0090687 -1.2076249
 543 0.22024189 0.20955496
 544 0.34350032 0.12952061
 1411 -1.6664183 -1.7711195
 644 -1.3155676 -1.0907677
 4415 -0.9048332 -0.64821106
 568 -0.48359522 -0.3611473
 3280 0.32183775 0.47691274
 1777 -1.378706 -1.2700028
 694 0.40088254 0.5455622
 344 -0.77865577 -0.5688638
 25 -0.0015257358 -0.22736079
 379 -0.37587067 -0.8108834
 3871 -0.19174603 -0.044811517
 1734 -0.5248551 -0.08034411
 520 0.07695684 0.51044047
 3433 1.2527376 0.93811893
 1258 -0.4096565 -0.22909357
 3823 -1.1786597 -1.4463229
 2448 0.2977793 0.46173954
 3057 -1.3716989 -1.2004938
 530 0.24848637 1.1495156
 3958 0.9660853 1.142906
 3386 1.1536088 1.2909777
 5055 1.8588691 1.9452901
 3899 0.9202096 0.7265895
 5025 4.035829 3.7691255
 1379 0.24225864 0.50618863
 3683 0.83734894 0.58494836
 1319 -0.40842664 -0.61993074
 3409 -0.1800845 -0.3047412
 404 -0.6431947 0.30151016
 504 -0.59107196 -0.49969143
 3067 -1.0741961 -1.174693
 5183 -0.98621964 -0.9026854
 3360 3.4902713 3.6148405
 389 1.0824761 0.55336225
 3655 0.29316455 -0.085990146
 3055 -0.61048055 -0.6064095
 303 0.33531857 0.36139154
 3094 0.0646232 -0.11354375
 3705 0.05363993 -0.009500466
 2779 5.6179814 1.3523326
 2429 -0.65805805 -0.5609809
 4609 0.0970019 0.18618892
 3460 0.24337597 0.25235856
 2181 -0.11808541 -0.36303872
 4454 -0.58361924 -0.65008986
 1547 -0.19076124 0.67108524
 3697 -0.067942716 0.34240973
 4114 0.023135018 -0.8720207
 1527 3.8343077 2.6389294
 1656 0.7718347 0.93586993
 4486 -1.495044 -1.4690138
 4852 0.007892494 0.20799734
 53 -0.40786165 -0.24886003
 855 0.29130358 -0.39875466
 4379 -0.23612805 -0.6565254
 311 -0.36732343 -1.7519882
 1406 0.96783936 1.3060511
 3455 -1.5209574 -1.3878148
 1888 -0.13042824 -0.6465624
 1217 -0.8905054 -0.34306902
 1894 -1.1109046 -1.036766
 1514 -1.5488646 -1.6103702
 4430 -0.3136883 -0.25660872
 148 -1.0697384 -1.2551475
 2550 -0.4709927 -0.27358365
 3260 -1.1828883 -1.1318066
 2022 -0.6796153 -0.52218294
 3531 -0.0017380514 -0.27357906
 3659 -0.59919477 -0.46770543
 2005 -1.0387583 -1.026257
 152 -0.5144482 -0.873914
 1849 -0.3075028 -0.32321382
 5114 2.3931758 2.0700016
 4799 0.6659964 0.33563316
 4836 1.4225078 1.9475527
 1511 -0.3043699 -0.3284927
 4905 0.9621362 1.234054
 178 -0.4884255 -0.4978165
 3861 0.8372566 0.73546267
 5175 0.89226633 0.7016769
 5080 1.2415719 1.0667617
 2330 2.1155665 1.6156592
 1281 -0.7733032 -1.0338309
 5033 1.7785971 0.68849313
 1610 0.85529274 0.36514634
 2414 -1.3387135 -1.6366577
 270 -1.0511056 -0.95308757
 2777 -1.1259856 -0.8206405
 2109 -0.35455093 -0.46286976
 4095 0.19236584 0.73118633
 1380 0.18737751 -0.21875104
 2598 0.3565702 0.25041485
 4522 -0.6875072 -0.69071066
 4589 -0.6724501 -0.69821167
 2769 1.5967679 1.8420274
 5204 -1.0712248 -0.8542371
 382 -0.18881667 0.006907031
 4511 -0.37498045 -0.4455288
 4032 0.11945705 0.1045845
 2177 -0.62593645 -0.5786317
 5057 3.7030888 3.6238475
 771 -0.584448 -0.7769198
 2694 1.6373222 1.3334218
 558 0.3548888 0.14027001
 2610 2.4043846 2.3974018
 3997 -0.92825687 -1.0222384
 4772 -1.1424203 -1.4127208
 2953 -0.10993084 -0.29885072
 2222 -0.38529256 -0.22983027
 815 1.1322002 1.6037228
 3759 -0.94739866 -0.40236372
 817 -0.35985452 -0.45226163
 5170 0.23316506 0.18650688
 857 -0.70039386 -0.70482844
 4491 -0.87153447 -1.3552406
 3374 0.47113335 0.221707
 4048 1.6885004 1.6770241
 3670 0.52750844 0.7462834
 2487 -0.5935867 -0.72936857
 953 -1.4248441 -1.3634751
 3901 -0.0055181277 -0.33988756
 5182 -0.23097366 -0.44857967
 1188 -1.0749509 -0.865217
 2489 0.08373501 0.43492472
 973 -0.15478863 -0.32669473
 1878 -0.022968037 -0.08471238
 1880 -1.1503916 -0.5822381
 1945 0.9618379 0.5723884
 4094 -0.32543314 -0.31156945
 3999 -1.4875885 -1.7058897
 3104 0.20741346 0.21046223
 1735 1.2308644 0.71437794
 3687 -0.36580214 -0.4222358
 1355 -0.85921806 -0.7091159
 2069 -0.54678845 -0.90148985
 3798 -0.33760968 -0.19363727
 2456 -1.2076651 -1.0847574
 990 0.9235347 1.3128352
 2436 -0.3845117 0.0035083294
 4331 -0.5403538 -0.7634803
 1166 0.08470123 0.13356243
 1172 -0.6698655 -0.6092369
 2644 -0.017734077 0.20738392
 5017 0.39184037 0.09974943
 2075 -0.58538324 -0.49822032
 1983 -0.67826325 -0.5889516
 1898 1.0911804 0.78816164
 2988 -0.4572449 -0.68241185
 4812 0.69303983 0.9185071
 2866 2.154341 2.0043454
 4914 1.7503825 1.6151788
 3192 -0.19755024 -0.03869077
 4442 1.2196715 1.3230522
 1213 -0.1417583 -0.04642199
 1504 -0.30328894 -0.53797245
 2725 -1.4677734 -1.2405144
 3465 -0.4472911 -0.44971538
 3114 -0.17205116 -0.6217988
 3602 1.4872727 1.3859015
 5106 0.859674 0.87994766
 2103 0.05362646 0.19628118
 3416 -1.7682842 -1.6390179
 2784 -0.313557 0.40790218
 5090 -1.525454 -1.4117773
 4197 -0.9057831 -1.0685031
 1641 0.6431498 0.9924356
 3916 -0.25468418 -0.35452452
 3534 0.41256836 0.58036447
 5107 -0.32543835 0.11433147
 3417 0.9435821 0.737051
 1130 -1.6071693 -1.396471
 3115 -0.21649018 -0.4747805
 3339 -0.63498795 -0.6495308
 112 -0.88065493 -0.4897973
 4080 -0.24520607 0.01735656
 1748 -1.9035951 -1.1529411
 1301 -0.5832535 -0.7820895
 803 -0.582205 -0.5832798
 2755 -0.8211943 -0.90629363
 4166 0.8144187 0.75890374
 3371 -0.39587408 -0.42613304
 3244 0.22832757 0.43256128
 3187 -0.2850338 0.015160844
 3452 -0.39894053 -0.7789817
 2883 -0.33059773 -0.35259125
 4739 -0.401707 -0.22253217
 3345 0.9578843 0.43858767
 2994 1.5236274 1.2389357
 2842 -0.97161317 -1.2113016
 828 -0.7338133 -0.51469654
 2015 1.4298729 1.479964
 3943 0.43094942 0.7768375
 3821 -1.1830357 -1.4501463
 3278 -1.1296809 -1.3298128
 4142 -0.49994317 -0.29399294
 912 0.50037175 0.1354839
 5045 1.4807386 1.7247307
 3993 0.78099453 0.44380325
 4802 1.1405078 0.9877335
 138 1.1550387 1.2246845
 1066 -0.28909594 -0.34760642
 1549 0.91075724 0.93335164
 3541 0.15353683 0.07458185
 315 -1.2296349 -1.2065904
 1766 0.6926882 0.5779328
 3432 0.5955745 0.5067129
 1003 -0.9663615 -1.0071063
 211 0.78194183 0.8537286
 2041 1.6429104 1.6411823
 2237 -0.5250386 -0.8705581
 640 1.3379785 1.399333
 1570 -0.47235745 -0.4468832
 804 -0.741699 -0.92863053
 4652 0.04605363 0.23451887
 1044 -0.8086415 -0.8168998
 2844 2.0827668 1.1480277
 3500 0.19906896 0.016824186
 812 -1.2296599 -1.0788268
 4428 -0.46055764 -0.5502885
 4272 1.1492631 0.9675509
 760 -0.38254702 -1.2915648
 2621 -1.1610382 -0.5090889
 2085 1.1873671 1.1281302
 1966 0.97228175 1.0243847
 4086 0.012017736 -0.35303372
 922 0.15353237 -0.06635852
 1019 0.21861252 -0.032450795
 2847 -0.019026376 -0.46462208
 3680 0.5794793 0.61497086
 3715 1.2015016 1.2575369
 3525 0.7579058 1.4071367
 1453 1.0164845 1.1350315
 4276 -0.9450205 -0.34768492
 2524 -0.12609784 -0.23974518
 1760 -0.8717825 -0.8246895
 2597 0.6578416 0.24957125
 5032 -1.9678731 0.80070335
 4751 0.5556213 0.2850876
 4111 -0.4237828 -0.7455897
 3607 -0.30840284 -0.6938977
 4879 2.9380038 2.931551
 4978 1.6701288 1.4025636
 150 -1.0574625 -0.99685466
 2040 -0.39464545 -0.069943815
 3132 -0.086897515 -0.080789976
 609 -1.3097639 -1.2600285
 1890 -0.07694002 0.2677675
 4244 -1.7584665 -1.3862143
 3639 -0.82607 -0.5110697
 957 -1.1229662 -1.0664407
