 10111 -0.25682178 -0.26369876
 304 0.9075987 0.9880914
 10383 -0.3537749 -0.5013196
 5284 -0.56121874 -0.46419853
 1038 -0.48946494 -0.40271187
 4909 1.0222191 0.95692724
 2539 -0.048169605 -0.26091874
 5295 -1.0693882 -1.0330744
 1108 -0.80049086 -1.0851278
 9168 -1.0582398 -1.0906757
 1126 0.49629387 -0.5929266
 9474 1.5669572 0.46100855
 1109 1.0619181 0.57212454
 5026 -0.9397257 -0.13215272
 11071 -0.65664816 -0.9526471
 7850 0.3662977 0.6460458
 302 -0.23766924 -0.32248467
 3605 -0.24157667 -0.21853583
 4914 -0.46336988 -0.45666015
 2534 2.279579 1.3598826
 1623 -0.8698839 -0.4553278
 5293 -0.428358 0.014800204
 2781 -0.18946221 -0.034822755
 10708 -0.7760681 -0.3789792
 1448 -0.51251525 -0.31010818
 1117 -0.5102604 -0.7026711
 10502 -0.4573671 -0.42727315
 5062 1.4695796 1.3288877
 7656 -0.2513535 -0.54073906
 10491 -1.1643409 -0.91537225
 4025 0.65536934 0.4940645
 9473 0.535199 0.3557452
 287 -0.90386486 -0.85303324
 4866 1.3777335 1.3921129
 9470 -0.08382464 -0.25765818
 5663 2.4684987 1.6427199
 2964 -0.23810793 -0.27289516
 7556 -0.1682785 -0.26422405
 2589 -0.23977928 -0.13153283
 338 -0.7837023 -0.5451769
 6476 -0.9431633 -0.5563815
 5713 0.9594642 -0.020670675
 5292 -0.20210864 -0.23319073
 6058 -1.1254046 -0.94448715
 1449 0.10634977 0.15330493
 10113 1.0333422 0.41292757
 4868 0.34247127 0.54193026
 2594 0.35698983 0.44856572
 4874 -0.6650855 -0.05062668
 2959 -0.5153354 -0.48952037
 1626 -0.7488806 -0.53725964
 5868 -1.1112821 -0.96008164
 1630 -0.37609503 -0.37505478
 5052 -0.7943671 -1.0178696
 2359 -0.8682483 -0.7918957
 10709 -1.2233094 -1.1087034
 7842 -0.33749747 -0.48566407
 7649 -0.24980271 -0.19334249
 5056 0.5712611 0.65779144
 9162 -0.02399527 -0.028698586
 1620 -1.0781817 -1.0959718
 5714 -0.54657596 -0.48193294
 10492 -0.080293104 -0.14074942
 7847 -0.95828414 -1.0015639
 4027 -0.5036539 -0.42459065
 1622 0.7814668 1.3102816
 2969 -0.29207665 -0.3913198
 10499 0.26521894 0.35462576
 4869 -0.012678675 0.089160845
 1041 -0.44134456 -0.4691713
 2356 -0.528657 -0.46205014
 4916 0.046204098 -0.15901563
 11068 -0.8769373 -0.5963653
 2355 0.25418654 0.18343613
 1616 -0.1535578 -0.2197466
 5712 -0.09595765 -0.20452283
 3604 -0.2108733 -0.22887541
 2962 -0.76062995 -0.9532352
 1633 -0.7963304 -0.4919253
 1450 1.2444913 1.0870575
 2966 0.60996133 0.45480108
 5659 1.021587 1.2006344
 1121 0.42166498 0.0052181296
 7548 1.3636554 1.3988503
 5186 0.31754607 -0.021263752
 7843 -0.09516599 -0.31206524
 205 -1.5964617 -1.3808466
 7550 0.92632765 0.8587919
 7553 0.56656843 0.3736884
 286 1.8763287 1.630082
 4296 0.8068697 0.76456517
 5028 -1.0159022 -0.9259268
 893 -0.22736618 -0.21719049
 5029 -0.52873266 -0.46744782
 5300 -0.50350446 -0.38370335
 7541 2.0234137 1.9261237
 1453 -0.883851 -0.89872843
 1635 0.071236566 -0.04824269
 5717 -1.7005833 -1.3991182
 7845 -1.2386512 -1.2625911
 1451 0.5650846 0.13634232
 4295 -0.1608831 -0.2091991
 7853 -0.038219053 -0.41271847
 4872 -0.5060779 -0.401285
 9268 0.03989968 -0.17030539
 7858 -0.7484777 -0.77484787
 9264 -0.12309373 0.7064155
 4865 0.16402969 -0.08349968
 7852 -1.4889767 -1.270943
 2788 -1.4120893 -1.2392732
 2960 -1.2251269 -0.99838537
 6057 -0.22745787 -0.25686038
 9158 -1.2116297 -1.3589298
 10714 0.47740036 0.064475894
 3602 -0.40557307 -0.12415968
 5871 -0.55847293 -0.588255
 5181 -1.4427367 -1.5461553
 10712 2.0052764 1.654586
 5299 -1.0472877 -0.94076765
 10385 0.44757894 0.549916
 9258 -1.3456525 -1.4226209
 2965 -1.112202 -0.48898333
 2354 -0.14020179 -0.017547175
 10487 0.8091438 1.125872
 5051 -0.9544501 -0.99771804
 9164 0.12041495 0.45974898
 1613 -1.5978653 -1.459489
 9471 0.43409777 0.36373174
 1619 0.28650075 0.055029485
 7549 -0.61915535 -0.63930637
 11074 1.1912144 0.38648462
 2593 0.40273705 0.31596434
 10387 0.7686783 0.6763386
 6061 1.4017823 1.2757407
 4289 1.3520977 1.3792775
 7543 1.2004352 1.0217736
 4912 -1.0493573 -0.9994145
 1634 -1.0408229 -0.9987493
 1116 -0.23232657 -0.237013
 7542 0.17734125 0.08351708
 7659 1.4650213 1.1134095
 2792 -0.25309497 -0.28389573
 2548 -0.31443158 -0.66569144
 11069 -0.55108666 -0.086028114
 3542 -0.23900549 -0.23585202
 7552 -0.43870232 0.06469888
 10117 0.6979701 0.7070629
 3539 0.49929917 0.6690883
 3536 -0.66244555 -0.5533261
 10488 -1.4628652 -1.0636255
 9266 -0.62545156 -0.86830086
 7540 0.045096595 -0.21645115
 9165 -0.53989154 -0.27308822
 7654 0.966288 1.0475068
 3601 -1.1220944 -1.0959133
 9261 -0.9436263 -0.7711165
 4907 -0.7086452 -0.8195495
 9166 0.11581762 -0.5471987
 1628 -1.829478 -0.9810911
 3538 -1.1081145 -1.037906
 1010 -1.3628894 -1.5447035
 1618 1.6426047 2.0814617
 5862 1.3258418 1.2568873
 5060 -0.53372467 -0.4355421
 1617 0.7511755 0.9437589
 2954 -0.59888756 -0.48265898
 5058 -0.16030642 -0.22145106
 201 -0.4893957 -0.43236136
 1627 -1.4418722 -1.4735975
 4297 -0.09217537 0.033508986
 2544 -0.5774558 -0.36405373
 1113 -0.32015932 -0.3750894
 301 -1.1437535 -0.47218508
 1004 1.2800974 0.89634514
 9467 -0.30779526 -0.3633027
 5865 0.1910067 -0.25626665
 5662 -0.48461366 -0.3872167
 1615 -0.4106774 -0.39815938
 5183 -1.0865521 -1.1638569
 1447 -1.0499171 -0.94890875
 10704 -1.1593745 -0.92082757
 5867 1.6425918 1.2189095
 9169 0.41011596 -0.20008446
 2536 -0.9407356 -0.9145789
 7851 1.2389235 1.3097183
 10500 -0.85744745 -0.5703598
 1035 -1.7384552 -1.385516
 5288 -1.7204615 -1.4042412
 2588 -1.0238591 -0.9523713
 202 1.2567532 0.46657807
 2783 0.5454879 0.28080124
 7848 1.125588 0.58526576
 299 -0.99767333 -0.9120254
 4032 -1.3316534 -1.3103617
 10497 -0.8571027 -0.7470481
 1446 1.4211562 1.8370053
 1444 -0.96367496 -0.5750483
 1621 0.21753998 0.38097835
 1008 -0.4417681 -0.35079914
 11079 -0.29431638 -0.4229834
 3600 -0.9487214 -0.87017524
 347 -1.583063 -1.4683372
 10112 -0.21058406 -0.744005
 3534 -1.0325551 -0.7936139
 4908 -0.19813521 -0.21611191
 285 -0.6859942 0.08917138
 10495 1.11258 1.2228452
 342 -0.5298021 -0.46295553
 3606 -1.1897515 -1.3406385
 1107 -0.13474816 0.111633234
 2357 -0.2769145 -0.32170314
 303 -0.5392745 -0.41392606
 7655 1.2561737 0.75224066
 11078 -0.029776646 -0.14231421
 4876 1.2592882 1.001168
 4913 0.69880027 0.62971455
 4029 -0.5579939 0.083468035
 10106 -1.1484296 -1.025448
 7555 -0.87159467 -0.96395177
 1110 -1.3947828 -1.239821
 2782 -0.5465819 -0.4379272
 284 0.37458745 0.4781342
 10381 0.05011565 -0.42089957
 10489 2.0145721 2.174716
 7663 0.4763011 0.45255762
 5667 -1.3474728 -1.3434294
 2591 1.2536851 1.2042283
 9260 -0.6200337 -0.5686308
 5055 -1.1530155 -0.89559907
 7657 -0.80047435 -0.73022294
 5720 -0.91751105 -0.35983193
 5869 1.6361874 1.462485
 305 -0.17383343 -0.577499
 5190 0.1997081 -0.10141282
 2789 1.7221532 2.1563237
 9163 -0.09546028 -1.1024643
 6475 1.3330594 1.3381721
 307 -0.9454567 -0.31232697
 11073 0.2971059 -0.41205758
 4911 -0.0041212095 -0.17169134
 5368 1.9023949 1.597202
 10711 0.0062318207 -0.13956298
 345 0.023041455 -0.10358812
 5296 1.0427477 0.7854188
 10379 0.93353736 0.82531255
 7855 -0.95857936 -1.1437993
 7664 -1.0155827 -0.6960242
 2785 0.45134565 0.5023013
 7856 -0.21233653 -0.8682063
 1114 0.344987 -0.25221968
 5187 0.19566867 -1.2412692
 9259 1.1101215 1.002489
 289 1.0616642 0.8163962
 3535 -0.33516192 -0.4506352
 5371 1.387249 1.3277835
 2958 -0.115380645 -0.20436311
 10498 0.7357168 0.54737335
 9271 0.7026197 0.44243532
 4026 -0.11876457 -0.14057465
 5665 -1.1196085 -0.98914796
 1115 -0.5628108 -0.4325838
 2967 1.3654273 1.248896
 7647 -0.53054655 -0.4646867
 5188 -0.078791834 -0.11177243
 7551 -1.8525527 -1.513472
 7650 -0.5293804 -0.30178452
 10702 0.029474225 -0.16265644
 894 0.36992458 0.23708348
 337 0.28669006 -0.047195062
 5861 -1.0114117 -0.8023953
 306 0.41245565 0.670597
 5294 0.57713646 0.39122546
 7545 2.0341742 1.4401444
 2542 -0.5640031 -0.120995834
 10707 -0.6136014 -0.21924488
 7652 -0.08452737 -0.059930995
 341 -0.22925068 -0.46104288
 204 0.97558576 0.33812904
 10494 -0.14280643 -0.103779286
 5184 0.0048075626 0.039114192
 4915 0.7536211 0.553502
 5863 -0.23527639 -0.22930546
 10705 1.2111475 0.24877983
 5064 0.52493304 0.3916223
 206 -0.21609223 -0.40712917
 1124 -0.36934915 -1.1213256
 5050 0.48613384 -0.5849288
 7849 -1.3072915 -1.0508149
 7846 -0.2629245 0.7210903
 2358 -0.25323203 -0.20864914
 11070 1.1223109 0.9646643
 2957 0.5954079 0.4937091
 1625 -0.5987757 -0.53038543
 1037 -0.64457244 -0.2243463
 1454 1.0341175 0.23414022
 1631 0.33437726 -0.015054092
 5661 0.3978482 0.5132633
 1457 -0.153126 -0.20680925
 5053 -0.5032537 -0.495804
 2955 0.87868994 0.6936336
 9257 1.239476 1.297352
 5025 -1.1391717 -0.5443464
 10382 -0.09051916 -0.06729461
 7658 0.4102104 0.8555706
 1118 0.05206524 -0.020555802
 2596 -0.04933074 -0.15232833
 2790 -0.45585483 -0.39214855
 10493 -1.5961647 -1.5452768
 10118 -1.6599808 -0.9893263
 1011 -0.6941973 -0.25416774
 9157 1.284999 0.20680301
 5715 -1.4415797 -1.2588648
 2595 -0.56635284 -0.8154548
 11076 -1.0374444 -1.1618073
 10496 1.4514351 0.57069606
 344 -1.3838191 -1.1350211
 1122 0.66274273 0.26364863
 9159 -0.16639172 -0.08894031
 10119 0.027256012 0.10230064
 9265 0.35643974 0.49551034
 9160 -0.22691832 -0.21650578
 5049 0.13143541 -0.514903
 1123 -1.1571957 -1.0587014
 11072 -0.8614066 -0.91160744
 290 -0.541446 -0.4291131
 7554 -0.4963286 -0.42294943
 2549 1.2297491 0.9705524
 10114 -1.2085758 -0.969904
 2599 -1.1581662 -0.9487142
 5031 -1.0150707 -0.94698083
 5185 -0.8596276 -0.5917371
 4028 -0.8889718 -0.62165135
 298 1.3660814 1.4488336
 2597 -0.18537739 -0.62322557
 5298 1.7059972 1.1671628
 1007 -1.0802977 -0.93291795
 2585 0.9618002 0.7810799
 9270 0.5983793 0.7806179
 4867 -0.920344 -0.8750998
 2537 1.5671327 1.2231873
 3599 -0.102789685 -0.43769693
 5291 -0.08039258 0.04511705
 10120 0.12109751 0.36501795
 2545 -0.25537965 -0.05303426
 6477 -1.1036528 -0.5305733
 1611 -0.5466626 -0.46880203
 7662 -0.2565119 0.83986646
 1112 -0.48107386 -0.88440245
 1629 -0.060927417 -0.14688443
 5182 -0.2565999 -0.5308833
 4910 -0.5917635 -0.7474958
 4292 1.016022 0.7855354
 3540 0.18890813 -0.49143773
 892 -0.49895847 -0.36324072
 4871 1.0522128 0.67000717
 2543 2.2139242 0.89639145
 200 0.007835314 -0.07638267
 5054 -0.29038924 -0.38063002
 2968 0.78893095 0.56548345
 2963 -0.7406262 -0.5757849
 891 -1.0770307 -1.0811832
 1456 -0.28020996 -0.24983664
 7646 -1.169198 -0.43259293
 1009 0.33208755 -0.0007163696
 10703 1.727423 1.2584195
 4291 1.080973 0.97123754
 1624 1.2017815 1.1451371
 7648 -0.94254535 -0.052650936
 5660 -0.6124036 -0.6717359
 2592 -0.32801083 -0.6185113
 5189 -0.92696655 -0.6992812
 10108 -1.1565645 -0.9347287
 9272 0.88815826 0.8397115
 1042 -0.2372136 -0.33086967
 1445 -0.68859196 -0.2808299
 283 1.3805385 1.2184564
 10115 -1.6072048 -1.1984934
 10715 -0.8875893 -0.25243372
 2546 1.1238402 0.8585736
 5290 0.702258 -0.23438884
 10501 1.3514991 1.3624159
 3533 1.3196814 1.3146423
 2598 -0.6820093 -0.4108448
 1452 0.73232096 0.3447402
 5061 -1.081975 -1.0644368
 1006 -0.6693152 -0.7423503
 4294 -0.49259308 -0.4713109
 7544 0.4992955 0.37431443
 7661 1.6955067 1.1834463
 2787 -0.5994023 -0.5460543
 346 -1.0200453 -1.0190774
 2590 -0.79542965 -0.75418323
 4875 1.0883296 0.82075065
 300 1.6953512 1.0741208
 5180 -0.41013464 -0.3822273
 7546 -1.0952948 -0.9169534
 7854 -0.48112613 -0.41353887
 7857 -0.7287921 -0.39959335
 2970 -1.1688612 -0.93901414
 2541 -0.5846931 -0.48626685
 2360 2.0142057 0.64747715
 2587 -0.29416144 0.4118917
 2956 1.3491439 1.6423639
 4290 -0.41536638 -0.7581907
 1111 -0.53041863 -0.6043779
 10486 1.1844227 0.90062124
 10710 -0.48427764 -0.49220985
 1632 -0.48662055 -0.36180842
 2961 -1.3180681 -1.0965933
 5063 1.373061 0.88027674
 10380 0.7297205 0.50670755
 4918 -0.34283558 -0.33750165
 10107 -1.2021412 0.31738824
 4030 0.5412027 0.08431564
 7651 1.5144324 0.47003913
 4870 -0.2162224 -0.17546907
 9468 -1.3863839 -1.6653465
 5027 0.41864365 0.7889129
 7660 1.3480922 1.4173881
 4031 -1.0074896 -1.0561596
 5370 1.4303416 1.2741455
 1612 1.45899 0.6862069
 2786 -1.1767242 -0.7323122
 5287 2.0168338 1.9583118
 5664 -0.88356906 -0.88557214
 339 -0.3446926 -0.23875947
 11075 -0.5074348 -0.71624285
 7653 -0.5892565 0.15118316
 4873 -0.5566072 -0.4329388
 10110 1.1107445 0.99385715
 2791 0.95154256 0.6900439
 11080 0.4761851 0.11679134
 6063 -1.0533414 -1.0046102
 5057 0.36838755 0.48951876
 5289 1.7410014 0.77451223
 2538 -0.5113578 -0.45594925
 10713 -0.44082654 -1.1413566
 1036 1.138631 0.08174634
 340 -0.953486 -0.6002808
 9472 1.051871 0.91209835
 5718 1.310401 1.5553559
 5666 0.06337037 -0.12891652
 3603 -0.29593867 -0.4124061
 9269 -1.5333731 -1.0899886
 2586 1.8756108 1.6805547
 6474 0.5909257 0.35149503
 3607 0.38916788 -0.33187383
 9156 -1.116842 -1.1121582
 10122 -0.39452326 -0.3748271
 10384 -0.4310172 -0.6362278
 11077 -1.3107717 -1.3298103
 10716 0.92135715 1.229787
 5059 -0.45008537 -0.03642545
 9161 0.38302436 -0.11326662
 2784 -0.6061995 -0.3534212
 5297 -0.6390574 -0.682576
 1120 -0.0038117876 -0.03975378
 7547 0.854379 0.88453263
 203 -0.38574713 -0.4205274
 1125 -1.322191 -0.9624956
 1458 -1.39856 -1.3778685
 1455 0.6065462 0.39794904
 9469 -0.07031643 -0.22346015
 9167 -1.0890464 -1.1166414
 10706 -1.5064809 -1.3432575
 10116 -0.5070488 -0.42050356
 6060 -0.5820224 -0.5071655
 10109 0.66492385 0.46622092
 5286 1.2788941 1.2002697
 9267 -0.49204895 -0.4622606
 5369 -0.26535726 -0.23105429
 5191 0.002761252 -0.9552102
 5716 0.5671753 0.065096274
 1040 1.4428184 1.6175596
 9262 -1.1132128 -1.0269659
 5864 -0.56771934 -0.40662897
 288 -0.19213425 -0.14449908
 6056 -0.14234115 -0.19672304
 2540 -0.88133895 -0.85720015
 4917 -0.3758351 -0.60845953
 9263 0.37166283 -0.21562333
 2547 0.4840348 0.34760773
 343 -0.7319404 -0.56007373
 7844 -0.3060758 -1.1257342
 2779 -0.6191925 -0.4246019
 10490 1.7877433 1.8026074
 207 -0.5779459 -0.4882396
 5024 -0.5046248 -0.3938275
 10121 -0.6216028 -0.86129296
 6059 -0.5671198 -0.3916335
 5285 0.12973382 0.091691524
 4293 -1.4560924 -1.0575298
 6473 0.9849147 0.5000918
 1039 -1.0876175 -0.84530145
 2780 -1.3958724 -1.3402672
 1005 2.5397446 1.75854
 3541 -0.55654854 -0.411781
 5870 0.72032046 0.83872
 1614 -0.17748828 -0.08183291
 2535 1.3005426 0.9272415
 1119 1.4912584 1.492088
 6062 -0.29962242 -0.35763055
 3537 -0.555777 -0.54408497
 5719 1.0379611 1.1201195
 5866 -0.3124247 -0.4446078
 10386 0.6278665 0.76508266
 5030 1.016335 1.4796478
 9816 -0.053640645 -0.09241055
 9818 1.3410219 1.2714072
 9821 0.37288448 0.7130818
 4624 1.0001497 0.39835936
 4628 -0.029861908 -0.00011946261
 4626 -0.14989288 -0.08771311
 9811 1.0054609 0.2889676
 9814 1.8035178 1.7461038
 11421 -0.49832815 -0.44479144
 11419 -1.1424966 -1.0318838
 9820 -0.12192022 -0.58176845
 4631 -0.549397 -0.46373683
 11418 -0.57141227 -0.50533557
 9815 0.71814805 -0.6249081
 11423 -1.6333586 -1.3723933
 11424 -0.3943578 -1.0023776
 11422 -0.9025859 -0.9875851
 4625 -0.20635712 0.18404092
 4623 0.36412212 0.30767965
 9823 -0.1468523 -0.2213061
 11417 -0.6706826 -0.7360962
 4629 0.35928872 0.79285914
 4627 0.81399184 0.23109934
 11416 -0.18186831 0.14051619
 9812 0.37357208 0.20180568
 9822 -0.14869049 -0.55142415
 11425 1.6792713 0.029975552
 4630 -0.94065994 -0.7426023
 9813 -0.551287 -0.3984412
 11420 -0.320284 -0.45477593
 9819 -0.2079221 -0.020872362
 9817 -1.1338053 -1.040684
 8588 0.015733138 -0.2527356
 8589 0.19360676 -0.054847874
 8585 1.9517488 1.9918348
 8584 -0.032665044 -0.51339334
 8587 -0.97900397 -1.2190557
 8582 0.064037345 -0.2378019
 8581 -0.02296157 -0.16147044
 8583 0.96055156 1.4681569
 8586 -0.44433334 -0.3567133
 8590 -0.75832653 -0.19367667
 7309 -1.1411535 -0.12837048
 7310 -0.41377527 0.04421279
 7300 0.14532319 0.14010829
 7308 1.1566187 1.273516
 7301 -2.1979675 -1.4157401
 7299 0.2688206 0.7715321
 7306 -2.4000993 -1.843929
 7307 -0.19259861 0.17910047
 7305 -1.0273045 -0.32389635
 7304 1.0296379 -0.0034580901
 7302 -1.5914894 -0.9804583
 7303 0.24136822 0.11513409
 4071 -1.2863957 -0.7744411
 4069 -1.1639379 -1.07062
 4070 -0.14905675 -0.15197586
 1547 1.2407284 1.0006884
 1535 0.7125652 0.56194746
 1541 0.3555376 0.22829843
 1542 0.30875528 0.20111986
 1533 0.8341419 0.47649604
 1544 1.7608438 1.6348873
 1536 0.797874 0.23326184
 1531 2.5992324 2.6318755
 1548 -0.38397816 -0.3831038
 1532 1.1036117 1.204009
 1537 0.66656077 0.51628166
 1538 0.47102168 0.42180407
 1540 0.44857138 -0.1756556
 1539 0.10324272 -0.15072258
 1543 0.5953383 0.5320815
 1545 -0.76231873 -1.1418033
 1534 0.8315606 0.48807895
 1546 -0.041093696 0.024318822
 8377 -0.55290514 -0.43408483
 8359 -0.53226876 -0.6376974
 4601 2.0742428 2.1558702
 8376 -0.83132946 0.41145295
 8363 0.97792274 0.6172597
 4604 -0.32344055 -0.23226197
 8367 0.75606346 0.85668117
 4602 0.2932292 0.16207734
 8360 0.17069212 -0.30011708
 8375 1.5315937 1.1121747
 4600 -0.75728595 0.4536975
 8368 2.1921065 0.6753958
 4603 0.9475338 1.255854
 8366 0.42739868 0.7563942
 8370 1.0519855 0.89327234
 8374 0.5726588 0.5841132
 8362 2.1183357 1.5504686
 8373 1.7171612 1.4831568
 8365 1.1737758 1.052333
 8361 -0.23256172 -0.27869767
 8364 1.2761326 1.3396183
 8369 -0.93988156 -0.38926107
 8371 -0.3585767 -0.2172458
 8372 0.24607694 0.19610797
 8378 0.47347185 0.5688052
 4608 1.5631808 1.025954
 4606 -0.8279726 -0.86434126
 4607 2.4985552 2.9400015
 4605 0.5574105 1.0572606
 8358 -0.7811683 -0.87628037
 3429 0.25155944 0.3998623
 3430 0.6826237 -0.7882691
 3432 -0.79258573 -0.7308919
 3431 0.7318928 0.551001
 11651 -1.4851614 -1.5291331
 11658 -1.6681696 -2.1092522
 2687 0.16457702 -0.6408532
 2692 -1.2537881 -1.3521296
 2690 -1.6706941 -2.174154
 11656 -0.9451885 -1.4322443
 11650 0.2991545 -0.5411597
 11654 -1.6632423 -2.038308
 11653 -1.245194 -1.2734486
 11657 -1.7100773 -2.215288
 2691 -1.5200694 -1.97411
 2693 -1.439053 -1.531238
 2689 -2.2931669 -2.156329
 11655 0.36595985 1.0851166
 11652 -2.3159196 -2.1345022
 2688 -0.40127003 -1.4629964
 2027 -0.45534188 -0.28758627
 2033 1.306952 1.5503048
 2029 0.23345114 0.27654612
 2032 -0.2131731 0.4406966
 2031 0.32682416 0.21307479
 2034 2.1060834 2.1472828
 2035 -0.033436075 0.031794727
 2030 0.75456405 0.6047096
 2028 -0.06428201 -0.5653899
 9804 -1.5431728 -1.2770919
 9803 -0.85301006 -0.74484867
 9808 -0.9633032 -0.71712047
 9800 0.20935015 -0.11613433
 9806 0.06768899 0.1465532
 9798 0.02381799 0.49923742
 9799 -0.62880015 -0.2623945
 9807 0.74107003 1.1696953
 9802 1.2376469 1.3260554
 9805 -0.5489597 -0.5509587
 9797 -0.8700842 -0.8854197
 9801 1.400385 1.2001647
 9810 0.34762833 0.31651133
 9809 -0.7634038 -0.6613583
 9964 -1.7105967 -1.4334637
 9965 -1.7679558 -0.92227024
 9963 -0.11149109 -1.000651
 9962 -1.3166369 -0.97198874
 3161 0.3214755 -0.5970267
 9466 1.80172 1.1741687
 2048 -0.41242665 -0.42592293
 3160 2.5216928 1.3623527
 11196 0.6967466 0.7593744
 187 0.10511896 -0.63779205
 8270 -0.36328128 -0.43757212
 9462 -1.6706597 -1.6278747
 3158 -1.1221788 -0.37326652
 3102 0.18262756 -0.055167943
 8269 0.27873495 -0.75842655
 5724 1.6315389 0.08118908
 5725 0.2203862 0.15563715
 11198 0.400462 0.378335
 185 -0.7739026 -0.832034
 4457 0.24139482 -0.45275164
 4463 0.6512341 0.40317124
 11193 -0.5551674 -0.7953213
 3157 -0.5873207 -0.6842814
 4041 2.505596 -0.5937649
 11197 0.70038587 -0.16573335
 11202 -0.13566223 0.06472597
 6654 0.22209696 0.52266735
 6648 0.24425478 -0.1416399
 2049 1.7480428 1.223704
 11201 0.42283022 0.21011244
 4460 0.010655867 -0.4675823
 9464 3.4866574 3.4143326
 5721 0.9666139 0.58388674
 4042 0.6406564 0.9433093
 2060 0.24707352 0.052807845
 3061 -0.38110855 -0.42555344
 2051 1.8847601 1.1203612
 4034 0.48154157 0.48924053
 11194 0.05349683 0.066010706
 2059 -1.4473932 -0.64979035
 183 0.31562307 -0.20017453
 4456 -1.016648 -0.9373519
 9458 1.0320051 1.5336584
 3095 0.35498798 0.3933028
 3097 -0.28123403 -0.042317793
 11199 2.842868 2.436453
 3063 -0.643464 -0.5460976
 188 0.3537214 0.09601653
 2055 -0.73287 -0.8635787
 9465 -0.074310035 -0.06269054
 4040 0.10762871 0.41747314
 9459 2.700154 2.421893
 9460 -0.8255632 -1.3810247
 5729 -1.4095644 -0.7421013
 5726 0.6757279 0.5970361
 5727 0.3428733 -0.30260938
 3092 0.42036402 0.9419028
 3060 -1.2476624 -0.56317407
 3062 -0.07204369 -0.013839286
 6651 -0.5503491 -1.0725448
 6656 0.39891124 0.7563823
 3093 -0.46813133 -0.4301455
 191 2.3670459 1.6534141
 5730 -0.2632101 0.11954348
 6653 0.6056358 0.42363966
 3096 0.21155003 -0.8482209
 186 -0.09003279 0.054214053
 8267 -0.21533677 -0.68537694
 9457 0.2999315 0.7044672
 3067 -0.29898888 -0.36421603
 9456 1.7999455 2.3150628
 3162 -0.3115441 -0.44287503
 2057 0.2296079 0.6091129
 3099 2.1594527 2.240526
 4037 -0.46014962 -0.8419257
 2058 0.9265105 0.32245755
 2052 0.53773123 0.39204693
 4036 -0.6004278 -0.43464977
 3094 -0.010571855 -0.7827551
 5722 0.21343957 0.058469813
 3068 0.1500154 -0.16147591
 5728 0.24215713 0.017308138
 4462 -0.92871535 -0.87386733
 8268 -1.3029486 -1.0364257
 3101 0.3432666 -0.07885793
 11192 0.014445485 0.29627013
 3100 0.43863827 0.5793042
 3098 0.058555305 -0.6016721
 3156 -1.3292063 -0.9633449
 2050 0.23694876 -0.18783392
 9454 -0.85353404 -0.88734007
 3064 -0.17442386 -0.4385255
 4033 -0.64187706 0.30456543
 2053 0.50572324 0.5473773
 3065 -0.6742458 -0.812249
 9463 -0.28417605 -0.47679043
 5723 -0.7086288 -0.79399556
 3155 0.5577529 0.0506205
 4458 -0.39260945 -0.94873446
 184 -1.5009998 -1.5370729
 11205 1.9579474 -0.01746481
 5732 0.14506419 -0.69914246
 4038 0.29125026 -0.1871933
 11203 0.27635857 -0.4780218
 11195 0.41170663 -0.14492981
 2056 0.5219608 0.54731303
 189 1.2419986 0.7266541
 5731 -0.41834006 -0.41224068
 6657 -1.0363841 -0.9361238
 6650 -0.44559073 -0.923104
 11206 0.42817155 0.020644322
 9461 1.9269873 0.20862092
 2054 0.24241155 -0.25916654
 4459 -0.51296544 -0.9466779
 3163 -0.592838 -0.6214719
 6652 0.67154956 -0.7846011
 6649 0.0975929 0.64378256
 3070 1.0371466 0.29906225
 6655 -0.32893223 -0.17310616
 11200 -0.2182999 0.018097691
 11204 -0.60314196 -0.7013199
 4035 -1.9766656 -0.9535078
 192 1.3466891 0.84764856
 3091 -0.05483295 -0.041846752
 4461 0.2753432 0.3494045
 3159 0.635531 0.34172195
 8266 0.26999778 0.09861241
 4039 -0.21632189 -0.47284102
 6647 -0.1810464 -0.8065551
 3090 -1.4651916 -0.93211246
 3069 -0.741736 -0.6097118
 190 -0.111995794 -0.8070857
 9455 0.33671924 0.5176298
 11207 -0.80817646 -0.9596165
 3066 2.2174263 1.7899094
 3395 -1.5406749 -1.4270378
 3396 2.8683975 0.9352532
 5493 -0.5174147 -0.8735195
 5491 -1.3783133 -1.4903902
 5492 -1.4241811 -1.3590769
 3397 2.9377131 -0.90779954
 3398 -0.6695311 -0.83629876
 5567 -0.6870783 -0.7987471
 5566 -1.539534 -1.689478
 5490 -0.5982646 -0.62974256
 5565 -1.5405062 -1.3320961
 11360 -0.07580351 -0.06533915
 11355 -0.9939154 -0.6654111
 11349 0.849426 0.60336906
 11346 1.9956299 1.1224383
 11348 0.06397042 0.030536488
 11351 -0.53517365 -0.53078514
 11358 0.17570476 0.25227648
 11352 -0.7582509 -0.7769967
 11347 0.3674061 -0.048520967
 11359 1.3016707 1.5383431
 11350 -0.97400737 -1.1572739
 11357 0.4499544 0.61882263
 11353 2.030617 1.6879337
 11354 1.8896257 1.4528687
 11356 -0.5036149 -0.7600964
 11314 -1.4029621 -0.90492463
 5597 0.08833178 -0.45034283
 8971 1.457812 -0.009213429
 5595 -0.7175424 -0.9344815
 5601 -1.3286462 -1.1348158
 8966 -0.7140191 -0.7004476
 5602 -0.7707208 -1.04762
 8964 -1.0043674 -1.0695112
 5603 -0.813498 -0.6348726
 5604 1.1863604 1.0403024
 5593 -1.6202248 -1.2908076
 11306 1.187548 1.0257887
 11304 -1.215571 -0.5933001
 5592 -1.0274755 -1.2400098
 11315 -0.7329585 -0.81818926
 8969 -1.2780464 -0.591736
 8965 -1.4044679 -1.2947751
 11309 1.3288403 1.5861509
 8963 -0.7753768 -1.0655824
 11312 -1.9057786 -0.74733764
 11310 -1.3129867 -1.1986996
 11311 -0.8046949 -0.3555162
 5599 -1.8861874 -1.8446171
 11316 -2.2196577 -2.175206
 8962 -1.391094 -1.1544851
 8977 -1.8030492 -1.9685432
 11307 -0.7841795 -0.99869186
 8970 -2.2967649 -2.2904701
 11319 1.0193197 -0.18933518
 8976 0.19565262 -0.5516833
 5607 -2.1580682 -2.0540848
 5605 -1.2497147 -0.6724575
 8975 0.401757 0.3916108
 8968 1.1762626 0.9019142
 5606 1.5077865 1.3943179
 11313 -1.6222404 -1.2944137
 8974 -1.8638624 -1.020425
 11320 0.08485663 -1.4196507
 5596 -1.3855408 -1.4255321
 5600 1.010567 -1.0807402
 11305 -1.8817382 -2.0486987
 5598 -1.9701692 -0.8187994
 8967 -1.070453 -1.1381221
 5591 -1.0509604 -1.1578225
 11308 -1.3700739 -1.1667489
 5594 -1.2860711 -1.0332135
 8972 0.12466388 0.20354266
 5590 -1.3922675 -1.1398796
 8973 -0.0489003 0.17123082
 11318 0.42853644 0.2448764
 11317 0.90805477 -0.6889661
 8978 -0.4533657 -0.19153301
 5996 1.5513119 1.2202708
 5998 1.1825455 1.3718336
 8993 -0.34141865 -0.08664793
 5995 -0.338291 -0.1597644
 8984 0.49089253 0.52487254
 5989 2.2401874 1.0054635
 5987 -0.43601698 -0.5784116
 5993 1.68997 1.7103801
 8986 1.4359672 -0.0005114153
 8981 0.23536314 0.48985803
 5988 0.45623955 0.45323026
 8988 1.8443931 1.5731384
 8985 1.9938473 2.003191
 8990 -0.59374565 -0.006523017
 5991 0.112827465 0.41678965
 5994 1.1645372 0.83473873
 8979 0.6931275 0.8078233
 5999 1.9358524 2.1517642
 8980 1.2157811 1.3419745
 8983 -1.4241183 -0.76384753
 6000 0.30857697 0.46904963
 5992 -0.005494126 0.03447876
 5990 -0.47053245 -0.40007663
 8982 -0.4821823 -0.47549987
 5997 1.0869278 0.8324644
 8987 -0.46325666 -0.7272921
 8992 -0.33997652 -0.26667267
 8991 1.0951506 0.9224584
 8989 1.5748385 1.1734688
 4223 -0.6545812 -0.4366247
 4224 -0.9175014 -0.8230991
 4221 -1.2326598 -1.1020323
 4225 -0.7231615 -0.6299506
 4220 -1.2941239 -1.270722
 4222 -0.819097 -0.53715324
 4219 -1.2709695 -1.115482
 5747 -0.9413677 -0.8224708
 10891 -0.17259254 -0.10605413
 10895 -0.55541855 -0.71144885
 10896 0.9081134 1.6374664
 10890 -0.8967064 -0.216754
 5755 -1.8927362 -1.6179637
 5750 1.3881507 1.322395
 5748 -0.39476714 -0.2652393
 5744 -1.2146621 -1.2516056
 5746 -0.84011155 -0.8610052
 10892 -0.48374087 -0.44828957
 5754 0.8617254 0.86287886
 10901 -1.1519988 -0.97815233
 5745 -0.40408692 -0.36193746
 5753 -0.4700603 -0.45401
 10893 -0.82971084 -0.24032052
 10887 0.90762615 0.37089968
 10897 0.5979718 0.9619878
 5749 -0.49558783 -0.49489456
 10900 0.20847231 0.16376492
 10889 -0.41977257 -0.23456906
 10894 -0.8436316 -0.83652776
 5751 0.31851193 0.67691654
 10898 -0.031708356 0.906262
 10899 -1.8902677 -1.5035735
 10888 1.3625264 1.3177055
 5752 -0.9043361 -0.77816516
 10886 1.0184395 1.3842741
 11582 -0.40774727 -0.05392702
 11584 0.25593445 0.66318315
 11588 -0.23345423 -0.1703709
 11585 -0.08148495 -0.008946575
 11583 -0.48625475 -0.30447567
 11587 -0.8701887 -1.3281351
 11586 0.17687552 0.06976795
 11581 -0.5325851 -0.45746452
 11589 -1.2913932 -1.1540924
 10341 0.88251716 0.5048707
 9625 -0.015010113 -0.22441812
 9402 -1.638808 -1.4414115
 81 -0.52128816 -0.38143688
 11862 -1.0433279 -0.9824993
 83 1.6590439 1.0769163
 9400 -0.908624 -0.7892966
 8639 1.3259073 0.51099145
 11106 -0.9470872 -0.81498754
 7196 0.7098111 0.8379904
 10335 1.2426834 0.922774
 8255 0.93980837 0.6428808
 11097 -0.5206496 -0.26533574
 7224 4.6051307 2.4887395
 796 1.9832764 1.7569455
 87 -0.8441964 -0.832315
 798 -0.007690793 -0.23226799
 11105 -1.0341085 -0.9191944
 4272 0.44930804 0.56762695
 76 -1.6469195 -1.331515
 9408 2.2039456 2.115978
 11109 -1.5124406 -1.4482802
 9630 0.35919794 2.1144338
 84 -1.7074548 -1.5931531
 11863 -1.687759 -1.3302232
 1937 0.7402724 0.83786535
 11865 2.0266056 1.9064249
 8257 -0.037205983 -0.24593873
 8262 -0.4721011 -0.45764267
 11110 0.37072495 0.18582651
 1932 0.13579804 -0.22381125
 8254 -0.597775 -0.252774
 2468 -0.7336117 -0.48424774
 7443 0.014341885 -0.046748526
 11798 0.69545394 0.81463283
 11797 0.9928584 0.4953518
 4269 2.3817556 2.0096054
 11107 0.63777214 0.20531903
 8265 -0.603555 0.25254136
 2465 2.4360685 1.8273201
 1256 0.41191977 0.2487721
 11098 0.8274822 0.87537307
 8258 2.7756796 1.9637784
 2462 1.3924276 0.51521885
 1254 3.2075963 2.3936725
 9634 1.8640312 2.224357
 1927 -0.6720977 0.08210166
 9397 -1.3608701 -1.1676487
 7197 0.51280236 0.8649191
 10345 -0.24328056 0.46064585
 11866 0.4545554 -1.1591917
 4115 1.1143218 0.48665375
 1940 0.78656334 0.9960107
 1258 1.5052552 1.1250997
 1259 1.0480354 0.69134706
 11808 1.2157431 0.7994659
 1261 -1.5119125 -1.3273176
 10338 -1.2635685 -1.3140019
 10336 0.7801113 -1.2784971
 1936 0.7504659 1.164074
 8648 -1.1203222 -1.2585682
 9632 0.79381204 0.13497584
 7201 -0.6164118 -0.2225172
 7200 0.51609915 0.74890214
 4122 3.3165963 1.5941361
 2469 0.68314075 0.22248806
 2466 -0.4520817 -0.4376194
 7199 0.33723998 0.5240669
 7221 -1.1238396 -1.1433818
 789 -1.5624886 -1.6282003
 790 1.8276367 0.9145929
 7220 0.26125786 -0.10036896
 11809 2.2837 1.8320438
 2464 1.1558491 0.94260496
 7436 -0.50141686 -0.31113136
 7441 0.23295149 0.08727048
 8264 -1.7096895 -1.5862471
 4119 0.18434611 -0.2499717
 7442 -0.66564566 -0.49032563
 9629 -1.2121266 -0.35973495
 9623 0.08068425 -0.02086237
 4120 -1.474609 -1.3538061
 10346 -1.0430717 -1.0360917
 797 -0.65077186 -0.47101766
 9407 -0.91776913 -0.8897701
 11868 -0.28904337 -0.32414
 7195 1.4486572 1.3323814
 10349 -1.5237687 -1.4631013
 4267 -1.2139987 -1.0915607
 7198 -0.07292061 0.7081395
 8261 -0.65472925 0.026846241
 9627 -0.4127058 -0.068206154
 11858 -0.5482748 -0.5918971
 9406 0.42778373 0.28044254
 9405 1.5901936 1.3132248
 794 0.8325182 0.4140216
 11800 -0.16611896 -0.10608998
 11799 0.4254115 0.73724854
 8651 -2.4823396 -1.4265919
 80 0.19836865 -0.28145593
 8646 0.10705984 -0.13075587
 11805 0.12982458 -0.20837526
 787 -1.3903083 -1.2787895
 1928 -0.1484214 -0.07460273
 7227 0.6461921 0.14029306
 9621 1.481459 0.6895078
 1933 -1.0239426 -0.537464
 4121 -1.4948369 -1.4641998
 88 -0.58926845 -0.57934505
 1255 -0.026762187 0.09200675
 1263 0.60108024 0.5742988
 1253 1.8099556 0.9114552
 11861 -0.22234575 -0.104039684
 7193 0.98346114 0.65122885
 7191 1.0445855 0.9891206
 9409 -1.6389657 -1.6201402
 8650 -0.37444752 -0.4041577
 11804 -0.8624596 -1.0781704
 10347 1.5902445 1.072528
 11807 0.846709 0.6216592
 4277 0.6262007 0.04974001
 10339 2.593596 2.0996702
 7194 -0.76663184 -1.0344292
 7190 -1.0964276 -0.93141705
 11856 0.3148892 0.29342628
 2470 -1.6011099 -1.3355771
 85 -0.8929691 -0.8171417
 4276 0.25252852 -0.18749188
 11111 -1.7614138 -1.5331099
 10343 1.6233829 1.2972467
 11811 1.1185703 0.9092439
 1257 -0.54475063 -0.4308691
 7440 -0.19083652 -0.19548558
 8653 1.1917925 -0.06926416
 4271 -0.2250728 0.5455264
 86 0.8303147 1.6807123
 4274 -0.39841464 -0.6324515
 11801 2.1828005 1.368215
 1931 1.7433552 0.98963314
 1935 0.994097 0.24039836
 8641 1.0540175 1.5456134
 2463 -1.6657956 -1.5954965
 8649 1.2805929 0.79557234
 1939 1.2254819 0.6893923
 11857 1.8724974 1.6808139
 10340 0.41872248 0.44138187
 4123 0.9461705 0.13090348
 7229 -1.2980373 -1.1233763
 7228 0.5344848 0.22346207
 7188 1.597843 1.1672503
 11103 0.9541875 1.7095643
 8260 0.50929743 0.2772854
 10337 0.16100423 0.5705107
 9399 -0.2877617 -0.08205089
 9631 1.3718004 0.32074898
 4268 0.4452608 0.4095685
 11102 -1.2635049 -1.1873847
 8647 0.45027024 -0.07887879
 11810 0.32492042 0.5084115
 2467 -0.5948747 -0.5441811
 11803 0.3557943 0.69686335
 7222 2.1384697 1.3447232
 8256 -1.6457428 -1.2911559
 11806 0.9462526 0.67435545
 1930 0.3618191 0.21959555
 7432 -1.6082863 -1.5648185
 7230 -0.7276777 -0.913263
 1938 1.2621931 1.2414476
 77 1.0740494 -0.15361224
 7439 0.39922294 1.301906
 11864 0.53022486 -0.06411037
 792 -0.24717516 -0.02553849
 9620 -1.5385045 -1.6169828
 1252 -0.8949778 -0.8259199
 7192 1.6567317 1.0645734
 10348 -1.7824248 -1.6393288
 7189 0.59201807 0.54945666
 8644 -1.2074862 -1.4882495
 8642 0.8487539 0.45842725
 11869 2.1528933 1.8495561
 7202 0.71077055 0.80333036
 1934 1.0424548 0.93557054
 7444 0.98358625 0.5577753
 4273 -1.4743844 -1.4215798
 4266 -1.7686846 -1.6381139
 7433 1.7199891 1.1375619
 11101 -1.2379842 -0.45087552
 7438 0.69278234 -0.028052025
 4270 -1.0274673 -1.0376171
 11099 0.54823095 0.12435622
 8645 0.6079512 0.878555
 799 0.66991764 0.5468252
 7434 1.8866162 1.7898289
 793 1.8604891 2.3773763
 7225 1.1931851 0.712483
 7445 0.022791626 -0.13567288
 8643 0.34888983 0.61684567
 4275 1.0256274 0.6350358
 11104 -1.466774 -1.2108546
 11100 -0.93808144 -0.81393707
 2471 -1.4898834 -1.3140572
 2472 -0.49866736 0.27819437
 11859 -0.7599066 -0.6404641
 11802 2.2092443 1.992113
 79 0.86157453 0.34921163
 9404 0.5266273 -1.1749295
 8263 -0.7746933 -0.30558002
 82 -0.23188421 -0.15993093
 9398 -0.37343994 0.49042785
 7226 -1.4102043 -1.3775357
 11108 0.25586018 -0.30688792
 78 -0.26341042 -0.27553236
 11867 -1.4622042 -1.2786227
 9401 0.8151063 0.92125785
 7223 -0.007441422 0.45298606
 1264 0.9419954 0.7936655
 4118 -0.54649895 -0.3700611
 11860 -1.7270542 -1.4702069
 7437 -1.0325211 -0.13180758
 4124 -0.16822763 0.019834455
 800 -1.1353501 -0.053956226
 4116 0.43323 0.33317614
 8640 0.0401188 0.024276892
 8652 -0.46664333 0.101002514
 795 0.9741262 0.34698302
 791 0.82100266 0.13987175
 1260 -1.5495231 -1.5684832
 10344 0.41799042 0.50842714
 788 0.4041526 2.342249
 4125 -0.8802635 -0.8794775
 9626 0.81111723 -0.021431357
 9624 0.80057305 0.8920651
 7435 -1.3357688 -0.9968712
 8259 1.0995686 1.3284403
 4117 -0.7309135 0.20422395
 9628 0.3368742 0.5246906
 9633 -1.4039806 -1.2876116
 11796 -0.68719155 0.2535528
 1929 -0.76823854 -0.9074963
 10342 0.7161742 0.3711949
 1262 -0.65578496 -0.18371847
 11812 -1.1283525 0.4477206
 9635 0.3057037 0.29769802
 9622 -0.34093413 -0.14597143
 7218 1.0261403 0.3226632
 9403 -1.4172431 -1.3582691
 7219 1.1310769 0.31083775
