 9146 -0.6105736 -0.036275536
 33 1.6372602 1.4554042
 1057 0.47356856 0.4434207
 3208 -0.85442424 -0.68167883
 9832 -0.42974788 0.8537458
 11752 -0.06354398 -0.6218187
 6347 -1.4035937 -1.5777806
 1326 -1.9896628 -1.9395951
 1615 -0.4106774 -0.5004876
 1071 0.90850174 0.57211494
 8175 0.35605377 0.9791462
 8178 -1.8608309 0.22238396
 11476 -0.7774653 -0.62639844
 3351 -0.3547866 -0.65358424
 11769 -0.23067494 -0.28318197
 2010 0.71235615 0.6575532
 5212 -0.7399033 -0.4319662
 5343 -1.0852145 -0.93691283
 104 -1.036606 -1.1980855
 1129 2.5682163 0.6853918
 1833 -0.41979685 0.46733433
 4842 1.2578708 1.2517738
 7912 1.1019739 2.053676
 8396 0.12745923 -0.35732973
 8521 0.9932861 0.33311617
 9548 -0.8642561 -0.893356
 3088 -0.744177 -0.8237279
 10385 0.44757894 0.48668545
 5395 0.7799188 0.68965334
 4213 -1.3940525 -1.3180188
 9013 -0.7445533 -0.7339982
 3736 -0.87649727 -0.7653578
 7321 -0.06634665 -0.015674021
 10620 0.3061378 0.2981215
 510 0.9860401 0.19527832
 127 -1.6349328 -1.6300926
 2016 0.8490001 0.7359624
 8353 0.008877263 0.1360594
 4195 0.67081386 0.83445334
 9765 1.54952 0.5904893
 6791 -0.59222555 -0.40459263
 7242 -0.21955545 0.39792883
 7946 -0.51069266 -0.46799296
 11055 0.113308325 0.21692027
 2768 -0.8552723 -1.2072836
 3569 -0.10775373 0.11574428
 9840 1.1920859 1.2550589
 1844 0.75522554 0.70324296
 1108 -0.80049086 0.47557443
 214 2.1574233 1.8061053
 6740 2.0436082 1.8938229
 568 -0.89749074 -0.7564646
 11380 0.25193167 -0.37223107
 10778 0.35663456 0.04649066
 2371 -1.5259937 -1.4685922
 9796 -0.16682766 0.07709156
 11044 -1.4791064 -1.5270296
 4742 0.51437604 0.48983985
 11849 -0.6464991 -0.48664874
 2379 -0.008586512 -0.10310084
 1708 0.8647811 0.5938218
 9067 -2.299303 -0.98013
 561 -0.62835413 -0.36308885
 4945 0.16862793 0.02619005
 5011 -0.011985112 -0.033940516
 9622 -0.34093413 0.045541376
 11575 1.9804192 1.509207
 440 -0.39841327 -0.14322387
 8441 -0.27352232 -0.8325526
 2268 0.014784244 -0.3278517
 9245 0.38354328 -0.14092878
 3774 0.34068856 0.49672222
 8860 -0.414693 -0.4847437
 1987 0.6824426 0.77007455
 11587 -0.8701887 -0.77433234
 8005 -1.3538983 -1.2732886
 2022 -1.4477563 -1.062389
 1928 -0.1484214 -0.1169417
 8682 1.0105816 1.033641
 9418 -0.537071 -1.3866487
 2203 -0.34542006 0.025583696
 3729 -0.89446807 -0.7505845
 10513 -0.50373274 -0.22449201
 4692 0.7578178 0.74456435
 7289 -0.33090472 -0.34752488
 1051 -1.727834 -1.6845553
 5372 -0.2760252 -0.08682794
 10045 -0.9928106 -0.925177
 4798 -1.2779528 -0.8645858
 479 0.06188056 0.30775756
 864 -1.2177866 -1.2285622
 4960 0.18470412 -0.07892758
 482 0.357952 0.2752623
 1507 -0.37410325 -0.6199855
 4872 -0.5060779 -0.35313648
 5546 1.1361969 1.0753062
 9706 -1.1287715 -0.89632946
 10922 -0.54280746 -0.9357651
 11691 1.2232246 1.1849078
 6832 -0.6079332 -0.46108896
 2257 -0.20163924 -0.34578234
 3602 -0.40557307 -0.08293083
 11701 0.26996112 0.76696736
 7575 -0.27430344 -0.25469393
 10712 2.0052764 1.6705558
 7833 1.5488352 1.290368
 7258 -1.3540019 -0.8611746
 10845 -0.6631845 -0.3283192
 5597 0.08833178 0.40679383
 3075 -0.59989834 -0.8484465
 6558 -0.91261256 -0.63679653
 7014 0.43740377 0.64110917
 4265 -1.7130102 -1.2834877
 5289 1.7410014 1.1108029
 3469 0.3340894 0.4249351
 3346 -2.0574908 -1.1158528
 10706 -1.5064809 -1.4802109
 8382 0.38985685 -0.18252757
 10229 -0.6849027 0.41532606
 11416 -0.18186831 -0.2213525
 2746 -0.80514914 0.124175444
 3580 0.3664916 0.76566005
 2973 -0.9377839 -0.94309765
 190 -0.111995794 -0.14753726
 1183 -1.7327238 -1.4457725
 1408 -0.7942254 -1.1170176
 8096 -1.9106891 -2.0444994
 10722 -0.41744342 -0.43653756
 7268 -1.2884374 -1.3483207
 11783 0.50411654 -0.2800507
 5865 0.1910067 0.07755378
 2606 0.41592255 0.40722644
 6543 0.4788819 0.14337121
 5042 0.56597024 0.3346951
 6259 -0.12943436 -0.10292041
 3801 1.621217 1.7351637
 4150 0.42997903 0.4163103
 2679 0.6104491 -0.2280108
 1529 1.469167 1.2683145
 506 0.64440477 0.7521436
 5277 -1.6307888 -0.51443535
 8094 -1.4061246 -0.8541833
 8960 -1.000217 -1.007792
 6244 0.0019801334 -0.040546045
 10789 -1.0308034 -0.54454535
 11365 -1.1028919 -0.74634504
 10375 0.24177025 0.1520932
 4552 -1.8174119 -1.6894224
 10426 -0.42117116 0.45539916
 7594 -1.1138184 -0.9558436
 1039 -1.0876175 -1.0337143
 6128 2.0674329 1.6744823
 1398 0.24039091 0.08507577
 3031 -0.58296674 -0.67510885
 3862 -1.6814904 -1.8783036
 2457 -0.61323005 -0.6799718
 1050 0.70964974 0.15221648
 5404 0.013537388 0.16510317
 4319 -2.0540419 -1.3070515
 7776 3.120073 2.2133465
 9985 -1.6290523 -1.5483507
 11649 -0.7761813 -0.6945929
 1316 0.9098485 -0.08521809
 1413 -0.17865033 -0.38027567
 5636 1.8126868 1.2781718
 3367 1.018672 0.99657553
 2569 1.3429426 0.4282027
 1162 1.0875658 0.78880125
 1578 0.4882072 0.5890889
 7314 1.1012615 1.136981
 5044 1.505247 1.471913
 9087 1.0950125 0.8544487
 2073 2.2798054 1.994249
 9883 0.13249248 0.11363253
 5790 -1.4387083 -0.50181556
 4703 0.20509619 0.07742451
 6720 0.5377367 0.50378555
 7204 1.3750143 1.517583
 9830 1.2909441 1.6185249
 11718 -0.907566 0.60053235
 40 -1.3576453 -0.2975121
 6218 -1.4485736 -1.4806685
 4363 1.1155742 1.401306
 7050 -0.68476063 -0.732728
 11404 3.522056 3.336033
 1808 0.24447894 0.36478257
 11152 0.23403102 0.067569785
 8083 0.021608489 0.0198344
 215 1.1443766 1.3556943
 3800 0.21162017 0.36754525
 1977 -0.74840623 -0.3210227
 9055 0.9903546 -0.18483981
 2944 -0.25623596 -0.22564515
 3811 0.705404 0.5415598
 9885 -0.009332334 -0.0420306
 4264 0.11222604 0.37414503
 41 -1.6726354 -0.5697451
 9640 -0.21975303 -0.079966724
 10141 0.4375271 0.61240673
 8761 -0.0014143402 0.14863312
 11472 -0.858064 -0.17183176
 1140 -0.30643016 -0.07888472
 10036 0.29180998 0.92142737
 6712 -0.024825435 0.21592726
 6361 -1.6237835 -1.3112899
 8346 1.2898631 1.4310771
 9533 -0.8881806 -0.87352294
 6270 0.005091314 -0.2346781
 1184 -0.13310434 0.19117895
 4544 -0.6714743 -0.62530833
 10210 -0.18194945 -0.09564175
 613 -1.0725704 -0.85998636
 6183 -0.44732165 -0.4047264
 5320 -1.2054243 -1.2284126
 7271 0.0780466 -0.014898155
 6603 0.09780147 -0.170622
 5586 0.2867744 0.54008836
 6355 -0.025227914 -0.5092197
 9717 -0.6687074 -0.33136868
 1241 -0.29936296 -0.42202204
 11322 -0.12738988 -0.7526523
 7803 -0.36018384 0.04540649
 3004 -0.75452816 -0.73639894
 382 -0.62180954 -0.6837742
 6085 0.28509757 0.4128611
 10856 -0.56264436 -0.3627808
 4873 -0.5566072 -0.5229951
 8201 -0.23441137 0.67253834
 9322 -0.084887676 -0.050994206
 10283 0.06427617 -0.90085536
 5137 1.2958572 1.3529619
 8050 -0.89240617 -0.6366486
 8857 0.13640313 0.597587
 3061 -0.38110855 -0.40386814
 2838 1.0713727 0.88442785
 567 -0.7598241 -1.3254848
 7285 -0.61220187 -0.60074806
 6873 0.2388053 0.4218725
 5850 -0.82427007 -1.0848423
 8534 -1.6165113 -1.7861736
 11137 -0.46303985 -0.31890124
 5220 0.013235301 0.10427216
 9414 -1.0706873 -1.1235011
 6023 1.3575001 1.1615901
 5641 -0.5225025 -0.5329282
 11371 -0.96954757 -0.9774831
 5294 0.57713646 0.62160623
 7248 -1.2900798 0.35946172
 1015 1.4211699 -0.31231457
 10644 -0.45509663 0.094923586
 822 0.69548506 0.78809875
 1207 0.7279208 0.6262506
 8248 1.2870297 0.72398543
 6874 0.11390975 0.060998097
 7163 -2.515229 -1.922872
 1727 -0.43670458 -0.5258024
 929 -0.2512077 -0.25666457
 4001 2.0615919 1.4493088
 5281 2.2594972 1.9811753
 3908 -1.5814995 -1.7476869
 11489 -0.3718534 -0.3578524
 3814 -0.2519398 -0.55019987
 7335 2.3325877 1.542313
 8840 2.4726105 1.6026592
 9320 -0.8771707 -1.0534302
 6346 -0.35949716 -0.6204531
 4299 0.096623376 0.14113086
 10119 0.027256012 0.1093819
 878 -0.6378041 -0.6480345
 8179 -0.99039024 1.554649
 4217 -1.1428267 -0.9804409
 3452 0.63289064 -0.2361187
 11458 1.1204865 0.99527675
 3589 -0.7012269 -0.83582073
 1255 -0.026762187 -0.14896451
 3880 -0.8925171 -0.9438436
 3913 -1.6627619 -1.5737644
 9319 0.39051512 0.1930125
 8044 -1.0869061 -0.85460126
 1198 -0.2877406 0.04036639
 1327 -0.033457164 0.07976878
 1169 1.3803266 1.4057546
 7153 0.52924025 1.2719561
 1491 -0.24562438 -0.4070964
 3927 0.8497858 1.0061096
 3288 0.042614803 0.15720762
 11385 -0.6593243 -0.0734999
 1116 -0.23232657 -0.24342231
 4992 -0.28407612 -0.28602523
 5504 -0.28380063 0.02577006
 1378 -0.9908395 -0.9815936
 2182 0.3430264 0.27378285
 6654 0.22209696 0.47683686
 3400 1.0517833 1.4135929
 11144 -0.6689164 0.58877254
 11174 -0.8713228 -0.7347114
 1132 -0.4415325 -0.45653003
 8173 -1.5097181 -1.2572511
 6446 -0.57508177 -0.51387876
 8021 0.6736862 0.9293395
 8025 0.3634689 0.9280288
 1277 -1.6398486 -1.4577254
 1726 -0.7957716 -0.7750103
 1919 0.69361067 0.58247304
 7008 -1.0020397 -0.5529771
 7648 -0.94254535 -0.6675403
 9889 -0.7675019 -0.62558776
 4483 -1.3249488 -0.87853885
 6788 -0.7189043 0.43126863
 8292 -1.7807305 -1.7276298
 4105 0.10875822 -0.32754344
 7082 1.8604937 1.565123
 3947 -1.2273488 -1.2366289
 8590 -0.75832653 -0.18252528
 1903 1.2094272 1.2406522
 11569 0.49219942 0.327511
 6358 0.6918004 0.8147376
 10039 0.5118351 -0.48354322
 3549 -0.38339463 -0.31109774
 10750 1.2982295 1.229644
 4449 1.9969213 1.9859806
 8131 -0.7972701 -0.8328139
 262 -0.82273763 -0.32878911
 5926 0.42408168 0.7596264
 10598 -0.3636521 0.2152976
 2475 -0.767716 -0.4421115
 4940 1.4308065 1.3650342
 6509 -0.6861597 -0.9517486
 430 1.1846904 0.614686
 9101 -0.099708304 -0.24912389
 1779 2.7563555 2.742771
 1940 0.78656334 0.9256622
 2648 0.0034914878 -1.2197541
 91 -0.69712836 -0.6468196
 5150 -1.564131 -1.4421579
 1155 0.57891 -0.10456085
 2307 -0.85532683 -0.6647436
 7235 -0.83811384 -0.44945318
 1063 0.83372563 0.5599351
 3591 -0.9448727 -0.90585476
 8583 0.96055156 0.8891851
 4332 0.09336046 0.11932595
 3438 -0.6720528 -0.8259073
 8975 0.401757 0.3104601
 1427 -0.5840422 -0.68905
 5107 0.19387355 -0.31222773
 8985 1.9938473 1.7979227
 2138 -0.48847938 -0.25671822
 157 -0.88584685 0.20221846
 1758 -0.24000847 -0.16856228
 2178 1.0748479 -0.21685451
 2500 -1.828546 -1.6065503
 7461 -1.7018765 -1.3982896
 1513 -0.40118754 -0.38781548
 8427 -0.63615113 0.64175457
 11341 0.14813915 0.7010844
 5166 -0.6770035 -0.7571405
 7737 -0.16413133 0.07737243
 529 1.3782419 0.92253375
 11475 0.39038813 -0.096745506
 11284 1.1020472 1.1094174
 181 -0.60859376 -0.5839202
 2873 -0.72867197 -0.7549622
 1245 -0.36302367 1.2396725
 11774 -1.2941427 -1.2380129
 3492 -0.31563532 -0.46619707
 4101 -0.3474829 -0.24371488
 1510 0.13900135 0.005277507
 2887 -0.034156688 -0.04419621
 6058 -1.1254046 -1.0509514
 11626 0.41156316 0.5895554
 1197 -1.3072278 -1.1141132
 10606 1.1105653 0.25795573
 10135 1.5572945 1.5677944
 7923 -0.8448436 -0.897577
 2999 -0.34686908 -0.32450503
 7832 1.382081 1.5441015
 218 0.06972246 0.51294047
 11805 0.12982458 0.06461868
 9086 0.5421878 0.31862408
 4608 1.5631808 1.007158
 10081 1.1296014 0.8810674
 10817 -0.6142963 -0.7438242
 4963 -0.27856797 -0.15830171
 6405 -0.964209 -1.0079101
 1067 0.67727137 0.67845017
 7760 0.33332294 0.24574955
 4913 0.69880027 0.949053
 1716 0.3448119 1.7026577
 7157 -2.3707383 -2.0970628
 10136 -0.53621376 0.28597635
 1496 -0.64195955 -0.14591569
 442 -0.85741395 -0.19114803
 3228 1.7685522 1.8055841
 5439 -1.2011162 -0.6172182
 8769 -1.5694375 -1.0763017
 10625 3.4984581 2.9619658
 10980 -0.251133 -0.35765362
 1991 -0.12768327 -0.028064478
 11434 -0.0645896 -0.3387674
 7243 -0.41721514 -0.34404594
 10893 -0.82971084 -0.964277
 689 1.7963085 1.7710217
 5747 -0.9413677 -1.0298083
 3028 -0.016254677 -0.4611053
 8533 -0.41902307 -0.4739172
 9913 -1.1242003 -0.21509244
 4985 0.41355446 0.50022787
 8669 -1.1899683 -0.89340144
 2622 1.0936726 1.2580321
 2532 -0.18683007 -0.15755291
 4358 0.27861714 -0.4535982
 3719 -1.4253197 -1.3862
 11240 -0.008924814 0.06979471
 4073 -0.6000968 -0.62977785
 3917 1.8374327 0.98567265
 10638 -0.6665492 -0.2273349
 5648 -0.2189004 0.52508944
 721 -0.19613336 -0.290775
 8210 -0.8407313 -0.35072654
 9010 0.41517994 0.44919354
 10673 -0.56456506 -0.81952053
 9241 -0.37052816 -0.27391145
 2042 0.34036905 0.51385057
 4316 0.11274953 0.13005698
 6976 -0.2917122 0.031159878
 3361 -1.0015978 -0.87137663
 7394 0.31267005 0.019798145
 3845 -1.3997207 -1.3052561
 6054 1.1703098 0.7141132
 3144 -0.6412793 -0.58377934
 10007 -0.5440291 -0.3454585
 781 -1.6809096 -1.3685008
 942 -0.9774894 -1.0446906
 10060 -0.7404419 -0.5872107
 6738 -0.81646436 -0.7361033
 6935 0.429004 0.09170596
 7287 2.5124307 2.2899182
 6782 0.48624158 0.49447143
 11423 -1.6333586 -0.9967799
 4321 0.026902126 0.19210017
 6685 2.7229567 1.9545383
 8099 -0.22214177 -0.6371117
 11140 -0.9488475 -0.934538
 3175 2.2086837 1.6764783
 5352 -0.020130932 -0.026279813
 8957 -1.6181432 0.09238683
 11661 -1.3255423 -1.2763184
 11407 0.35472164 0.34745967
 10224 0.65252995 0.6757747
 10418 1.7102833 1.5253643
 10868 -0.066647366 0.34826684
 6615 -0.34875494 -0.36372578
 3933 -1.6474943 -1.4399458
 10527 0.16398385 0.03809175
 10361 0.6420816 -0.8190259
 10274 -1.6561847 -1.5607414
 2361 -1.7230983 -2.0205412
 1485 -0.52118874 -0.26013863
 7822 -0.053857468 -0.584273
 367 -1.0948455 -1.1498315
 208 -1.7218848 -1.6928569
 2769 -0.15065934 -0.4288203
 7414 0.699977 0.8441207
 3960 0.808927 0.56695694
 94 -0.6815683 -0.6595269
 3034 -0.39542907 -0.7645345
 9213 -1.012499 -1.2382845
 830 -1.0271394 -0.6471055
 2913 1.1261189 1.2963763
 11554 -2.7058597 -1.9273367
 10435 0.06649393 -0.28683776
 7716 -0.8128237 -0.3750304
 5893 -0.31263828 -0.48704457
 11494 -0.9036444 -0.95022845
 5832 1.8778529 1.5778677
 9032 2.0550544 1.9896003
 10155 -0.8121109 -0.8905104
 11470 -0.015711928 0.22659029
 2609 -0.71555203 -0.7787204
 7155 -1.1448684 -1.1716155
 438 1.9756725 1.1927551
 729 0.5997513 0.2515219
 2627 0.18454048 0.090275586
 8036 -0.34818652 -0.4617021
 6440 -0.847198 -0.48250324
 10490 1.7877433 1.8562934
 1164 -0.31458423 -0.11996099
 7181 0.7457889 1.0898151
 9047 1.1279341 -0.061111514
 8439 -0.08598464 -0.060873598
 9080 -0.298178 0.43363702
 825 -1.1138422 -1.1254121
 826 1.8716966 2.3330665
 3065 -0.6742458 -0.6104563
 7582 -1.0031787 -1.0296216
 3994 1.425631 1.1625859
 1600 -0.9149229 -1.0046456
 6551 0.163591 0.06453707
 11619 -1.3626024 -0.1386598
 7434 1.8866162 1.5412455
 11596 -0.92056906 -0.90314573
 2190 -0.97663903 -0.7806705
 11695 1.32768 1.5116657
 1459 0.78268296 0.8972136
 5563 0.059694894 -0.81034905
 2263 -0.16726956 -0.5145858
 7672 -0.012128592 -0.024187919
 3355 -0.41017774 -0.3815108
 3068 0.1500154 0.43415302
 5533 1.2183821 1.192155
 3618 -1.2817338 0.18268353
 11481 0.0855447 0.07009724
 8549 -0.32600212 -0.15319875
 3656 0.8045011 1.405498
 7914 0.99430925 0.7572193
 4811 1.7139657 1.5720032
 3790 3.5095353 1.6693157
 10672 0.044754628 -1.233411
 3121 1.3598695 1.5165814
 5812 -0.19408704 -0.3202228
 1560 0.049143836 0.1677045
 4825 0.5729283 0.61927146
 6909 -0.33826026 -0.38452423
 9566 1.2388191 0.9161548
 5858 -0.16850908 -0.07921461
 5668 -0.9803998 -1.0513834
 69 -0.2083145 -0.6954567
 3462 1.2221704 1.4619435
 11430 0.5175317 -0.83587503
 10633 1.5989918 1.7024009
 11690 1.2852494 1.346981
 2668 0.058747835 -0.055956874
 7054 0.35015962 0.22260363
 9071 1.5673597 1.0668769
 1616 -0.1535578 -0.34740895
 5046 0.64394224 0.6797216
 671 -0.10184721 -0.24491966
 6048 -0.6524831 -0.74829334
 6944 0.13732405 0.21493731
 3970 -0.022687903 -0.17408386
 2408 -1.2593714 -0.9608808
 10697 -0.537903 -0.67182463
 1802 -1.1522377 -1.169895
 1803 -1.1470504 -0.99319303
 4906 -0.8373996 -0.72071654
 10728 0.86854273 0.70277417
 4401 -0.9858507 -0.8560116
 147 -1.8356256 -2.0756211
 3703 -3.159125 -1.9389783
 9596 -0.20516849 -0.63899475
 7543 1.2004352 1.0917383
 11831 -0.3586748 -0.28798962
 9479 -2.0025578 -1.5286539
 5353 1.3690238 1.1825134
 235 1.1953973 0.7759084
 1196 -0.092177205 -0.28671592
 7726 -1.4815167 -0.34906113
 241 1.4233533 1.2785386
 3639 -0.024401413 -0.12007552
 312 -0.19071412 -0.2993688
 5625 -0.020576041 -0.062302545
 6844 0.20999238 0.40473634
 4191 -0.44566363 -0.1553973
 5414 -0.2993203 -0.20927657
 10248 -0.17777753 -1.031088
 3145 0.2896839 0.047102265
 778 0.13849345 0.20431902
 9740 1.6028084 1.7000604
 687 3.0537224 2.3732944
 1391 0.6008927 0.48717612
 2161 -0.7931504 -0.14597452
 399 -1.4816308 -1.4326538
 8022 0.284845 0.55869544
 2168 -0.66929775 -0.6079831
 7291 -1.2850572 -1.4663258
 2333 -1.5609611 -1.4754989
 2179 0.80764484 0.12012556
 6051 -0.43778506 -0.43850118
 645 0.22122325 0.18712525
 6213 -1.0761409 -0.7579294
 9255 -0.946527 -0.9092357
 7688 0.06715128 -0.8320431
 9900 -0.8825844 -0.693429
 8239 -1.2063186 -0.76900613
 5104 -0.42834425 -0.95201856
 722 0.3657444 0.30117553
 7317 -0.37518737 -0.36381274
 5592 -1.0274755 -0.93412536
 7193 0.98346114 1.2350692
 137 0.48130777 0.51157707
 3710 -0.9471706 -0.9531582
 4193 -0.59415865 -0.4472797
 3198 0.44387734 -0.42668164
