 256 0.45078412 0.109731525
 2306 0.5272456 -0.15433803
 2340 -0.99618536 -0.8383248
 646 0.32661733 0.2855552
 4231 0.12506348 -0.2581323
 4870 0.014686308 -0.90773135
 3564 -1.6562434 -1.4624922
 781 0.86400414 0.84139186
 1428 0.7928879 0.22371268
 4725 0.23812722 0.01210812
 471 1.4379488 0.81336445
 3833 0.91419786 0.71285987
 3362 0.19607507 0.27345836
 1124 -1.1439881 -0.91504323
 3077 -1.3261846 -1.3552704
 4485 -0.9928199 -1.0402353
 875 0.58229196 0.18916655
 908 -1.0994942 -0.8575056
 2444 0.44418892 0.37503463
 4977 1.02091 0.3084618
 4567 0.36930862 0.61488783
 538 -2.0819807 -1.7437246
 1851 2.1595664 0.96392727
 1951 0.527101 0.008592815
 288 -0.6977375 -0.7531845
 4164 -1.5246418 -0.89855325
 4517 -0.41870388 -0.41045618
 4103 1.0724854 0.70778346
 2839 -1.5655266 -1.5313791
 526 0.15079571 0.009408714
 2396 -0.32538378 -0.44107348
 2714 0.44153947 0.48620605
 604 -0.1815702 -0.34955478
 189 0.11776859 -0.3794831
 31 -0.8195112 -0.75783646
 353 1.1328816 0.088721015
 2721 1.2651789 0.68189174
 2914 -1.0682476 -0.4695664
 587 -1.1111878 -1.1799961
 2828 -0.5659758 -0.34600264
 4523 -0.31718704 0.03370222
 466 0.036228366 0.009555923
 2323 1.377493 0.8686103
 1689 -0.99871063 -0.7140284
 5117 0.76549476 0.79615664
 1091 -0.81313384 -0.79180676
 4136 0.42229998 0.4298381
 4435 0.31279403 0.0477291
 468 -0.38869885 -0.2614167
 117 0.44756263 0.5546472
 2141 0.5742039 0.7163431
 4281 -1.7366861 -1.3006564
 2075 -0.58538324 -0.53865045
 61 -0.26234493 -0.18338752
 3484 0.36098102 0.5594753
 4349 0.59001786 0.72101545
 3507 -0.65305364 -0.35921803
 149 -1.1452639 -1.0679178
 2998 -0.8486246 -0.69396126
 569 -0.05239164 -0.5474094
 859 -0.5386793 -0.9487384
 667 -0.5700989 -0.9479347
 2397 0.079619505 -0.2298297
 4065 1.7534294 1.5483743
 3758 0.6160787 0.52204096
 4474 0.25727084 0.05911031
 1268 -0.75959843 0.07411988
 89 0.4374601 0.31290567
 3450 0.66376424 0.36894396
 509 -0.8893 -0.7782875
 2910 1.3207748 0.94118804
 2850 0.7764761 1.0145916
 259 -1.0843915 -1.0255611
 3941 0.54064476 0.8502073
 103 -1.5933084 -0.97377884
 4511 -0.37498045 -0.29346642
 1097 0.09593561 0.47900438
 4190 -1.4233474 -1.5680352
 2783 -0.05746012 0.041971937
 4801 0.94916135 0.8952249
 4009 -0.8299237 -0.31414837
 1226 -1.5010381 -1.2041436
 107 -1.206039 -0.89604914
 1866 -0.50202423 -0.20118293
 4332 -0.8135739 -0.32826963
 4746 0.5164204 0.3440548
 1563 0.59243786 1.2696939
 131 -0.21562262 0.22228858
 2502 0.47487152 0.32836676
 3238 0.022831826 0.072466195
 1900 2.6162057 2.188012
 4781 -0.29948893 -0.2505048
 113 -0.6479383 -0.81705654
 5105 -0.54294586 -0.18982258
 1397 -0.07834031 -0.30115163
 2401 -1.0972446 -1.1589445
 3489 0.011855227 -0.0986274
 4930 -1.2924395 -1.3096044
 4938 2.8083868 2.5021698
 171 -0.8455778 -0.6498717
 4337 0.21460104 0.21789694
 755 0.69220895 0.17565958
 2967 1.2858114 0.58186966
 2117 0.5576608 0.36449036
 3909 0.08831191 0.76286685
 2920 -0.9167559 -0.66413563
 3827 -1.2017229 -0.9902344
 2422 -0.3243636 -0.15787753
 4983 -0.42568314 -0.5729269
 184 -1.0446408 -1.3495095
 1980 -0.5553898 -1.0036548
 5211 -1.0928464 -0.9832903
 4139 0.0049173306 0.04863651
 4973 -0.11628836 -0.54213834
 215 -0.4712199 -0.4505641
 1753 -0.4154113 -0.7300855
 4379 -0.23612805 -0.50395274
 4380 0.43302593 -0.22432868
 3583 0.0059414795 -0.009912054
 4129 0.18201286 0.36331347
 2819 0.7826891 -0.06541389
 1099 0.3760039 -0.09701896
 4624 -1.6021148 -1.410811
 5010 -0.10913016 -0.25351092
 470 -0.37522462 -0.38554987
 2489 0.08373501 0.121893734
 3807 -0.6023741 -0.38987058
 1770 -0.26996157 -0.302461
 3051 0.27184284 0.46637696
 1649 0.6768874 0.8001
 2801 -1.6669003 -1.2365152
 2932 0.43856212 -0.07746178
 500 0.031186558 -0.29162532
 3191 0.87966156 0.5673318
 4507 -1.9633018 -1.4829268
 547 -0.40207353 -0.39378437
 2596 -0.92116904 -1.0436689
 4552 -0.57080233 -0.7985555
 4471 0.2770382 0.30575645
 600 -0.89213383 -0.70788175
 3513 -1.182945 -0.4270194
 1466 -1.5075032 -1.564565
 1150 -0.38177904 -0.8185273
 4739 -0.401707 0.11544091
 5031 3.2066395 2.3980966
 3528 -0.26219806 0.011737577
 3499 -0.10250668 -0.4772895
 811 -1.213646 -1.1703141
 620 -0.4822628 -1.0181742
 2987 -0.8196674 -0.57520276
 3420 0.5390487 0.367353
 768 -1.1814895 -1.0993303
 651 -0.17993735 -0.023121942
 3341 -0.7216968 -0.45640185
 978 0.21550941 0.18907462
 3252 0.027507346 0.04341803
 4632 0.7793511 0.5438271
 1019 0.21861252 -0.08726498
 5116 1.5341182 1.222319
 3459 0.55665714 0.5604355
 3243 -0.83303857 -0.18210551
 1101 -0.5784054 -0.5789475
 3605 0.3294924 0.47004005
 1110 -0.7420675 -0.81247467
 3510 -0.30822405 -0.99387014
 3964 -0.7517465 -0.90398544
 702 -1.6362182 -1.4991245
 4259 0.5184989 0.88077563
 3847 1.0365802 1.1313758
 2473 0.11335336 -0.021854065
 2986 -0.19156808 -0.89589316
 3466 -0.9883717 -1.0336387
 1520 1.5285627 1.7626852
 825 -1.2078378 -0.8800086
 831 -0.9115004 -0.72447824
 4504 -0.57116574 0.022895377
 3111 -0.6229176 -0.7174211
 3880 1.0414499 0.9871897
 3015 -1.0052534 -0.83041507
 3022 -0.46556255 -0.5456593
 2864 1.4884871 1.4478836
 4216 1.5335929 1.2959609
 4124 -0.90401846 -0.44760445
 1248 -0.82479984 -0.7045052
 4834 1.7596451 1.518342
 1575 0.69255 0.52197176
 584 -0.47158292 -0.43356526
 1994 -0.8831426 -0.61112505
 2161 2.1892185 2.0289128
 3766 -0.1116991 -0.23865688
 931 1.3641641 1.6199929
 1719 -0.5356196 -0.4855636
 2990 -0.21754432 -0.09181925
 2773 -0.5036854 -0.2825633
 2007 -1.0035218 -0.5439713
 4859 0.17867567 -0.46293524
 4639 1.0190694 1.2013179
 2241 3.2202854 2.5523047
 3809 -0.7055452 -0.6156653
 4806 -0.23821722 -0.16743958
 2695 1.4325374 2.1390796
 2541 0.63715595 0.66396284
 1199 -0.65211904 -0.65609896
 2294 -0.2604639 -0.6093581
 3808 0.35098225 -0.29622084
 4611 -0.5345003 -0.55783904
 2246 -0.65414256 -0.5539184
 1958 -0.5735645 -0.39422598
 2792 3.1771886 3.581206
 3195 -0.32256746 -0.3436666
 2495 -0.45305735 -0.45686105
 2567 1.1929103 0.64649963
 3752 0.95570666 1.7079083
 2090 -0.27164263 -0.3593844
 819 -0.838598 -0.6360142
 212 0.6660535 0.6383343
 26 -0.09410833 -0.45460358
 4736 -1.2621337 -1.1076448
 4193 4.0681286 3.9812
 2338 -1.0209408 -0.36172378
 2893 -0.91809094 -0.6627167
 3250 0.3074098 0.17424996
 84 0.124826364 -0.22191665
 96 0.26733458 -0.112559
 161 -0.52090186 -0.49323502
 4935 0.56673217 0.030530818
 2286 -0.17141761 -0.39910173
 2962 1.2735192 2.1463442
 1944 0.028573304 -0.43256423
 5122 -0.12934354 -0.1387323
 551 -0.7738866 -0.85711646
 1430 -0.19340944 -0.17863843
 121 0.77920735 0.7873807
 1565 0.7285861 0.7170806
 4926 0.34203777 0.07096389
 4620 -1.5285499 -1.395118
 2287 -0.04444754 -0.41000712
 3376 1.5982542 1.2527056
 3926 -0.38800755 -0.5573251
 633 -1.3044202 -1.0592816
 4603 -0.027100882 -0.14304605
 1377 -0.486809 -0.72572166
 2533 -1.1659393 -0.5085699
 3209 -0.71853983 -0.6218974
 4236 0.9733573 1.1493667
 2421 2.2337132 1.1178191
 2262 -0.5189972 -0.5143467
 4217 2.0735784 1.7811058
 4162 -1.1515023 -0.84135884
 4845 -1.2428946 -1.3469535
 2357 0.80595255 0.48330253
 1815 0.4309313 0.26861086
 3609 2.9156153 2.9846542
 801 -0.56554455 -0.5985953
 3814 -1.064927 -1.2459902
 1897 0.22891378 0.060133506
 209 0.28105968 0.18409795
 3962 -0.5669626 -0.4830627
 4516 -0.4370249 -0.6092155
 2696 1.1909348 0.4152623
 1485 1.2916006 1.349914
 461 -0.9436222 -1.0026829
 3198 -0.15335324 -0.34874123
