 4992 0.86820024 0.9281549
 3480 -0.7485896 -0.852934
 4133 0.73061097 0.50135964
 3687 -0.36580214 -0.21567245
 4303 -0.43284494 -0.8313346
 528 0.18824293 -0.12685426
 1745 0.50094604 0.24886036
 630 -0.020095967 0.037805617
 4727 -0.04329918 -0.20120475
 3064 -0.76099604 -0.66446567
 185 -1.0626808 -0.80508554
 3935 -0.9435468 -0.88463587
 3169 -0.3345914 -0.83844656
 4353 -1.0561937 -0.7504837
 2630 -0.8110252 -0.076857954
 391 0.17489883 0.33325198
 3272 5.309979 0.78727376
 4829 0.24465047 -0.07265811
 3933 0.635391 0.6288774
 2317 0.5501039 -0.10421354
 4301 -1.0622641 -1.1609771
 1467 -1.4472475 -1.6295112
 3421 -0.30155155 -0.30996656
 4446 -0.7414288 -0.8503836
 928 -0.8951889 -1.0323985
 5089 -0.33656183 -0.75996
 4230 0.19096665 0.009509115
 2826 -0.32878926 -0.047085848
 2796 0.73974955 0.6629348
 1199 -0.65211904 -0.8985902
 368 -0.464109 0.11594942
 3666 -1.3939553 -1.4404814
 2966 -0.7409475 -0.7080704
 3224 -0.38734788 -0.36755103
 3196 0.15755954 0.05759502
 1281 -0.7733032 -0.79518056
 5225 1.2217649 1.8091782
 908 -1.0994942 -0.7233889
 2285 -1.6814941 -0.96927613
 3086 -1.0369083 -0.65035784
 3310 0.5672021 0.3442767
 3059 -1.5860432 -1.7027103
 2326 -0.4142906 -0.17747603
 3646 -0.5499602 -0.21199808
 3039 1.2120761 1.1699966
 1283 -0.8599629 -0.7621601
 4259 0.5184989 0.92822576
 816 -0.5083457 -0.32405928
 1073 -0.5178062 -0.53281367
 2770 1.6606234 1.8169581
 3889 0.7497019 0.63981205
 54 -0.35794315 0.15284577
 2618 -1.215182 -1.6700479
 2524 -0.12609784 -0.17752282
 4738 0.60434186 0.6586222
 3046 -1.6703516 -1.2264642
 2247 -0.5758521 -0.45188618
 2089 -0.16459735 -0.2277244
 1162 -0.6849187 -0.37718084
 5040 0.43870828 0.35619545
 3187 -0.2850338 -0.052940033
 2516 -0.43182057 -0.0059399046
 2324 0.9906896 1.07938
 36 -1.2119951 -1.0585475
 872 0.26131958 0.2768033
 2953 -0.10993084 -0.43103054
 4622 1.4924248 0.74457747
 1871 0.7388451 0.23493582
 85 0.032623794 -0.093527034
 4952 -0.07080238 -0.60562575
 3966 1.1498733 0.555282
 3552 0.44646183 0.40697083
 39 -1.0141098 -1.0675142
 1290 -0.045606967 0.021762874
 2638 -1.2060618 -0.733616
 1492 0.85632795 0.51453364
 4852 0.007892494 0.056916647
 5140 0.5446311 0.042059578
 3455 -1.5209574 -1.2062448
 1123 -0.81329876 -0.8410302
 1124 -1.1439881 -1.1123455
 2340 -0.99618536 -1.0958722
 1638 1.9090623 1.7008201
 71 -1.3287871 -1.2048889
 362 -0.69770336 -0.5910686
 4894 1.9541334 1.6717064
 3263 -1.3706658 -1.0384172
 2276 0.6539692 0.32417107
 1709 -0.46413246 -0.29790035
 78 -1.0407183 -1.150561
 4590 -0.82128155 -0.73654544
 3728 -0.1629447 -0.26889396
 3795 -1.1061847 -1.0976212
 4373 0.29661074 0.37568706
 1624 -1.298534 -1.1986781
 3077 -1.3261846 -1.4184755
 2791 2.5850093 2.919621
 107 -1.206039 -1.1293739
 370 -0.4519437 -0.4759329
 2420 1.473873 1.5307667
 1205 0.06475188 0.39784846
 3286 -1.1986624 -0.92112124
 1022 0.53451526 0.6954564
 2529 0.04354032 0.17183892
 3208 0.17072341 -0.10940586
 3630 -0.3962422 -0.2378625
 337 -0.17865446 0.42494813
 3413 -0.47087952 -0.2879641
 918 -1.2247069 -1.3813417
 246 -0.93462825 0.20244841
 2047 0.57164377 0.7082031
 290 -0.6501281 -1.2635272
 3719 1.3994516 1.57078
 2676 -0.6483825 -0.60548174
 5113 0.38104984 0.19584318
 2650 -1.8034319 -1.2849395
 3931 -0.6236333 -0.44838533
 1244 0.0957451 0.11505441
 509 -0.8893 -0.871803
 1282 -0.9522805 -0.68817234
 687 -0.5633804 -1.0430806
 401 1.1129829 0.51587963
 4306 -1.1023517 -1.0352577
 4435 0.31279403 0.36719617
 917 0.32995632 0.6073059
 1590 -0.04383517 0.19984242
 2202 -0.597693 0.17262651
 642 2.3852222 1.3419918
 2627 0.8947856 1.4821615
 4072 -1.6478229 -1.7135521
 425 0.17716263 0.23333576
 4238 1.0464416 0.6888459
 2485 1.3506737 1.2620955
 1401 -0.19320111 -0.1320675
 5182 -0.23097366 -0.56737566
 4384 -1.4179078 -1.3208493
 450 -0.3864971 -0.5458608
 995 2.5532417 1.9047264
 2435 0.03852009 0.008378234
 3236 -1.4307742 -1.7456182
 4328 -1.3171757 -0.8482784
 3531 -0.0017380514 -0.08257033
 2139 1.8485383 0.6980379
 1857 -0.118860446 -0.072781056
 4993 0.23447768 0.15346518
 1739 -1.0468736 -0.5436356
 4717 0.4879311 0.93920916
 1967 -0.35051292 -0.2531377
 470 -0.37522462 -1.0537837
 1656 0.7718347 0.6037633
 4063 1.7279608 1.7787077
 615 -0.75324374 -1.0034195
 2153 -0.49495098 0.036493137
 4938 2.8083868 2.440705
 3439 0.9323395 0.58830917
 3282 0.62333554 0.37976977
 3540 -0.15660669 -0.25545955
 2586 0.7303422 1.0173421
 2014 -1.4526365 -1.2244625
 4837 0.65992475 0.6910849
 1528 -0.085110545 -0.39085427
 3146 -0.9466067 -1.0650913
 4075 1.1032376 1.1306717
 3923 0.031456407 0.36744416
 4535 1.1045092 0.9886411
 824 -0.064786755 0.16571976
 1756 0.3046723 -0.066121206
 3808 0.35098225 -0.39966685
 1314 -0.06951921 -0.19817096
 4231 0.12506348 -0.405034
 3539 -0.73182577 -0.52569455
 4595 -0.34522623 -0.16542403
 3253 -0.6630066 -0.5413629
 4632 0.7793511 0.37174115
 958 -1.3619592 -1.3964345
 1248 -0.82479984 -0.96714526
 4487 -1.5191296 -1.414282
 2952 -0.32797793 -0.3493868
 4999 0.37568426 0.4289969
 1047 -0.7582432 -0.6173195
 2870 -0.4317607 0.11178265
 1879 -0.79248774 -0.015708238
 3258 -0.570972 -0.22345622
 2937 1.0082008 1.3348536
 1953 1.1615188 1.5436193
 4174 -0.6718218 -0.97180414
 465 -0.92664886 -1.1113595
 4182 -1.054646 -0.98366857
 23 -0.7229537 -0.91913277
 2393 0.12713885 0.40595084
 3843 -0.32542917 -0.84053665
 2598 0.3565702 0.56504786
 5163 1.8704481 1.0719842
 4815 1.2210416 1.3765877
 4438 -0.3586208 0.0657251
 3579 -0.35884708 -0.16300984
 285 -0.8333993 -0.6077942
 520 0.07695684 0.27621043
 1577 -0.078491144 -0.54961044
 4107 1.038081 0.7833173
 2637 -0.31165734 -0.52517587
 1886 -0.8533192 -1.3126833
 4882 -1.3321396 -1.2316363
 1246 -0.7944308 -0.9439495
 1574 -0.39261937 0.597758
 3785 -0.9063731 -1.0454178
 3123 -0.4860363 -0.5118196
 4660 1.2410905 1.0204765
 2901 -0.18167804 -0.55753833
 1718 -0.6073829 -0.6932462
 3703 0.4812346 0.39045206
 2307 0.2235277 0.38577285
 1960 -0.8985963 0.14582776
 4460 1.3476906 1.0035921
 77 0.6490487 -0.048300557
 1686 -0.01360605 0.06881411
 637 -0.42084044 -0.11473301
 650 -0.12818809 -0.15361948
 3661 -0.57962346 -0.59391654
 1235 0.39691412 0.30626637
 3444 4.370098 3.0643542
 148 -1.0697384 -1.1446481
 287 -0.73073024 -0.9746422
 5153 -1.168096 -1.2054079
 5222 1.3603116 1.2688566
 1545 -1.4286053 -1.0714766
 1678 -0.62348163 -1.0426911
 206 0.23581533 -0.5496382
 1294 0.17314829 0.11803955
 1697 0.18190375 -0.20657375
 2693 0.609652 0.8514941
 909 -1.1782513 -0.35726804
 4020 1.4525653 1.0450294
 343 -0.8765911 -0.7408146
 2622 -1.3290789 -1.5761646
 2916 -0.97316873 -1.2632091
 1383 -1.1894908 -1.0358329
 423 0.20459734 -0.39282075
 2763 -0.98541707 -1.575519
 466 0.036228366 0.033349637
 3125 0.03161197 0.12232492
 2684 1.7053566 1.7658119
 5219 -0.52020586 -0.43603894
 3145 0.50479853 0.43702477
 1113 -1.1495895 -1.3726971
 4476 0.84433156 0.35841277
 765 -1.0345591 -1.2624187
 930 -1.4503231 -1.3225532
 3685 -0.72740614 -0.65918446
 806 -0.62265664 -0.86648166
 1934 -0.67922014 -0.7142135
 1086 -0.6563454 -0.27542588
 2815 0.38721576 0.2830766
 1188 -1.0749509 -1.0822238
 4596 -0.5108322 -0.32325715
 1911 -0.4414165 -0.2100214
 314 0.8363889 0.6317268
 1211 -0.017858146 0.16066915
 2444 0.44418892 0.35388348
 684 -1.6200339 -1.7490497
 3149 -0.041837215 -0.115260944
 376 -0.9204625 -0.444493
 3225 -0.33168933 -0.1667753
