 6551 0.163591 0.29114285
 7453 -0.888281 -0.7699461
 8688 0.12210279 -0.24865559
 5350 0.46134615 0.4099509
 9599 1.8116531 1.8545308
 9325 3.9297915 2.0957854
 9767 -0.75045115 0.40722916
 1032 -2.2340548 -2.0405338
 4704 0.01530774 -0.054866206
 4289 1.3520977 1.3825036
 826 1.8716966 1.8694302
 7773 1.044304 0.38600907
 5929 -0.14620228 -0.21722159
 5737 -1.1398699 -1.1463681
 11148 -0.014933559 -0.03608299
 3219 1.1039959 0.936982
 1688 1.4261715 0.6330134
 9662 1.8012758 1.9118115
 9117 -0.28575984 -0.24342129
 1824 -0.3606748 -0.32566628
 7456 0.9566799 0.9684756
 9030 0.9890573 0.7757033
 10213 -0.07162379 -0.08790387
 212 -0.5131566 -0.49940622
 4854 -0.053129524 0.1254775
 8559 0.5087794 0.8274269
 886 -0.14155224 -0.21941683
 10989 -0.8881485 -0.8091432
 640 -0.6376519 -0.6500735
 6973 -0.013183377 0.24029934
 4133 0.20084311 0.40200922
 2623 -0.3967598 -0.33153793
 3988 -0.3311046 0.09188206
 2167 0.3290685 0.38676727
 10083 0.68842566 0.6389487
 7344 -0.63595265 -0.53015935
 6139 0.41775525 0.5408854
 2477 -0.3083403 -0.11809616
 7279 2.7137043 2.505933
 3888 -0.73706305 -0.52284205
 7890 1.0432259 0.100110196
 1620 -1.0781817 -1.5399163
 2533 -3.01938 -3.0986936
 5449 -0.99245214 -0.6180394
 5367 1.1783181 1.0956601
 11465 -0.058802262 -0.087674186
 7632 -0.44627467 -0.4775497
 1857 1.7360973 1.4560231
 531 -0.71842897 -0.6702941
 73 0.43917918 0.40865162
 11648 1.6752173 1.7078978
 7514 -1.4445204 -1.5396119
 6159 -0.20338805 -0.17831442
 1444 -0.96367496 -0.9099633
 1955 0.25715837 -0.04595446
 515 1.2725965 1.333762
 6414 -0.54958266 -0.51441747
 10108 -1.1565645 -1.1745707
 4150 0.42997903 0.38930765
 4974 -1.0606598 -1.1765851
 7572 0.11652035 0.16139522
 5700 0.15341309 -0.7243258
 5939 -0.74075866 -0.49292427
 7881 0.37971744 -0.11742962
 5509 3.7193928 2.3303387
 4895 -0.41674986 -0.009909742
 7474 -1.1019348 -1.1311183
 1059 1.9552268 1.2998104
 5792 1.6751857 1.6539887
 10378 0.11390196 0.21621096
 3921 -0.037297662 0.020676143
 8463 1.6771903 0.13392958
 6308 0.80673397 0.9208834
 11350 -0.97400737 -1.1513863
 6225 -0.43671513 -0.44871178
 5940 0.07357809 0.41583446
 264 0.03171031 -0.15615706
 8766 -2.3299527 -1.13485
 1398 0.24039091 0.59441656
 4345 1.6822922 0.6390388
 2441 1.0011917 0.95507944
 3887 0.2811567 0.31620285
 3308 -1.027399 -1.1172632
 7605 -0.43559158 -0.35471618
 6984 -0.07328779 -0.8099973
 4491 -0.6969303 -0.95996016
 7298 -1.0059988 -0.90394866
 8969 -1.2780464 -1.1857009
 2749 0.43758485 0.49087563
 2052 0.53773123 0.6922294
 5521 -1.4657257 -1.5146918
 94 -0.6815683 -0.33757216
 4132 -1.142007 -1.0931739
 6840 -1.0699122 -1.0207506
 10817 -0.6142963 -0.5279767
 7020 0.26200965 0.32943076
 7616 0.8934193 -0.00038450956
 7239 -0.79107296 -1.0123041
 9982 2.5529983 0.21643272
 1520 -0.80505884 -0.7544007
 8577 0.041911613 0.022087082
 3873 1.2535168 1.2428054
 4050 0.771293 0.92402875
 940 -0.5083323 -0.46412954
 8193 -0.9101995 -1.0997695
 253 0.60349417 1.3670262
 3823 -0.5169902 -0.5736256
 2880 -0.6835179 -0.6609036
 2277 1.604533 1.50644
 3816 -0.5910383 -0.7763804
 7114 -0.713668 -1.0840453
 1680 -0.5973982 -0.2532415
 2915 -0.7951019 -0.8227173
 7806 -1.8994606 -2.1898844
 9417 -0.9944737 -1.0895795
 2095 0.2778264 0.14944264
 9642 0.26558107 0.24142548
 7120 -0.69586587 -0.7079596
 8044 -1.0869061 -1.3724867
 2904 -0.06991441 -0.60934675
 5245 1.4248229 1.0537616
 7535 0.3885252 0.46163574
 8348 -0.65909874 -0.77995604
 5036 0.87703234 0.9015806
 4950 -0.93076986 -0.8115899
 9522 1.0741534 -0.46711412
 753 -0.3423483 -0.24691501
 8645 0.6079512 0.695423
 1060 -0.09063101 -0.3736912
 657 -0.7281631 -0.6557565
 3379 -1.160124 -1.1212631
 3519 0.7430517 0.79568714
 1712 -0.108951084 -0.030088287
 9689 -0.6589191 -0.6192833
 4907 -0.7086452 -0.96318823
 3763 -0.7114763 -0.6735663
 5042 0.56597024 0.60920185
 6012 -0.4761676 -0.3777853
 6725 0.58329374 0.5955139
 8489 -1.3334031 -1.1804681
 2234 0.8754839 0.6987709
 1839 1.1026083 0.6349088
 5075 0.04781584 0.1505216
 7155 -1.1448684 -1.4089104
 8108 -0.7044142 -0.51868516
 5281 2.2594972 2.3204443
 10803 -0.8606393 -0.8028824
 11174 -0.8713228 -0.7503684
 11880 -0.33227214 -0.37205645
 3498 -0.5734645 -0.48291212
 290 -0.541446 -0.5063832
 6229 0.5349501 -0.003874097
 5047 -0.025859134 0.006374061
 11875 0.27299207 0.39398733
 9012 5.299105 2.3976967
 5518 -0.21422194 -0.11402201
 2549 1.2297491 1.193509
 4591 0.08530541 0.40112588
 8569 -0.15719524 0.120973416
 5567 -0.6870783 -0.57875216
 377 0.21783061 0.122937806
 11441 -0.8189301 -0.7127173
 6822 0.5355511 0.027673438
 6474 0.5909257 0.5004295
 1469 0.36221698 0.4103844
 10670 -0.9937568 -0.17536855
 9806 0.06768899 0.13436794
 10433 0.3186999 -0.13086766
 9945 0.9458061 1.0020592
 10651 0.9053676 0.7676393
 1578 0.4882072 0.56075615
 1433 -0.058175165 -0.16087657
 3010 -1.0804532 -1.179803
 2644 -1.21523 -1.0129337
 11410 -0.26423234 0.10360982
 11171 0.4690643 0.74118614
 3056 -0.048608296 -0.03090868
 7007 0.011033591 0.08411426
 5695 -0.3804888 -0.65531516
 3864 0.15641654 0.09683239
 1265 -0.09475343 -0.32756898
 3362 -1.7659653 -1.8700287
 1090 0.24454038 0.26335934
 7857 -0.7287921 -0.48898274
 6263 0.20146334 0.24165139
 5763 -0.012958301 0.05241389
 7493 1.2025516 1.2555274
 1547 1.2407284 1.272793
 11055 0.113308325 0.12933382
 7232 0.43064097 0.51109356
 1995 -1.1376265 -1.271763
 180 0.77041656 0.83197963
 3847 -0.8036089 0.072873436
 513 0.2792832 0.35614753
 11662 0.15422033 -1.1564527
 2434 -0.23027796 -0.17379466
 7831 3.086726 2.1953118
 1435 -0.8387455 -1.0225844
 414 0.46189028 0.37937427
 8147 0.26020032 0.3114237
 1623 -0.8698839 -1.0002617
 8425 -0.7565364 -0.9332743
 3083 -0.7971257 -1.3627596
 9634 1.8640312 1.2939118
 6514 -0.03590366 -1.0591513
 4748 -0.75118047 -0.74058855
 731 -0.75910485 -0.85537827
 9999 0.40392983 0.38672355
 633 -0.8342454 -1.5498797
 6235 -1.1678522 -1.0424572
 2828 0.251151 0.2964541
 8802 1.2442342 0.9696326
 1427 -0.5840422 -0.5997175
 10655 -1.6612024 -1.9549903
 8985 1.9938473 1.9732083
 8430 0.30295923 0.2547278
 4982 -0.14332214 0.4910492
 9306 0.35682845 -1.154594
 4722 -0.33781746 -0.040090553
 2056 0.5219608 0.5489488
 4070 -0.14905675 -0.09521918
 6314 1.1543028 0.4608083
 8531 1.2126461 0.815853
 6467 1.5352398 -0.07487533
 1242 -1.6814954 -1.7673991
 5968 -0.44655153 -0.4467819
 4259 -0.9360947 -0.88976526
 9638 -0.084489785 -0.13007146
 7083 0.27620822 0.7730396
 6053 -0.01068554 -0.011381734
 11675 0.15660724 -0.10273464
 32 1.6498364 1.5812253
 7065 0.435153 0.4386385
 5866 -0.3124247 -0.28475928
 6723 -1.6632391 -1.66637
 3103 0.4077694 0.24939951
 2936 -0.48051506 -0.5075266
 3079 -0.16950703 -0.17497307
 2222 -0.12635389 -0.041317567
 10296 -1.055357 -1.0602497
 1917 -1.2949476 -1.2367636
 5431 1.1523615 1.613789
 5437 -0.40292946 -0.344994
 9126 -0.3430038 -1.058166
 10298 -0.7192403 -0.33910772
 1091 0.77155477 0.53023475
 7931 0.79675823 0.26734892
 389 0.28594607 0.05967448
 7084 0.369606 0.508916
 2138 -0.48847938 -0.46836063
 1235 -0.08483771 -0.055861443
 8361 -0.23256172 -0.23261124
 4280 -0.6252054 -0.5969237
 6960 -0.10117611 -0.29641613
 5841 -0.37182042 -0.39309344
 7 -0.2911896 -0.36438853
 5532 -0.26461327 -0.3294379
 1952 0.022422154 -0.6204281
 3191 2.9317062 2.6660125
 277 1.0602267 1.1105032
 3076 -1.9033909 -1.9712762
 1755 -0.3617406 -0.21533611
 7385 -0.74871606 -0.68965805
 1493 -0.695435 -0.606737
 424 -1.6267314 -1.6111425
 2297 -0.62859297 0.040115707
 4084 -1.2975487 -1.2541857
 5273 -0.32822308 0.022540517
 2014 1.7241362 1.3333355
 6192 2.167279 2.1052911
 9810 0.34762833 0.35539344
 1794 1.9903221 1.7771264
 8603 -0.9953501 -1.0382795
 5079 0.019212876 -0.64358795
 9844 1.3562151 1.381693
 198 0.54443675 0.24872294
 6478 -0.39498764 -0.2581776
 3956 -0.44792262 -0.37325078
 249 2.3700273 2.4345405
 7800 0.91059756 1.1210581
 9663 -0.32603788 -0.48876128
 6655 -0.32893223 -0.082229465
 8572 -0.86762536 -0.86677504
 4436 1.1810365 0.46395317
 441 0.5252521 0.83368516
 9614 1.118845 1.4017342
 1939 1.2254819 1.2151943
 3023 0.39289927 0.034330823
 9509 0.023507193 -0.12986685
 8337 -1.906189 -1.7780858
 8256 -1.6457428 -1.7170835
 824 -0.5577734 -0.51406455
 11049 0.89371544 0.5635996
 2948 0.10478937 0.3133517
 8640 0.0401188 -0.09613976
 6304 2.6727717 1.4739918
 1396 0.21301097 0.25544426
 4321 0.026902126 0.012316674
 11051 0.34380844 0.5423292
 6410 1.5116445 1.4633046
 9232 0.22893955 0.6525817
 8137 0.6765058 0.48470828
 6748 -0.8052702 -0.96757114
 5260 -1.144585 -1.5171086
 1825 -0.19211683 -0.12822385
 809 0.16474664 -0.69476765
 10014 -0.44502094 -0.6260417
 3280 -0.65838134 -0.23564994
 7355 -0.012402258 -0.012399413
 2108 1.0911051 1.2395104
 4528 -1.1388972 -1.2128589
 9813 -0.551287 -0.584547
 3528 1.0233152 0.98077047
 9375 -0.060766976 -0.016189583
 6886 2.0027564 1.1211689
 6957 -1.0228136 -0.97878826
 3017 -0.68646866 -0.78006494
 9483 0.5897059 0.23927689
 11339 2.8906171 1.5071164
 8994 0.5410317 0.5983989
 4926 0.3690293 0.4620708
 3893 0.8960501 0.8843049
 53 0.19823343 0.25219482
 7173 0.3476636 0.5367631
 3381 0.7243714 0.7546378
 3173 1.2114198 0.92924917
 11408 0.07114121 0.08938009
 6969 -0.40652335 1.0194308
 11681 0.14480244 0.028835133
 8134 0.8194959 1.070278
 8633 -0.71494186 -0.4768431
 7506 0.25718862 0.35289803
 5962 -0.45239204 -0.4066694
 4964 -0.39836055 -0.7898052
 736 1.0025893 1.7089403
 2956 1.3491439 1.5492479
 1194 -0.9049902 -1.0914329
 3668 -1.7044458 -1.7018412
 6569 -0.68487936 -0.87913215
 11046 -1.3795097 -1.4213167
 6178 0.5340938 -0.8054712
 1479 1.4374707 1.4557259
 9468 -1.3863839 -1.6833202
 8509 -1.1573442 -1.290565
 10802 0.24447574 0.14274657
 7872 -0.15179984 -0.11486454
 7192 1.6567317 1.4756078
 4108 -1.3280288 -1.4689986
 3210 0.73897696 0.50956583
 6082 0.20192586 0.2399855
 10506 -0.7535124 -0.5813519
 1940 0.78656334 0.86440754
 5524 -0.53551793 0.037507683
 3360 0.14478777 0.23209786
 3361 -1.0015978 -0.7131266
 3013 -1.298762 -1.1619426
 2964 -0.23810793 -0.24269304
 8298 -0.19655783 -0.28682354
 10076 0.47469714 0.6291914
 2133 -0.97671103 -0.98245704
 8536 2.13281 2.1969228
 6994 0.34082928 -0.11866724
 9158 -1.2116297 -1.2280561
 8099 -0.22214177 0.14942735
 6394 1.6375151 1.6664835
 2361 -1.7230983 -1.702853
 6753 -1.7422398 -1.6438662
 4023 0.17164835 0.119721614
 5791 -1.6501008 -1.5777171
 7129 -0.024459172 0.058764122
 11531 -1.3491088 -1.5899912
 927 -0.75533223 -0.68030393
 8177 -1.3146402 -0.8619507
 2013 -0.28595924 -0.4442877
 1779 2.7563555 2.6589954
 6307 0.2711768 1.3031429
 11019 1.9557736 1.9239699
 10676 1.4304361 -0.31312922
 8080 -0.28051662 -0.77193534
 1908 0.513346 0.47785917
 7231 0.51898664 0.40392235
 8739 0.20043972 0.6303611
 4688 -1.1201141 -1.1855307
 4576 -1.6743554 -1.6465938
 6479 0.15739293 -0.31891963
 6731 -1.440746 -0.80157506
 2525 -0.7435224 -0.7185519
 100 -1.1408889 -1.2240115
 223 -0.4975122 -0.43692642
 6199 1.7077043 1.7994999
 3262 -0.4760617 -0.43239427
 6429 0.647714 0.4229572
 9060 1.071359 1.0268326
 7426 -1.4342536 -1.5021616
 6522 -0.10890616 -0.2234438
 6758 -1.1391562 -1.0829755
 5780 0.4335454 0.29622954
 11506 0.63798577 0.7788152
 8987 -0.46325666 -0.65339565
 11483 -0.340682 -0.046081927
 7082 1.8604937 1.7111737
 5974 1.2430722 1.6507109
 539 0.07053337 0.9408781
 5617 0.231034 0.18699434
 8806 -0.7765068 -0.85503095
 38 -0.35641164 -0.35224688
 2479 1.2136229 1.2802917
 5966 -0.021657413 0.038044147
 4387 -0.71592516 -0.9051159
 9 1.396396 1.3699256
 8432 0.36677948 0.16803688
 16 -1.6511226 -1.661848
 3108 0.37371144 0.55025285
 11857 1.8724974 2.1102507
 7162 2.709379 1.844718
 523 -0.97651577 -1.5723221
 7255 -0.2817204 -0.023373388
 5885 -0.6746739 -0.27640197
 2943 -0.012561782 -0.09655228
 1111 -0.53041863 -0.52460647
 4976 -0.23954 -0.42404392
 6114 0.57825315 0.6993469
 4476 1.8026125 1.5982127
 9202 0.2984903 0.3159308
 5101 -0.9917439 -0.31233355
 10887 0.90762615 0.71415055
 8299 -0.947503 -1.0201834
 3682 1.3149786 1.3312521
 5982 -1.3044435 -1.3357445
 115 -0.002123031 -0.4308729
 11048 -1.028076 -1.094796
 2051 1.8847601 1.4209448
 9782 -0.8467309 -0.9787414
 10833 0.12731758 0.067763016
 11194 0.05349683 0.089158796
 10010 -0.69358623 -0.71908534
 7401 -0.2044222 -0.15379634
 10389 -0.70109993 -0.718844
 4186 0.30001676 0.28235057
 1462 -0.11116333 -0.18427572
 5628 -1.7428691 -1.7365333
 3830 -0.7636939 -0.40731192
 1133 0.4994587 0.6578657
 4676 0.5935395 0.7762887
 10219 0.77713263 0.1086731
 0 -1.4388357 -1.96868
 5601 -1.3286462 -1.3519193
 6968 -1.1010492 -1.1278051
 7056 0.07224276 0.07737223
 9677 0.07393656 -0.23875618
 3977 1.0247344 0.44402412
 10625 3.4984581 2.4335086
 4424 -0.99954545 -1.17881
 9029 0.086239636 0.14445248
 460 0.11156318 -0.3673679
 11850 -1.0376177 -1.0363917
 5452 -0.33268884 -0.33199838
 4588 0.22285196 0.10896788
 1499 -0.22856903 -0.36449748
 411 -1.2944351 -1.1511449
 7018 1.3932999 1.709644
 11777 -0.22880924 0.09254708
 4116 0.43323 0.45623913
 6435 0.7471104 1.0393986
 8990 -0.59374565 -0.23435557
 1971 -0.3091879 -0.14613596
 1370 0.6257386 0.5603069
 8784 0.77074796 1.2108482
 4405 0.029348163 0.13633987
 4161 -0.8070025 -0.8333678
 10460 -0.8759637 -0.69303334
 774 -0.6863806 -0.5827757
 6109 0.045466986 -0.06722614
 4703 0.20509619 0.073839195
 154 0.598581 0.45304865
 1222 -0.5531073 -0.56993175
 10304 -0.16460624 -0.28632966
 5490 -0.5982646 -0.6555691
 5491 -1.3783133 -1.8293895
 7283 -0.585653 -0.6717471
 6936 -0.2086331 -0.21218657
 3869 -1.7231152 -1.6181412
 11343 -0.39752948 -0.7934885
 3089 -0.5043364 -0.3825471
 2483 -0.20130919 -0.3363558
 9397 -1.3608701 -1.458478
 316 0.13735385 -0.4096738
 9632 0.79381204 0.86680937
 960 0.4947518 0.03384462
 6239 -0.7578475 -0.636098
 9703 -0.2628461 -0.20277381
 735 -0.027062442 0.013576776
 6322 1.3079829 1.1425796
 4834 0.56761587 0.28633103
 10202 3.2027864 0.97466815
 8615 0.6141956 0.8111806
 8502 2.8155582 1.4173416
 11775 -0.46791038 0.57105935
 8914 1.58003 1.3558071
 6400 2.515363 1.6116284
 48 0.280905 0.50585306
 4477 4.063107 2.5673468
 10862 0.22310774 -0.40816537
 1707 -0.18156531 -0.17866516
 10 0.06539651 -0.017191984
 11257 2.9170403 2.3747756
 11625 -1.6822752 -1.6372097
 553 2.0834806 1.2837878
 9099 -0.7578346 -0.5608007
 2843 -1.2640041 -1.319177
 8224 0.54257286 1.1316758
 11002 -0.5417229 -0.5581343
 1404 -1.1187614 -1.0870299
 7070 -0.6433444 -0.7299384
 7788 0.36933735 0.2606008
 9395 0.44249204 0.51357114
 10051 1.1334758 1.1242484
 5613 -0.9241909 -0.9108735
 6825 1.1725019 0.6315646
 10470 -1.201378 -0.8969273
 1432 0.38014284 0.760649
 7269 0.8551693 0.10529726
 5709 0.8439893 1.2090404
 3130 1.1286368 1.1520346
 9998 1.4758124 1.3884655
 3225 -0.007842525 0.025524773
 4086 -1.594287 -1.5828751
 734 1.6426198 1.4589871
 2771 -0.3766373 -0.43423638
 2487 -0.37764305 -0.55610836
 10099 -0.59101725 -0.58763814
 1851 1.555499 1.620958
 5334 -1.4982333 -1.4087833
 8447 2.052036 1.5758752
 8931 -0.09694872 1.1159602
 1604 -1.6502837 -1.7126309
 10964 1.1445187 1.3521935
 9454 -0.85353404 -0.7761567
 3648 2.0987647 1.9993395
 5566 -1.539534 -2.014753
 1558 1.1308982 0.9881135
 872 0.36371872 0.30275592
 7971 0.052240804 0.085413225
 11618 -0.5899285 -1.5773231
 646 0.18645614 0.30881372
 8094 -1.4061246 -1.3975202
 10502 -0.4573671 -0.49776268
 9795 0.49052396 0.4737688
 4177 -0.64498866 -0.25068
 7054 0.35015962 0.4541262
 10945 2.7295413 2.9375734
 10967 1.0440735 1.225947
 9899 -0.13370943 -0.5263852
 2615 -0.075130574 -0.66825354
 3665 0.68184805 0.8359884
 5454 -1.849302 -1.7684218
 2714 -1.1930603 -0.82686496
 5219 -0.6511812 -0.5389813
 4087 0.091128044 0.24256581
 8308 0.22970141 0.8743816
 6883 -1.3422108 -1.4437878
 6693 1.2472569 1.3791754
 3568 0.07893865 0.03644462
 3789 0.1552279 -0.027360871
 3086 1.1811818 1.365791
 8939 0.7213624 0.8186735
 4026 -0.11876457 0.010898616
 6385 -1.1795176 -1.1197689
 8212 -1.0927062 0.13073862
 8292 -1.7807305 -1.7045476
 2038 -1.3272256 -1.3138534
 10934 0.2783146 0.4662353
 3861 -0.741207 -0.4230513
 2018 0.92869985 0.8887364
 11614 2.6054099 1.721893
 3026 1.0139748 1.0041636
 10969 1.9259673 1.8427837
 1174 1.218599 1.2620798
 7399 0.1392466 -0.10172948
 9995 -0.8373043 -0.6102096
 1766 0.8678533 0.6626598
 2932 1.0497655 1.215258
 11809 2.2837 2.066624
 1270 -0.3926264 -0.45431456
 10211 1.4482304 -0.5307392
 11660 1.2025553 0.8551721
 7729 -1.3763132 -1.4104433
 1073 0.027478795 0.14441961
 4955 0.16394994 0.33180985
 3749 -1.2651794 -1.2904208
 1195 -0.14750277 -0.08913717
 626 1.4853843 1.3253032
 3072 1.7298956 1.8667732
 4525 -0.9481773 -0.9127406
 1154 -0.5051914 -0.50705194
 11684 2.42193 1.883414
 11781 2.0395546 2.0380588
 7639 -0.291472 -0.24555144
 11661 -1.3255423 -1.2795326
 5311 0.7395972 0.84571475
 391 -1.0263184 -1.0826132
 7437 -1.0325211 -1.0040458
 10263 0.1973918 0.11543154
 3471 -0.5481295 -0.5637065
 2564 -0.60689723 -0.5784787
 4912 -1.0493573 -1.1518236
 1972 -0.023314081 -0.18879023
 4673 0.944468 0.95870936
 10571 1.2737535 1.1962476
 11266 -0.905935 -0.9122974
 8622 0.047815382 0.5574384
 7291 -1.2850572 -1.3818513
 3324 -0.98388183 -0.7589605
 1815 0.28295454 0.28863648
 231 0.8765827 1.1824183
 10379 0.93353736 0.8013523
 1459 0.78268296 0.9049106
 7115 0.9617177 0.95795846
 9766 -0.14108834 0.500742
 4266 -1.7686846 -1.6793443
 2721 -0.47024915 -0.4519426
 2106 1.7217429 0.43243572
 3684 -1.6061702 -1.2165469
 7230 -0.7276777 -0.800081
 6024 -1.5455809 0.16528052
 5164 0.26301998 0.15075937
 7370 0.18467937 1.3731102
 5237 0.92151624 0.8770587
 541 -0.07418122 0.1190485
 10888 1.3625264 1.4062134
 9108 -0.28942478 -0.08835493
 8316 -0.32493725 -0.33774194
 8634 -0.41458207 -0.5754124
 5731 -0.41834006 -0.37129715
 1821 0.37627897 0.5392343
 2620 -0.19397336 -0.32991818
 6127 -0.098393604 -0.024914263
 9321 2.572133 1.5228158
 9741 -0.22231275 0.10229812
 2786 -1.1767242 -1.0925473
 4119 0.18434611 0.10939876
 11678 0.82394564 0.9850732
 10189 1.0758523 1.9491924
 8389 -0.2902618 -0.24259523
 10240 1.3301747 1.7254292
 5942 0.4465471 0.42575452
 1947 -0.9561581 -0.7549224
 8000 -0.16062318 -0.21188858
 10708 -0.7760681 -0.34005514
 4863 -0.053447656 -0.07020424
 10897 0.5979718 1.2068536
 967 -0.108041614 -0.054439444
 4538 -0.27248633 -0.14330593
 2500 -1.828546 -1.7854981
 5706 -1.1247766 -1.3088024
 1 -0.27362362 -0.8083234
 11177 -0.10740764 -0.16010827
 6535 -0.21663634 -0.00074551627
 535 -1.136028 -1.0944183
 3835 -0.9460283 -0.78248113
 5886 -0.2984984 -0.16258666
 2574 1.7946275 1.4051058
 5289 1.7410014 1.3773767
 3685 -1.4368485 -1.342827
 801 -1.2708741 -1.2797761
 4900 -0.04205772 0.019358031
 5198 1.0414289 1.0931437
 9332 -1.1168911 -0.9682957
 2641 0.30401266 -0.92898
 11372 2.3269713 1.9757453
 5438 0.29698855 0.3890222
 2059 -1.4473932 -1.1788628
 8658 0.020126013 0.00642851
 8796 -0.20481093 -0.15338632
 1923 -0.16592368 -0.16320455
 3720 -1.361285 -1.0171825
 1877 0.9212096 0.9503722
 8700 2.2096162 -0.14183652
 4220 -1.2941239 -1.1795684
 6715 -0.7813145 -0.26506746
 1600 -0.9149229 -0.8897316
 5823 -0.06793502 -0.020275598
 3530 0.42129964 0.4596788
 3515 1.1832135 1.3562263
 8737 0.8124113 1.4095677
 9989 1.2272618 0.58966196
 5344 0.10293192 0.61596537
 961 -0.51103693 -0.43981162
 3675 1.1810181 1.1279114
 455 1.9279238 0.73553956
 10128 0.82497567 0.56218374
 3307 0.39961535 0.008120306
 11378 -0.7745819 -0.7563144
 76 -1.6469195 -1.6641264
 3186 1.1488878 0.6762234
 42 0.8271375 0.23647764
 1537 0.66656077 0.6107198
 9617 -2.3998811 -2.335358
 7338 -0.74332345 -0.62044895
 7064 0.03869775 0.1287747
 11793 -0.7166884 -1.1430454
 11698 0.06298394 0.24802089
 5806 -0.7245711 -0.88205355
 4040 0.10762871 0.499485
 9338 -1.8703762 -1.9076556
 3112 0.11109608 0.16760233
 3639 -0.024401413 -0.121682696
 331 0.07017995 -0.024589457
 4215 -0.81198305 -0.71780634
 385 -0.14941843 0.061775148
 168 -0.45821744 -0.38771424
 11168 -0.99035907 -0.97766197
 5389 -0.5804006 -0.60967577
 8410 -0.46395755 -0.47392565
 4330 0.98493075 1.1780843
 4956 2.0994298 2.0729449
 10223 -0.6499536 -0.4609952
 311 -0.18949156 -0.35908625
 10089 -1.7112197 -1.4572254
 8965 -1.4044679 -1.3849498
 10686 -0.5926867 -0.3534121
 1935 0.994097 0.8634066
 6317 1.24508 1.1794087
 2905 0.24858165 0.3257603
 1514 1.4019587 1.315451
 4000 -0.89972866 -0.97185826
 2725 -0.7676981 -0.8172147
 2172 0.33114186 0.6086518
 4615 -1.1602615 -1.3783344
 990 0.3158752 0.1146066
 1643 -0.23646273 -0.20169693
 5981 -0.9095312 -0.9469929
 1105 0.44479233 0.3250282
 4681 1.4775558 1.6272459
 8528 -0.0024374956 0.002708517
 10478 -0.15482254 0.2589734
 11474 -0.7773988 -0.62959075
 6972 -0.6364665 -1.0119177
 584 0.89074135 0.63579315
 6198 -0.53037375 -0.35674104
 1340 2.2423193 1.5046731
 11610 -0.7518447 -0.5293129
 10001 2.3070753 2.4278562
 10329 -1.0136712 -0.6202317
 43 1.6821465 1.9409778
 4550 -0.6207162 -0.6712136
 4782 1.3527441 0.41702363
 10074 1.6747222 1.3343346
 6621 0.26481554 -0.24039754
 9527 0.45955566 0.33241662
 7052 -2.1026773 -2.0074885
 3311 0.22404563 0.34766206
 1172 1.6273632 1.3965802
 3784 0.49152282 0.85333717
 2689 -2.2931669 -2.2893627
 9124 1.5122142 1.3406765
 10307 0.28341937 0.38498878
 3116 1.3557128 0.84315276
 5542 2.7248642 0.56866395
 11573 1.8557258 1.5454512
 2940 -0.3053075 -0.19599321
 3357 -0.575454 -0.5463759
 8783 0.71704835 0.69496965
 7652 -0.08452737 -0.82968456
 11434 -0.0645896 -0.52166027
 5379 -0.635888 -0.6310132
 11855 0.2746492 0.4949012
 3037 0.26379514 -0.8730506
 6759 0.039172195 0.13671625
 4393 -1.0174947 -0.6941651
 11485 -0.9625253 -0.99154246
 6615 -0.34875494 -0.26240215
 5498 0.15452196 -0.0071266294
 2368 0.24882735 -0.009029426
 2060 0.24707352 0.3437144
 2319 -0.85634637 -0.7471427
 1506 0.23983808 0.19230524
 6319 -0.82228565 -0.6495123
 3507 -1.2346952 -0.11117582
 3774 0.34068856 0.12785068
 8119 -1.0113475 -1.1841971
 3106 0.38820753 0.32544032
 9274 1.168352 1.4232346
 2561 -0.8606246 -0.84262896
 9000 0.31688187 0.55689454
 2762 -1.5868137 -1.6292602
 9687 -0.51747245 -0.0071857944
 3080 0.5120611 0.89052147
 9755 0.30820245 -0.5810942
 6369 -0.07196943 0.045131862
 3283 -0.18125956 0.058254927
 6933 0.63896585 0.55336094
 8184 0.012890123 0.037241183
 1808 0.24447894 0.2877778
 1663 -0.7046714 -0.18062317
 2819 -1.2318137 -1.17139
 3285 -0.4055286 0.14083031
 10446 -0.3232494 -0.65249187
 9596 -0.20516849 -0.19199151
 5751 0.31851193 0.64949703
 10267 0.9347196 0.92829645
 3951 1.5612748 1.5461521
 2119 -0.24027756 -0.4229875
 2755 -0.1796799 -0.8259324
 1904 0.20461164 0.29276964
 5161 1.4900482 1.4498805
 4408 -0.99237466 -1.0553697
 6976 -0.2917122 1.4944853
 10193 0.68241876 0.73429453
 5848 0.0829616 1.3727405
 6842 0.6892953 0.49375686
 4263 -1.2296913 -0.9194764
 6487 -0.6230834 -0.323304
 936 0.7154577 1.5087949
 8370 1.0519855 0.67298746
 5057 0.36838755 0.6116804
 6471 -0.7388008 -0.91302466
 4635 0.13181177 0.318405
 2949 1.2769935 1.2868603
 4938 -0.56362444 -0.61829466
 5678 1.3902589 1.3556137
 7494 0.56511945 0.48819485
 1119 1.4912584 1.4788009
 9342 -0.7408925 -0.67993176
 5401 -1.1329911 -1.1552911
 6858 0.42510667 0.44055578
 9821 0.37288448 0.44394508
 2332 0.055072818 0.021175541
 4439 0.2720464 -0.10074534
 8143 -0.949657 -0.96171325
 1200 0.36442924 0.4232407
 33 1.6372602 1.5916342
 1943 -2.520223 -2.390569
 7359 -0.22002348 -0.09752912
 5285 0.12973382 0.14960942
 4343 -0.37283716 -0.29936925
 3504 -1.6355735 -1.5947626
 4441 0.8276344 1.0890948
 7251 0.8592092 0.6006752
 9067 -2.299303 -1.5916878
 4677 -0.5787453 -0.6632854
 7480 -0.58707356 -0.46574092
 6714 -1.682999 -0.24048543
 6439 -1.0085746 -0.8073207
 7037 2.8534145 0.5648948
 8216 -1.2234652 -1.2280867
 9595 0.54957587 0.37063262
 6340 -0.6915239 -0.645618
 10671 -2.1656427 -1.6883572
 3249 0.82306916 0.8801847
 8330 -0.7469595 -0.756881
 3221 -0.026511442 0.01995062
 3209 -0.8838391 -0.8597492
 5492 -1.4241811 -1.5628238
 7492 0.5826808 0.34676322
 10028 0.20319426 -0.15843058
 11083 -0.8394047 -0.8782484
 10992 -0.88765985 -0.80859345
 143 -1.4277799 -1.220502
 10349 -1.5237687 -1.6177715
 10056 -0.03592016 0.004666336
 4112 0.35221922 0.3224665
 6213 -1.0761409 -0.8192724
 11832 -0.2559632 -0.16259255
 10760 1.8499179 1.6259618
 9272 0.88815826 0.6497978
 6488 0.13910861 0.20042503
 3955 -0.047812052 -0.005289484
 685 1.2762948 1.0620787
 3495 -0.47777015 -0.15840602
 9582 -0.95275354 -0.5712417
 10124 -0.6581966 -0.58863235
 3122 1.8350542 1.6776279
 1490 -0.32435277 -0.67284757
 3761 -2.186219 -1.5481373
 9265 0.35643974 0.34629187
 10067 0.38162944 0.2145842
 2528 -0.9544904 -0.94069594
 5868 -1.1112821 -1.1443714
 7740 -0.5647778 -0.5228893
 9336 -0.3572785 -0.3514317
 6415 0.5564084 0.5885881
 10903 -0.68480694 -0.6147192
 641 -0.3321424 -0.37151125
 8865 0.46247154 0.37077394
 18 1.9153049 1.8395214
 2674 0.5787849 0.5853411
 488 2.042948 1.8515013
 10030 -0.011700444 0.0018492192
 7925 0.88488895 0.5779357
 1314 -1.8310838 -1.8953277
 1664 -0.04990237 -0.4023179
 6220 1.6905504 2.002895
 3265 1.0814214 1.6348056
 8980 1.2157811 1.3930056
 6428 0.7479823 0.62729704
 11399 0.21608363 -0.05969727
 10804 -1.2256867 -1.1958495
 7883 -0.018315198 0.10382017
 875 -0.89236444 -0.70672035
 5096 -0.89595646 -0.25388342
 8003 -0.3500238 0.7184198
 6499 -0.36404955 -1.48509
 7317 -0.37518737 -0.7363694
 2688 -0.40127003 -1.3758684
 8164 -1.2621223 -1.2148607
 7234 -0.005618812 0.4169419
 803 0.14342861 0.48122087
 11119 0.09933621 0.1280894
 3071 -0.6200855 -0.7302024
 3681 -0.6734592 -0.6556862
 6598 -0.76742166 -0.80245817
 4535 -0.37684909 -0.73863125
 10947 1.4316688 1.4658071
 4517 -0.65073156 -0.7779074
 148 -0.9631955 0.45565966
 10203 1.1804745 1.1205932
 4313 0.04194324 0.642641
 1360 -0.39638942 -0.3780683
 11759 -1.892067 -1.74356
 4554 -0.6440407 -0.4337442
 647 -0.094439425 -0.05459308
 8176 0.30760652 1.3077294
 8334 -0.48047933 -0.33113474
 2173 -0.3668958 -0.32143334
 1240 0.5347695 0.54697704
 1542 0.30875528 0.3699385
 6572 -0.8893972 -0.76032937
 8920 1.8264394 1.6619048
 3321 -2.421372 -2.0720837
 7041 2.3823974 1.3846778
 712 -1.0198165 -1.0934418
 10473 0.5517597 0.38336018
 1887 0.4343279 0.635118
 3050 1.529319 1.0018988
 2995 -0.3810366 -0.49672756
 943 -0.09636517 0.016091943
 93 -0.3084673 -1.2417315
 7701 0.6168076 0.67719096
 6742 0.76484877 0.5927829
 6651 -0.5503491 -0.36208507
 6295 1.3697151 0.8376359
 10957 -1.9780624 -1.7548267
 5284 -0.56121874 -0.49053612
 4332 0.09336046 0.03497015
 3447 -0.85733604 -0.9194199
 1395 1.3992583 1.4628962
 7697 -0.08389478 -0.37722602
 2861 -0.777645 -0.9288148
 8167 -0.97233146 -0.5415428
 10418 1.7102833 1.7604523
 1451 0.5650846 0.40432417
 6071 -0.6021587 -0.69359565
 7540 0.045096595 -0.042411283
 6496 -1.9157718 -1.2568157
 5481 1.412711 1.3990744
 2537 1.5671327 1.6361917
 3936 1.209979 1.1206175
 7613 -0.96168274 0.89679444
 5716 0.5671753 0.49818948
 497 -0.10198748 0.021264143
 4175 -1.0374458 -1.1797457
 722 0.3657444 0.47783354
 4006 -0.6897815 -0.58772886
 796 1.9832764 2.060261
 8323 -0.8036204 -0.71562076
 1217 -0.3125755 -0.15234873
 3413 0.23527421 0.5608571
 2340 -0.5706811 -0.50356483
 292 1.8790604 1.3808521
 3698 0.5951824 0.5992496
 5013 -0.92208177 -0.808292
 7819 0.29382557 0.47341248
 11084 1.0274119 1.4542865
 8560 -0.18466641 -0.5196815
 10140 0.99388295 1.092267
 10631 -0.95619524 -0.981092
 10434 0.382841 0.34856728
 422 0.5128908 0.57298756
 8242 1.2492657 1.2788188
 3149 -0.13711032 -0.20051208
 7184 0.9691035 0.62623096
 2939 -0.59730333 -0.51031625
 379 -0.80842304 -0.38993454
 2716 -0.77501833 0.8210433
 11347 0.3674061 0.26952085
 9922 -1.42908 -1.2315692
 10847 0.19028014 0.04820303
 637 -0.95312345 -0.91974354
 6016 -0.061249673 -0.08596304
 2717 -0.16794845 -0.14976361
 2951 0.93829656 0.9628655
 5951 -0.12012328 -0.07346325
 3724 0.16886355 0.22054428
 8491 -0.8917896 -0.6390122
 10583 -0.055424288 -0.084735006
 2594 0.35698983 0.3797503
 9459 2.700154 1.6119598
 9661 0.37570596 0.6731352
 1166 -0.33471864 -0.5260307
 4691 -0.066453464 -0.08460713
 691 2.2597425 2.4024837
 6065 0.15056273 0.11207505
 2797 0.065964475 0.101253055
 10281 -0.42283103 -0.51663554
 7927 -0.6922211 -1.0547014
 7214 -0.53938043 -0.49583465
 11766 0.2694578 -0.058342844
 10932 0.09369281 0.17405754
 9451 0.658128 0.59649265
 10038 0.29667684 0.35400727
 10100 -1.0755514 -1.1464206
 7986 0.023988975 0.11512982
 1143 0.5999823 0.6957492
 10998 2.636689 1.690269
 5923 1.7593287 1.9224255
 3228 1.7685522 1.8777572
 8439 -0.08598464 -0.12384454
 11244 -0.1301944 -0.25204673
 2367 -0.06310575 0.20913342
 2889 0.22551711 0.22537494
 11862 -1.0433279 -1.0531064
 3309 -0.095178366 -0.009193301
 4711 0.3995979 0.013853457
 3768 0.51000655 0.43554038
 9934 -1.1149516 -0.9061651
 3833 -0.11829013 -0.90814334
 8329 2.2007551 2.013217
 11658 -1.6681696 -1.7035776
 2536 -0.9407356 -0.8716364
 4231 -1.1678101 -1.276601
 6524 1.3879063 1.4303032
 7252 -0.9864319 -0.9621866
 9439 0.26050013 0.26647934
 2131 0.05732587 0.16397858
 7678 0.6884491 0.5891342
 5927 0.56140727 0.7572465
 1822 0.31290156 0.18137342
 1354 -0.7332766 -0.8653521
 464 -0.0951119 -0.4447749
 2299 -1.1038179 -0.6600554
 6061 1.4017823 1.6498367
 5155 0.56408525 0.617938
 10475 0.6116395 -0.5279256
 1736 0.9558552 0.6731276
 2535 1.3005426 0.9155654
 5482 1.2391413 1.3548583
 6310 -1.1033224 -1.1549903
 6687 0.22156064 0.22465059
 811 -0.47680292 -0.3759931
 11760 -1.4292904 -1.2332581
 1085 -0.12866744 0.012619741
 2025 0.5206447 0.37592116
 10790 -0.72887367 -0.76634336
 1571 -1.1017762 -0.9859252
 8127 -0.9217664 -0.42128798
 5912 0.24670175 0.17202768
 6166 1.2652878 1.2773513
 341 -0.22925068 -0.1907157
 3737 -0.69291055 -0.7055942
 3044 -1.2740133 -1.1300778
 7342 0.16269757 0.34100822
 201 -0.4893957 -0.5530914
 9209 1.3087759 1.2819648
 947 0.98511875 0.89509714
 8287 0.42502415 1.0727545
 7946 -0.51069266 -0.34369615
 2216 0.117157534 0.15111607
 2313 1.4586086 1.3720857
 8252 -0.01624826 0.15570578
 5062 1.4695796 1.3882879
 760 -0.65737194 -0.62995887
 6901 0.020744856 0.0010405332
 3004 -0.75452816 -0.55945253
 8915 0.57124275 0.6018932
 11691 1.2232246 1.2257808
 6251 -0.69396305 -0.19252765
 4344 -0.8021741 -0.7516035
 9485 -0.12619162 0.5195478
 2314 -0.027211424 0.01074487
 10408 0.24624471 0.1695765
 874 0.012947882 0.066521615
 10372 -1.652649 -1.7221463
 6665 -0.9603511 -1.0784243
 9159 -0.16639172 -0.24965519
 11105 -1.0341085 -1.1938295
 1047 -0.52334917 -0.73006034
 3934 -0.88902223 -1.0049951
 9608 1.0665596 0.5532237
 6728 0.90832525 0.38876593
 8208 1.5839378 0.32791504
 6051 -0.43778506 -0.3468117
 1608 -0.650627 -0.63418996
 4876 1.2592882 1.2392484
 276 -0.095562965 1.893191
 5553 1.3280449 1.8726301
 6406 -0.40090102 -0.3796383
 10780 -2.1161466 -2.1633143
 9196 0.8444669 0.9192509
 124 -0.8314954 -0.98018056
 3204 0.04598865 0.091399394
 8793 -0.7637902 -0.75669366
 2891 1.0934128 1.0861374
 8189 1.1748691 1.2143297
 10730 0.9607161 0.8209132
 9183 -0.0011585514 -0.27932104
 6465 -0.6213085 -0.1776892
 1491 -0.24562438 -0.27133462
 11437 -0.9075559 -0.4229248
 978 0.585511 0.53522164
 10228 -0.7213962 -0.77583283
 10933 0.57835215 0.946144
 992 2.493792 1.2050117
 2541 -0.5846931 -0.65642166
 7235 -0.83811384 0.31826752
 5616 0.018570194 0.007983904
 4922 1.1721824 0.5825181
 7051 0.161591 -0.2075339
 7521 0.3277034 -0.4305357
 6978 -0.9391032 -0.97935927
 10147 -0.5482414 -0.47366822
 11879 -1.7227999 -1.6702679
 8670 -0.35041896 -0.6965451
 575 1.0447422 1.0790633
 9365 -0.32979587 -0.023031967
 1192 0.21457778 0.6114297
 825 -1.1138422 -1.0897793
 585 -1.4156556 -1.3464559
 11607 0.7952514 0.30520293
 7330 0.7098826 0.90416
 1582 -0.99467444 -0.14457822
 175 -0.004066201 0.06644424
 6177 0.7124263 1.0682081
 3511 -0.47140524 -0.32869732
 1522 0.48440337 0.49900928
 889 0.4428056 0.5034206
 376 0.50079036 0.71887493
 7712 -0.55373853 -0.298118
 1668 0.04626644 -0.56465733
 361 -0.21988322 -0.24613753
 4570 0.43175304 0.49977264
 7813 -1.4123204 -1.2604338
 9558 -0.0915006 0.43777034
 8063 0.97055113 0.9518989
 5286 1.2788941 1.3144416
 3364 -1.8272653 -1.7615651
 5004 -1.7930152 -1.7589716
 5722 0.21343957 0.36575207
 8863 0.8326392 0.714496
 2679 0.6104491 0.13755363
 105 -0.76267904 -0.5592279
 8884 0.36404878 0.4549804
 635 -0.7382952 -0.62162304
 407 1.2314415 0.96909773
 7577 1.0838807 1.3008707
 6571 -0.7894076 -0.6666192
 2387 -1.2159429 -1.169783
 2774 -2.2114959 -1.5415109
 6137 -0.41680807 -0.4558945
 7862 -1.1167632 -0.86638486
 5307 2.2488458 2.1805634
 11132 1.848423 1.251875
 214 2.1574233 2.5581744
 5786 0.56868994 0.7510846
 6123 0.3570737 0.26342502
 7823 -1.0088056 -0.9876467
 1892 -0.80108494 -0.30757722
 4337 -0.6057384 -0.67109716
 9886 -0.13546053 0.13814509
 9248 -0.84635955 -0.96441764
 11034 -0.69810796 -0.68056494
 8537 0.85306656 0.72413886
 6889 0.20139411 0.34414032
 10811 0.557922 0.64764374
 9036 1.878689 1.5911442
 1602 -0.6639404 -0.7715559
 884 1.8769412 1.3838199
 804 -0.89153975 -0.7396898
 4524 0.16645327 0.046434052
 9870 0.30018085 0.17345902
 9132 -0.07445902 0.67591196
 506 0.64440477 0.725671
 3175 2.2086837 2.2907047
 562 -0.77045584 -0.6443006
 4114 -0.21003672 0.5349734
 1295 0.14010839 0.12919512
 11247 1.150946 1.3765187
 3333 -1.1393496 -1.0733535
