 321 -0.32964596 -0.29743284
 2177 -0.18095106 0.26445523
 10081 1.1296014 -1.0746446
 7268 -1.2884374 -1.4226705
 11114 -1.4479849 -1.2394176
 4781 -0.5227551 -0.52391577
 7213 0.73843926 -0.5626087
 3952 -0.14894123 -0.08053448
 2673 0.73281515 0.5656762
 5748 -0.39476714 -0.5542738
 117 0.24718261 0.22616574
 949 -0.8371755 -0.8462318
 10009 0.04478763 0.028017886
 4953 0.48235476 0.32263505
 1562 1.0423187 0.8681276
 8317 -2.6313567 -1.8204279
 10206 1.2548265 0.5044267
 4831 -1.426027 -1.2239349
 482 0.357952 0.16320693
 2338 -1.1399117 -0.623436
 1413 -0.17865033 -0.25811952
 1285 0.1629992 0.32313368
 2969 -0.29207665 -0.2981351
 3877 -0.07853788 0.12137841
 5352 -0.020130932 -0.03440025
 202 1.2567532 1.2003338
 6346 -0.35949716 -0.2785504
 9420 -0.82522947 -1.5888312
 1166 -0.33471864 -0.3663706
 9616 -0.60461116 -0.8231993
 10161 -1.0745103 -1.1645526
 1750 -0.83801204 -0.8096585
 10135 1.5572945 1.4405524
 2745 -0.0064888606 -0.132263
 2010 0.71235615 0.69075143
 3164 -1.6663475 -1.5367414
 7714 0.13702288 1.2372936
 4835 0.9690471 0.6443716
 11490 -0.08580127 -0.08258696
 6149 0.12559949 0.07361488
 6022 0.36303616 0.25482175
 6853 0.08461597 0.10958877
 808 -0.62064105 -0.57013637
 9605 0.40789822 0.1742242
 11275 1.088505 1.5389428
 11467 -1.2843677 -1.2423236
 688 -1.6095427 -1.5753278
 1937 0.7402724 0.716545
 370 0.23306747 0.12706658
 6576 0.003125224 0.018183641
 9653 0.46762353 0.21406168
 216 0.6822414 -0.27414984
 8634 -0.41458207 -0.62783456
 4280 -0.6252054 -0.59757996
 7618 -0.6542273 -0.69549274
 414 0.46189028 0.09225194
 1508 -0.77726036 -0.7536504
 6181 -1.2958539 -0.9958539
 2470 -1.6011099 -1.5527182
 6631 -0.5596753 -0.6490396
 6152 -0.27868578 -0.41367766
 11171 0.4690643 0.4195573
 2474 -0.06409865 -0.060150404
 1615 -0.4106774 -0.4360937
 2066 0.38738835 0.25013947
 10003 -0.4872151 -0.49576667
 3444 0.59998786 0.5056555
 5719 1.0379611 1.1622365
 7353 -0.34566578 -0.49839497
 573 0.6872485 0.53577185
 1886 1.4314271 1.3576835
 4767 0.09757135 -0.023374207
 835 -0.43414396 0.41870734
 6595 -0.96745586 -0.7840402
 9475 -0.6414663 -0.6534225
 10212 0.5506343 0.40890375
 7434 1.8866162 1.7363006
 8491 -0.8917896 -1.0651913
 492 -0.98959213 -0.8876991
 3565 0.9948474 1.4854786
 7182 -0.11744254 -0.16475216
 5039 1.0985693 1.4999844
 3920 0.33595508 -0.026547648
 11087 -1.0590228 -0.95935977
 5907 1.1530459 -0.33253592
 9462 -1.6706597 -1.4899594
 6904 -0.09401861 0.32412472
 3161 0.3214755 0.8555176
 10266 -0.7667231 -0.768584
 6622 -0.23675016 -0.22650063
 5952 0.91909677 0.7069156
 897 -0.22119379 -0.18058509
 1314 -1.8310838 -1.6568382
 2626 -1.6390111 -1.5324854
 4421 -1.0258839 -1.2736453
 4809 1.932666 1.8984715
 6441 -1.0062313 -0.89171517
 11083 -0.8394047 -0.9119557
 2383 -0.1277433 -0.16465934
 4975 -0.20494111 -0.41100293
 8463 1.6771903 0.45485416
 10511 -0.49998346 -0.49844483
 5499 0.16721834 -0.1932486
 10035 -0.49834007 -0.4708254
 8021 0.6736862 1.0342437
 6264 -0.7748084 -0.78611207
 1593 -0.48123294 -0.67710245
 5435 0.2934029 0.5395868
 2852 -0.5955045 -0.50217783
 5607 -2.1580682 -2.0774043
 3624 -0.7433826 -0.77068865
 6984 -0.07328779 -0.039367884
 7559 -0.1566855 -0.032241695
 10125 0.054552075 0.094698355
 2254 -1.1482711 -0.9844593
 5487 -0.23304397 -0.07204935
 8944 -0.050434574 -0.13752806
 10094 -1.0734684 -1.0801973
 3186 1.1488878 1.0101582
 10300 0.83515036 1.0535073
 52 0.5126378 0.28199473
 10612 -0.43186155 -0.20258486
 7703 -0.103660196 0.105644286
 1020 0.6374902 0.005725719
 10494 -0.14280643 -0.117603496
 10467 0.6696825 -0.18976876
 3109 -0.5614003 -0.51465344
 11049 0.89371544 0.81893754
 8138 -1.5890131 -1.491745
 7211 1.1210504 0.93527913
 364 -0.30220506 -0.329947
 720 1.099471 0.4715328
 6385 -1.1795176 -1.0649849
 4754 0.73384196 0.7593199
 6770 0.88457537 0.9101863
 8817 -0.059595298 0.25807905
 4597 -0.6876752 -0.5362382
 5526 -0.25543052 -0.19861084
 5367 1.1783181 1.2760239
 10261 1.4060353 1.0487682
 11159 -0.54976875 -0.7533697
 6908 0.005158241 0.013526633
 7200 0.51609915 1.1740922
 5761 1.0188118 1.0991293
 6583 -1.4977065 -1.3075715
 7671 -1.2911314 -1.1510457
 5190 0.1997081 0.07850225
 9015 -0.15030912 0.0134034455
 462 -1.076322 -1.0307128
 10317 0.23092306 0.17482004
 5778 -0.7680231 -0.75875545
 4468 0.24599627 0.19440442
 4565 0.18451618 0.08722894
 6710 -1.263299 -1.0623734
 6015 -0.07636139 0.072507605
 7604 0.3264125 0.28735733
 922 -0.98883945 -1.050402
 4892 0.9230835 1.0744119
 2495 -2.917262 -2.217848
 2178 1.0748479 0.7189604
 5571 0.002537093 -0.027438372
 4390 -0.27100798 -0.2943561
 6824 -0.6272526 -0.60317564
 8296 -0.29134366 -0.13611825
 7930 0.29425463 0.67792046
 2315 0.19292696 -0.35519412
 5868 -1.1112821 -1.0230964
 8076 0.24968916 0.6831957
 7214 -0.53938043 -0.4914758
 9899 -0.13370943 -0.24388821
 4243 -1.1279116 -1.0217034
 1044 -0.21607251 -0.437409
 7447 -0.96177673 -1.0985509
 5050 0.48613384 0.0651959
 539 0.07053337 -0.4273812
 9215 -0.41870862 0.18576348
 1793 1.5628366 1.070781
 8259 1.0995686 0.86163116
 104 -1.036606 -0.9377072
 937 0.07425469 0.026299201
 6026 -0.10022355 -0.20530137
 10472 -0.36384282 -0.92772233
 11177 -0.10740764 -0.29231802
 8023 1.3814442 1.3340149
 6224 -0.4767493 -0.44038007
 7410 1.2666821 1.1314775
 10293 1.7627754 1.6634127
 9942 -0.24799202 -0.33012933
 7479 1.2123294 0.4151663
 10582 0.28358027 0.17122203
 7869 -1.787701 -1.3531997
 6750 -0.35480863 -0.061710205
 11426 -0.50406367 -0.3038718
 1635 0.071236566 0.08588861
 3080 0.5120611 0.592661
 8938 0.586751 0.88414264
 3627 -0.9042238 -0.93872964
 9930 -0.18350115 -0.524669
 5148 -0.4323351 -0.51353014
 6620 -0.75849247 -0.5070044
 113 -0.87178767 -0.8831111
 3921 -0.037297662 0.0012768209
 1845 -0.79184216 -0.7359357
 246 0.9414265 0.9898226
 7189 0.59201807 0.60793173
 6840 -1.0699122 -0.89009106
 1819 -0.6397193 -0.619372
 508 0.9790724 0.8509668
 2176 -0.8409014 -0.85286355
 6977 2.2522252 1.8545065
 900 -0.79686856 -0.6375294
 2022 -1.4477563 -1.2866801
 5415 0.3306037 0.3454325
 5898 -0.416401 -0.1571236
 4813 0.09607329 -0.026857384
 7984 -0.22142895 -0.0021793693
 9234 1.3785032 1.1803412
 6364 0.34746328 0.6363684
 7352 -0.3197605 0.044470698
 1271 1.6025233 1.3070381
 1848 -0.2245745 -0.054026347
 4088 0.11787906 0.14968416
 126 -1.8340602 -1.4684254
 9535 -1.3313838 -0.78118
 2627 0.18454048 0.1252515
 8292 -1.7807305 -1.3602433
 3717 -0.42982808 -0.6586486
 9860 0.43203223 0.4385669
 6311 -0.3060547 -0.21425542
 8711 -0.9009792 -1.0236319
 8683 0.06038754 0.23162866
 8108 -0.7044142 -0.6236503
 11705 0.35144728 0.38318607
 1296 -0.9987217 -0.66130126
 9107 -0.4107127 0.7854805
 1236 -0.5083965 -0.4971126
 4246 -0.18486628 -0.045458786
 4630 -0.94065994 -0.8457496
 10457 -0.59127533 -0.8267156
 187 0.10511896 -0.16176283
 1184 -0.13310434 0.24172682
 3426 0.61693084 0.625685
 9757 0.25627366 0.11631566
 6789 -0.8424329 -0.522328
 7045 0.32073885 -0.4596802
 11781 2.0395546 2.0821786
 3208 -0.85442424 -0.7894604
 3881 0.22711511 0.38466457
 3594 -0.23736945 -0.13447286
 11464 1.2285495 1.8777514
 908 0.1003942 -0.09148521
 2739 -1.5942866 -1.522225
 6231 -0.078063436 0.029119104
 4600 -0.75728595 0.29728788
 284 0.37458745 0.28544948
 6717 -0.37202486 -0.3043121
 7265 3.0975163 0.82468665
 5250 0.90343773 0.55949867
 9121 0.74640447 0.8631431
 9028 0.8574732 1.0208155
 9540 -0.7730816 -0.85929525
 9927 -0.26285985 -0.358789
 2697 1.0594116 0.84441507
 6993 -0.5365209 -0.43686286
 6546 -1.1646672 -0.9407995
 11188 -0.6080359 -0.60967183
 9782 -0.8467309 -0.9207157
 9303 -1.1470283 -0.90544
 472 0.21987142 0.35868368
 11351 -0.53517365 -0.07982803
 3546 -0.6230683 -0.524403
 8927 1.0480483 0.17832035
 3202 0.16764466 0.26696834
 1187 0.07934067 0.31981388
 3299 0.499863 0.4550399
 4643 -0.06949772 0.0046743527
 3049 -1.110435 -1.0491133
 7577 1.0838807 1.1807438
 8074 0.6082061 0.5984576
 495 -0.062010624 -0.2992518
 8978 -0.4533657 -0.41381517
 8307 -0.28098327 0.21950182
 10810 -0.88770705 -0.8720051
 10842 0.15979588 0.36224434
 11349 0.849426 0.78466225
 7481 -0.9563708 -0.97588325
 5562 0.69181097 0.5943178
 10589 -0.45819223 -0.4951809
 4227 -1.3452252 -1.3603045
 4644 -0.5815517 -0.6644758
 5221 -0.36332023 -0.4451677
 4294 -0.49259308 -0.43357867
 6692 1.6334201 1.6122025
 11354 1.8896257 1.7359387
 4969 -0.40130854 -0.4147082
 11588 -0.23345423 -0.46262783
 8269 0.27873495 0.09015666
 558 -0.6640757 -0.6931087
 1844 0.75522554 0.6542473
 7796 0.038484134 -0.033072848
 824 -0.5577734 -0.52753186
 8346 1.2898631 1.4169742
 3131 -0.12239879 -0.19387063
 1663 -0.7046714 0.21476853
 11329 0.76531404 -0.19877604
 11522 0.64709467 0.5407543
 4259 -0.9360947 -0.9300047
 11651 -1.4851614 -1.3773174
 3430 0.6826237 -0.47580007
 2759 -0.6410157 -0.73108757
 4328 0.48883063 0.3799837
 4873 -0.5566072 -0.51636064
 4176 0.92411494 1.4310261
 3505 0.48014572 0.5357399
 8816 -1.4700823 0.04070109
 4534 -1.0214131 -1.0137033
 6551 0.163591 0.09225564
 5784 -0.46580905 -0.48369843
 7388 -0.26335037 -0.21456367
 2015 1.2287823 0.7591499
 7617 0.65670097 -0.26405275
 195 -0.32275847 -0.45927203
 2564 -0.60689723 -0.5281663
 2149 0.05465338 0.040351793
 4069 -1.1639379 -0.69880176
 2183 0.4562666 0.35641074
 11755 -0.44937852 -0.29759625
 7374 1.1593453 0.28082228
 8430 0.30295923 0.21838692
 9486 0.41193676 0.24772978
 11732 -0.74195236 -0.66755867
 2614 0.1309463 0.28919566
 10870 0.20261897 0.029928394
 11772 1.2704599 -0.7616389
 6044 0.122485556 -0.5454036
 1249 0.85262287 0.8663093
 1058 -0.2805643 -0.22324099
 6339 -2.099569 -2.1213083
 4196 -0.9069357 -0.9262394
 9294 0.27313006 0.07865831
 591 -0.8132702 -1.0292939
 6447 -0.3279164 -0.61256635
 8623 1.2859447 1.2185622
 7155 -1.1448684 -1.200459
 374 -1.0613533 -1.0480067
 7702 -0.11219382 -0.16619086
 11421 -0.49832815 -0.5313794
 4828 0.12597263 0.73085225
 5533 1.2183821 1.2937186
 2494 -1.0306976 -0.6505928
 5698 -0.2061435 -0.5786848
 7813 -1.4123204 -1.2754273
 2246 -0.9768623 -0.96471906
 5447 -0.101033546 -0.63532054
 2344 -0.21805649 -0.20628156
 6886 2.0027564 1.623605
 3274 0.07938559 0.04728298
 11371 -0.96954757 -1.009555
 3084 -1.5339988 -1.5057118
 8179 -0.99039024 0.75502396
 437 -0.29697558 -0.11268324
 693 -0.8424815 -0.8518075
 11416 -0.18186831 -0.25074595
 4153 -0.69855165 -0.7140112
 7423 -1.09688 -1.2007774
 992 2.493792 1.1082743
 6402 1.1473416 -0.1833465
 9666 -0.18879113 -0.37235907
 10692 0.6760158 0.54550874
 11016 1.1628796 1.2276921
 8458 -0.5048521 0.6821221
 10331 -0.16742267 -0.09627773
 3020 2.3008597 1.7171376
 652 0.14040086 -0.06713459
 6672 -0.88335454 -0.83741915
 10706 -1.5064809 -1.1462494
 2646 -1.5220584 -0.7294885
 3035 -0.73905295 -0.6604911
 5661 0.3978482 0.26899928
 5855 -0.56880534 -0.57911384
 6145 1.9400766 1.6505126
 6433 0.8910521 0.9738742
 9219 -1.6583686 -1.3210732
 11301 -0.10767122 -0.13493541
 744 -0.6617254 -0.52915657
 5992 -0.005494126 0.1422836
 7720 0.06543548 0.36691162
 11547 1.0571154 0.97419703
 6929 0.49185243 0.44974563
 11579 0.524956 0.5367669
 5781 2.0284204 1.8856368
 11511 -0.66381663 -0.46061352
 2009 -0.029248107 0.051309496
 3482 -2.097118 -0.96817625
 6779 -0.6231004 0.5626792
 4322 -0.3448269 -0.82617235
 8867 0.75614923 0.58481205
 1513 -0.40118754 0.054845452
 3338 -0.54023856 -0.65932035
 10473 0.5517597 0.40243495
 9612 1.6352432 1.5040425
 2349 -0.24415061 -0.27139524
 7758 1.8064021 2.0225954
 9006 -1.5309271 -1.5331178
 5201 3.3102374 1.9712646
 8083 0.021608489 0.3727064
 6100 0.17602289 0.13958612
 10899 -1.8902677 -1.3541409
 6776 -0.49067923 -0.29580677
 11418 -0.57141227 -0.5795338
 4545 0.8921317 0.7399397
 1666 -0.16145243 0.5163206
 5290 0.702258 -0.06831345
 5067 -0.610718 -0.8925934
 10445 0.72792625 0.4174079
 3950 -0.08633853 -0.09624858
 8750 -0.61653286 -0.5063499
 1776 0.3813466 0.88480175
 3793 -0.50944215 -0.51751226
 5842 -0.060730305 -0.13491158
 8274 1.6917546 1.567985
 5236 -0.094602615 0.023688436
 2327 -1.3859887 -1.6177806
 11291 0.64822376 0.34519216
 10719 0.40558282 -0.1232703
 6016 -0.061249673 -0.18083468
 11553 -0.7634409 -0.79711235
 7141 0.17419203 0.30727068
 5320 -1.2054243 -1.2829577
 8776 -1.4730308 -1.4579744
 5483 0.47825435 0.46101895
 7822 -0.053857468 0.05619602
 7664 -1.0155827 -1.0096068
 5876 0.28496692 0.326657
 4756 -0.9846093 -1.0088748
 9556 -0.40334615 -0.42362663
 10613 -1.3133612 -0.9229381
 10424 -1.5429468 -1.5364739
 1946 -0.9956889 -0.7168044
 11384 -0.35689664 -0.4298736
 6369 -0.07196943 -0.4391652
 8801 1.0872239 1.0411558
 9795 0.49052396 0.092804536
 5062 1.4695796 1.2564737
 9702 0.68209606 0.5835382
 9737 -0.78018135 -0.90292037
 3306 1.3209282 1.31411
 3626 -2.5120513 -1.7251645
 7217 -0.058507968 -0.1353553
 9137 0.24625571 0.96573985
 6707 -0.4888186 -0.6757668
 5848 0.0829616 1.2960606
 2075 0.017918345 0.016326182
 6012 -0.4761676 -0.30630982
 4797 -1.2950696 -1.141406
 161 -0.08495277 0.09765741
 11813 -0.9681068 -0.83350456
 6215 0.31588116 -0.3092059
 2505 -0.8017432 -0.8162335
 3114 3.4139583 1.5386292
 6987 1.2556076 1.2195474
 6543 0.4788819 -0.19790693
 656 -0.08387277 -0.22263671
 8722 -0.8219047 -0.8180405
 788 0.4041526 0.5514734
 8884 0.36404878 -0.021642163
 6138 0.6475572 0.9348084
 6269 0.20187223 0.035483092
 5151 -0.76407945 -0.8059262
 8354 0.14590903 -0.28762946
 9987 0.44240403 0.54615355
 5704 -0.124497816 0.08871497
 7499 -0.9610043 -0.7289716
 3372 -0.42991197 -0.44421136
 5261 -0.53590345 -0.75467825
 6414 -0.54958266 -0.20782474
 8910 0.6094442 0.55548763
 3061 -0.38110855 -0.4081493
 7128 0.8503666 0.840996
 4921 0.42039245 0.45573106
 955 0.15583712 0.08543041
 733 -1.0636275 -1.1756285
 7647 -0.53054655 -0.47256818
 3936 1.209979 1.0899088
 8481 0.58932906 0.21940571
 9091 -0.89769655 -0.8405422
 4548 -1.2791516 -1.0305406
 11080 0.4761851 0.43234387
 2186 -0.7579589 -0.6925036
 747 0.055294685 0.47805217
 7858 -0.7484777 -0.6075617
 2132 -0.77141434 -0.7482858
 918 -0.56498957 -0.5313583
 8854 -0.58116245 -0.6106293
 2296 -1.6897888 -1.4797229
 9882 0.1527131 0.15576679
 4031 -1.0074896 -1.0673468
 11107 0.63777214 0.40801504
 3845 -1.3997207 -1.477791
 10534 0.3024023 0.7143047
 1703 0.14167842 -0.019673645
 5421 0.86800456 0.91091156
 5582 0.8455387 1.1327384
 1907 -0.96542376 -0.89475405
 10388 -0.079925925 -0.21330349
 1142 1.1602507 1.332753
 2519 0.24793622 0.54235685
 4697 0.650529 0.5443369
 3738 -0.71119213 -0.68412304
 7163 -2.515229 -1.8156613
 9597 1.3584049 1.3162956
 2213 0.54522794 0.49421045
 6054 1.1703098 1.0122312
 10311 -0.78059024 0.018481985
 11839 -0.5698211 -0.5901481
 2353 -0.03372533 -0.06673441
 11474 -0.7773988 -0.7117882
 8276 0.40528396 0.34111133
 10708 -0.7760681 -0.385193
 1144 0.6375384 0.46542153
 3033 -1.6036518 -0.46506098
 11194 0.05349683 0.13941532
 9693 0.57175344 0.41817173
 2654 0.31073925 0.55052006
 11199 2.842868 0.98115456
 11297 1.3697697 1.5540133
 11779 -1.4969883 -1.2819622
 5893 -0.31263828 -0.31503087
 70 -0.96731013 -0.9147042
 6981 -1.3478024 -1.0305953
 6120 -0.028962523 -0.64246833
 6477 -1.1036528 -0.93758214
 6609 -0.03346083 -0.6767603
 8852 0.18569978 0.1449404
 9108 -0.28942478 -0.23230456
 4086 -1.594287 -1.6031324
 153 2.3613846 1.4691111
 3098 0.058555305 -0.43524954
 10113 1.0333422 0.49592945
 806 0.28724656 0.47293416
 9480 -0.28508645 -0.15888429
 171 0.37311003 0.32668975
 4428 -1.2385811 -1.2338554
 10766 0.118236154 0.14819226
 3759 -0.27975383 -0.47326937
 4623 0.36412212 0.3909732
 10930 1.1031951 0.80554724
 6075 0.31849316 0.35867232
 3868 1.1447947 0.9539436
 11006 -0.40114215 -0.44872418
 6239 -0.7578475 -0.58330333
 3715 -0.8510284 -0.8213378
 4804 0.33032176 0.25451097
 4451 1.4911382 1.4557966
 8997 0.8469726 0.8431839
 10439 0.47693646 0.18875113
 10854 -0.32023358 -0.35411033
 7113 -1.1334248 -1.0451655
 7665 -0.7756133 -0.85629475
 7985 -1.296949 -1.2719991
 1045 0.3709413 0.1656945
 6806 0.16556121 0.12672596
 8215 -0.9442978 -0.8329761
 3514 -1.1588813 -1.15898
 1796 -0.6379907 -0.6501422
 10853 0.0454569 -0.26554996
 7495 0.3249039 0.77586865
 8136 -0.11875449 0.15774164
 7306 -2.4000993 -1.7225125
 6827 -0.38241363 -0.024694331
 5516 -0.05357922 -0.07676628
 11179 -1.4375838 -0.8217586
 7440 -0.19083652 -0.052365787
 3860 0.23839319 0.29931223
 8984 0.49089253 0.27896902
 3454 0.76203054 1.2821647
 10335 1.2426834 1.1615673
 10177 0.14895786 0.08611588
 7589 -1.2323716 -0.82480395
 5033 0.8340919 1.024798
 2986 0.108420834 0.10887712
 2603 -0.13398996 0.043859378
 3658 1.838053 1.1226466
 5323 -0.49270448 -0.4408515
 7626 1.0871505 1.1042665
 4367 -1.4189539 -1.3667499
 2960 -1.2251269 -1.010731
 9458 1.0320051 1.169745
 10553 0.7801164 0.9037317
 10556 0.12067898 0.030202053
 267 -1.3955121 -1.3012537
 4963 -0.27856797 -0.49216098
 6763 -0.60539776 -0.82997406
 2783 0.5454879 0.452526
