 9724 0.29956937 0.24375622
 5547 1.8010439 1.9588866
 6394 1.6375151 1.7166541
 5016 -1.406578 -1.3114879
 9985 -1.6290523 -1.6447444
 9602 -1.2808788 -1.217524
 1861 0.10183588 0.3295583
 2541 -0.5846931 -0.61019593
 9744 1.2635825 1.2561584
 1212 1.3320472 1.5098639
 2114 -0.83960545 -0.7009772
 9281 0.94433826 0.9841898
 1385 0.69411904 0.45982534
 6397 0.22444858 0.079834074
 3155 0.5577529 0.06986985
 3756 0.26660377 0.3623154
 9469 -0.07031643 0.27484375
 9789 -1.17095 -1.4814503
 5053 -0.5032537 -0.49427956
 4154 -0.20621318 -0.14796127
 8183 -0.760927 -0.68280894
 2606 0.41592255 0.41683918
 7357 -0.1107549 -0.1438054
 5814 -0.50019383 -0.47695625
 3263 -0.06797903 1.1240218
 9090 -0.2319933 -0.2974497
 2494 -1.0306976 -1.0792606
 4337 -0.6057384 -0.6347349
 4654 -0.7875364 -0.6997025
 6073 0.28768983 -0.8720086
 6566 -0.66156775 -0.7059856
 8835 -0.0017173445 -0.09464432
 5199 -1.5712541 -1.1699097
 5498 0.15452196 0.11543979
 9136 1.2035899 1.6900711
 6109 0.045466986 -0.06656353
 9611 -0.5134023 -0.32273012
 7096 0.39077184 0.67860806
 5441 -0.7239614 -0.8403846
 4453 0.33082005 0.43755424
 3675 1.1810181 1.2089126
 7215 0.32785693 0.32127732
 75 -0.035959125 -0.3255368
 1945 -0.31555006 -0.34596986
 6445 -0.074355416 -0.567066
 1124 -0.36934915 0.242131
 7392 -0.68997496 -0.6633387
 10852 1.6278294 1.1907198
 6246 0.021617657 0.3604569
 5807 -1.7181544 -1.2675238
 6656 0.39891124 0.3201578
 493 1.7661378 1.8585081
 1433 -0.058175165 0.006330833
 5120 0.46814978 1.1174355
 4476 1.8026125 1.7994967
 10054 -0.22076473 0.01766026
 9354 -0.32255217 -0.556039
 5931 0.8278535 0.91130435
 7991 -0.18678011 -0.1693252
 7782 -0.31653702 -0.4043094
 9625 -0.015010113 0.06258948
 7577 1.0838807 1.12008
 9110 -0.91037005 -0.9562405
 9108 -0.28942478 -0.15472125
 5724 1.6315389 0.18661252
 4445 2.2771778 1.2391841
 6309 0.45269105 0.42348686
 7321 -0.06634665 -0.09970048
 5524 -0.53551793 -0.28865245
 7741 1.7938286 1.6034408
 2967 1.3654273 1.2589154
 2400 -2.104742 -2.2356575
 9678 -1.2872607 -0.9930435
 4747 -1.7433033 -1.7723131
 3934 -0.88902223 -0.831933
 8915 0.57124275 0.55239666
 5966 -0.021657413 -0.009774424
 6952 0.02544257 -0.045720637
 3764 0.051621962 -0.14473741
 776 -0.4969612 -0.47072095
 2393 -0.335938 -0.23574093
 114 0.46152678 0.3052807
 11716 0.6010953 0.37826538
 2759 -0.6410157 -0.7076123
 8126 1.1824346 1.417337
 5553 1.3280449 1.1121681
 8840 2.4726105 1.4783785
 2946 -0.49099553 -0.8667914
 4119 0.18434611 0.19233423
 10552 0.63273245 0.3631334
 1310 -1.1085349 -1.2979643
 6747 -1.8996581 -1.7682886
 4441 0.8276344 0.8764031
 3230 -0.0104911765 0.030774578
 9855 0.4442835 0.5015101
 2554 -0.69796354 -0.94263035
 10994 -0.9380626 -0.768467
 8958 -1.1637385 -1.3004661
 8139 -0.2566893 0.16083547
 7636 -1.0495632 -0.81700724
 6709 0.11968563 0.040162854
 4045 -0.68124145 -0.27548277
 779 -0.36588043 -0.76151365
 9526 -0.45629993 -0.5676527
 4855 -0.3903683 -0.48830634
 11676 2.7011979 2.5207543
 4385 -0.7103212 -0.45475483
 6822 0.5355511 -0.6150119
 9009 0.18728264 -0.027662963
 9219 -1.6583686 -1.6905024
 2318 1.138901 1.053709
 1632 -0.48662055 -0.560975
 6889 0.20139411 0.2620918
 7222 2.1384697 1.7935724
 1605 -0.32906836 -0.07929009
 7647 -0.53054655 -0.5484858
 8760 -0.98525244 -0.985272
 6102 0.18169516 0.24063446
 6612 -0.7807855 -0.77719
 342 -0.5298021 -0.5560784
 7373 1.8706468 -0.10545571
 9333 0.6082698 1.1257663
 11683 -0.009701807 0.5756778
 9677 0.07393656 -0.25950074
 6966 2.0535648 1.1193795
 5449 -0.99245214 -0.8604851
 6673 -1.3162106 -1.3281162
 1916 -0.7444901 -0.8336986
 8829 -0.02051324 -0.056588173
 9171 1.3855869 1.6611619
 1440 -0.8708493 -1.0287786
 10545 -0.5228023 -0.47815055
 7015 -1.1346968 -1.0751204
 9438 0.81570953 0.82782644
 5910 -0.9985645 -0.8771046
 10125 0.054552075 -0.08625366
 11703 1.3746008 1.3434672
 1556 0.3896249 0.952421
 9582 -0.95275354 -0.68622524
 1422 1.4538325 1.4186585
 312 -0.19071412 -0.21679801
 7538 -0.567927 -0.55312175
 10189 1.0758523 1.1130407
 3059 -0.961983 -0.8230698
 3689 0.01225936 0.2963538
 1902 2.7341092 2.8740482
 7042 -0.23462959 -0.23148465
 1284 1.0659076 1.0713382
 9862 -1.7851357 -1.6888964
 5089 0.44781 0.5459804
 1500 -0.6602425 -0.5771471
 84 -1.7074548 -1.7180264
 11763 0.080085576 0.16403395
 9138 1.1229215 0.6802761
 1153 -0.69874513 -0.62753
 10618 -0.06934782 0.053972617
 10381 0.05011565 -0.1099903
 9130 0.65207434 -1.1762359
 8143 -0.949657 -0.95031995
 1361 0.21749277 -0.4476533
 10860 1.0456091 -0.65202934
 5876 0.28496692 0.3131333
 3087 -0.30957982 -0.52281487
 7823 -1.0088056 -0.8373953
 5643 -0.8105001 -0.45443445
 5590 -1.3922675 -1.4978895
 212 -0.5131566 -0.5448854
 144 0.19021137 -0.8501216
 8181 0.90863514 -0.38274932
 1930 0.3618191 0.32367063
 5999 1.9358524 1.9878793
 9485 -0.12619162 0.47567225
 2255 -0.54026467 -0.61943537
 8586 -0.44433334 -0.22808355
 10045 -0.9928106 -0.85314226
 6925 0.48036346 0.37404555
 10390 -1.1716061 -1.1486084
 3853 -2.0848033 -1.9698315
 6159 -0.20338805 -0.1904042
 5713 0.9594642 0.99490947
 5276 0.48584458 0.67990404
 3007 -1.8719939 -1.8299541
 1570 0.28323644 0.03839118
 3278 -0.268159 -0.05330278
 858 0.1829984 0.23935004
 1845 -0.79184216 -0.73162234
 4865 0.16402969 0.033572644
 10813 1.8637148 1.8944144
 9464 3.4866574 2.7420626
 7635 -0.6798227 -0.7835608
 9285 2.7812881 0.9149758
 6290 -1.1735791 -1.2085075
 1634 -1.0408229 -1.0073009
 2252 -0.75527763 -0.8530482
 2098 0.015072121 0.10495116
 3114 3.4139583 1.6008694
 5152 -1.4609358 -1.4759743
 11860 -1.7270542 -1.6176903
 32 1.6498364 1.5167289
 10407 1.1259749 1.2818656
 3281 -0.06413119 0.08815861
 9326 -0.0053685238 0.26083288
 1761 0.10703875 -0.0801855
 10153 -1.6662554 -1.8577809
 1904 0.20461164 0.07554414
 2536 -0.9407356 -0.877161
 10990 -0.68980396 -0.69754976
 1315 0.2105168 0.08643247
 9278 0.20557612 -0.26135015
 8717 -0.2580086 -0.70954186
 10169 -1.4996369 -0.9401551
 3964 0.0561574 0.061053187
 3092 0.42036402 0.68363994
 1801 0.29245356 0.4546967
 2839 -0.46040264 -0.38854825
 2253 -0.41653028 -0.46726495
 713 -0.97577864 0.77256817
 551 -0.0048234826 0.028924756
 9977 -0.15337215 -0.15248826
 1953 0.008349642 -0.030970737
 124 -0.8314954 -0.7527811
 9243 0.15855499 0.07113665
 1976 -0.7831275 -0.3670423
 3720 -1.361285 -0.99115306
 4776 -0.7932128 -0.71131873
 6214 -1.1170603 -1.3298097
 6486 -0.027078945 1.2156281
 8610 0.5579848 0.43197083
 9573 -0.39263648 -0.39844504
 451 -1.1823708 -0.9861291
 1002 0.21473455 0.48617256
 4496 -1.2011378 -1.0967891
 9920 -1.739026 -1.455245
 5552 2.9870467 2.6941123
 5803 0.11621231 -0.07304615
 10763 -0.87285435 -0.6088606
 10651 0.9053676 0.73999196
 475 0.9308727 0.91880006
 335 -0.056383725 0.03890097
 1413 -0.17865033 -0.35572368
 6084 0.03674083 0.0666728
 11693 -0.24213043 -0.123396456
 1738 0.22970784 0.4356101
 8436 -1.2870274 -1.2963309
 506 0.64440477 0.40555876
 3280 -0.65838134 -0.34765887
 10609 0.6771467 1.0491047
 3996 -0.068551116 0.08253211
 4021 0.01872605 0.17064072
 4075 0.49354026 0.31775755
 10981 0.120975114 0.53819555
 6075 0.31849316 0.39158157
 8830 0.24311566 0.23042502
 3179 -1.8056108 -2.012621
 6567 -0.034205735 -0.29338193
 4437 -0.44307685 -0.33806473
 9165 -0.53989154 -0.6161652
 8385 0.64890677 0.09823566
 7237 0.6952568 -0.9972467
 11720 -1.1185721 -0.9821201
 3968 -0.91982 -0.6955078
 6067 -0.77077353 -0.67089856
 9252 2.0216043 1.5797453
 11145 1.317298 0.3595509
 4547 -2.162556 -1.2498517
 1650 -0.50340956 -0.61319846
 2104 0.90095365 0.7621048
 11010 0.23108487 0.22363108
 3885 0.33816 0.3257078
 9798 0.02381799 0.87908643
 6038 -0.75381076 0.17465463
 11380 0.25193167 0.17314468
 4872 -0.5060779 -0.41034025
 1164 -0.31458423 0.058144804
 7668 0.63889664 0.22437644
 9287 1.1681128 1.3701487
 8231 0.5544753 0.309377
 9583 -0.41248122 -0.52310616
 679 1.1835874 1.6840539
 11559 0.32067055 0.30848563
 6587 -1.2408973 -0.43420815
 10006 1.3068281 1.3699162
 4802 -0.97351736 -0.7549167
 11593 0.60160553 0.5670026
 4249 1.4939382 1.5836658
 149 -0.7521926 -0.83364195
 10260 0.56634563 0.5503179
 6263 0.20146334 0.20218314
 2507 -1.6975299 -1.4814689
 1478 1.3277717 1.3199859
 8569 -0.15719524 -0.3483861
 1587 -0.97825354 -0.9559372
 6857 0.89272076 0.7600121
 719 -0.6059575 -0.5736058
 7329 -1.0065998 -0.2213735
 9141 0.4968183 1.3907437
 9671 -1.7208164 -1.7823615
 4545 0.8921317 0.88453597
 9042 -0.48952636 -0.77954096
 5456 0.09072648 0.2577348
 11159 -0.54976875 -0.685099
 6880 0.14225739 -0.19513577
 2371 -1.5259937 -1.5289505
 2948 0.10478937 0.08235044
 9889 -0.7675019 -1.1136329
 1183 -1.7327238 -1.7241597
 11466 -0.5216774 -0.45294708
 7567 0.5676851 0.18562227
 5512 -1.3300169 -1.4010384
 7731 0.027562225 -0.117361605
 8440 -0.2765377 -0.22178233
 8517 0.45681578 0.627382
 10055 -0.36858636 -0.11373614
 146 -0.09600441 -0.27250427
 235 1.1953973 1.3514922
 7200 0.51609915 1.1084256
 8790 0.2554797 0.30479062
 7649 -0.24980271 -0.25980836
 2088 -0.6868326 -0.5509811
 11086 -0.69408363 -0.6056513
 7971 0.052240804 0.092227355
 4170 -0.82659507 -0.99732643
 11007 -0.5418398 -0.43356037
 2131 0.05732587 -0.13413297
 604 -0.5019647 -0.3988772
 1666 -0.16145243 0.03836175
 4 -0.3591726 -0.3423596
 9986 -0.6672208 -0.7294994
 86 0.8303147 1.1214743
 3859 -0.9414273 -1.0926275
 2487 -0.37764305 -0.4647236
 7558 -0.6118956 -0.6528975
 1927 -0.6720977 -0.6256607
 523 -0.97651577 -1.2551937
 6642 0.7267766 0.6367685
 988 0.825236 0.9545001
 3463 0.19928226 0.11573318
 2396 0.030166412 -0.030632913
 7769 -0.17109494 -0.07059829
 1302 0.48441666 0.87812537
 142 2.2260892 1.5607677
 1148 2.040438 1.9954414
 11591 2.414733 0.4390034
 3377 -0.4378758 -0.75444794
 5041 1.0831835 0.5133153
 4390 -0.27100798 -0.55467576
 4265 -1.7130102 -1.5393081
 6629 -2.224922 -2.1727672
 1067 0.67727137 1.0046399
 9803 -0.85301006 -0.1708498
 7990 -0.064875185 0.21861088
 589 -0.6795839 0.56365585
 3162 -0.3115441 -0.38522092
 1162 1.0875658 0.96445245
 5991 0.112827465 0.39276135
 639 -0.3805713 -0.25421306
 7167 -1.3027134 -1.2840896
 9569 0.10726199 0.2715716
 3620 -0.0113571 -0.17834175
 9502 0.5226259 0.700314
 974 -0.6499243 -0.7064424
 7607 1.33281 0.8295696
 7938 1.9628468 1.7858212
 1329 -0.75024486 -0.65923715
 6186 -0.939893 -0.884898
 3539 0.49929917 0.7562593
 6779 -0.6231004 1.2554219
 3191 2.9317062 2.4777088
 8216 -1.2234652 -1.2502186
 10433 0.3186999 -0.0390544
 10360 0.4953083 0.5893405
 8017 -1.499608 -1.499943
 4081 -0.16330391 -0.090592235
 7666 0.45115998 0.22169375
 765 1.0763267 1.3312914
 5211 -0.13695583 -0.08572902
 4379 -0.26260912 -0.23523128
 4377 -0.25793982 -0.17920297
 3353 -0.60961556 -0.5266892
 7302 -1.5914894 -1.5056756
 4002 -0.6854588 -0.6567032
 9472 1.051871 0.7495956
 1626 -0.7488806 -0.83180964
 10882 -0.26998115 -0.26930165
 3340 -0.25373948 -0.2201674
 11153 1.1619041 0.8855542
 8626 0.107820325 0.122424394
 2418 0.615987 0.56654346
 7485 0.4589565 0.52869457
 9317 0.46445552 1.6115315
 11058 0.08361482 -0.12586774
 1196 -0.092177205 -0.22525275
 6499 -0.36404955 -1.3203785
 6956 -0.33484837 -0.0010870621
 11269 0.24052155 0.12875295
 5350 0.46134615 -0.30461806
 4788 -0.41672555 -0.59123206
 2347 0.5789866 0.45922196
 7757 1.6186339 1.3667862
 4098 -0.020859335 -0.06279063
 5417 0.48561677 0.6251942
 1098 -0.6299741 -0.7645362
 937 0.07425469 0.2724806
 7723 0.8759111 0.8110983
 5496 -0.83600056 -0.67175394
 2816 0.12787683 0.0985152
 8107 0.09919089 0.34189138
 4100 -0.7633469 -0.75138766
 8215 -0.9442978 -0.6765452
 9732 0.5470565 0.09586397
 3068 0.1500154 0.2882726
 4071 -1.2863957 -0.9551042
 11746 -0.23387092 -0.16293398
 7171 -0.23903759 -0.0730163
 4826 0.5979589 0.4864497
 698 2.4344678 1.9983277
 9763 -0.47339287 -0.34120125
 8473 -0.5562712 -0.84085184
 383 -1.0423998 -1.0977869
 3268 -0.1926582 -0.12860377
 5605 -1.2497147 -0.79699296
 3678 -1.0716206 -1.1915104
 3793 -0.50944215 -0.50420564
 5899 -1.2329335 -1.4207685
 5454 -1.849302 -1.7736571
 10658 0.6759516 0.7439371
 1584 -0.16575408 -0.0705947
 9893 -0.5957328 -0.4856984
 593 -1.7120874 -1.6670439
 1442 0.38963452 0.13920543
 1762 0.29680747 0.19202194
 6731 -1.440746 -1.0561502
 6768 0.5741266 0.69435877
 1312 0.4752463 0.06223172
 9488 -0.678987 -0.65152293
 961 -0.51103693 -0.41723096
 5241 -0.09345477 -0.111290276
 478 2.2082307 1.7789204
 168 -0.45821744 -0.50387156
 8846 -1.994884 -1.2494459
 2556 -1.8342385 -1.571718
 11 -0.9836769 -1.0660093
 7132 -0.66104376 -0.4557665
 4448 0.34750134 0.16752172
 4932 1.3928443 0.76639783
 10953 -1.1682203 -1.1905091
 8782 -0.021827482 -0.2794192
 9362 -0.4908296 -0.030306518
 1656 0.794281 0.6809893
 2741 -0.5221431 -0.75096726
 4741 -0.46533552 -0.78754634
 123 -0.21451531 -0.22012517
 6007 1.8420953 1.8086317
 10247 -0.58264726 -0.42140815
 3176 -1.1070853 -0.88716644
 9103 0.62789446 0.46455818
 8511 1.5718025 0.9574839
 1540 0.44857138 0.21298805
 5299 -1.0472877 -1.0582635
 878 -0.6378041 -0.63380367
 2561 -0.8606246 -0.6241174
 3722 0.45542267 0.4368872
 6070 -0.5676951 -0.52598053
 11226 -0.23089406 -0.05297844
 4339 -0.21730974 -0.20074514
 348 -1.2878305 -1.2040215
 1414 -0.7432318 -0.6733653
 10647 0.12466113 -0.05918634
 11646 -0.15617117 -0.18473539
 9075 0.39899144 0.6247378
 460 0.11156318 -0.250373
 5692 0.8456904 1.0760651
 4981 -0.63669205 -0.47761017
 6017 -1.276673 -1.1510231
 675 0.22429363 0.29940504
 2629 2.1232831 1.7848425
 9414 -1.0706873 -1.1624918
 2454 -1.9227029 -1.8316755
 6932 0.5917242 0.23176546
 1123 -1.1571957 -1.0975137
 3399 1.7147573 1.6655161
 290 -0.541446 -0.48787463
 35 2.6158175 2.1600134
 3159 0.635531 -0.07976109
 1706 -0.66126245 -0.5819889
 10305 0.9138224 0.32877234
 5145 0.20080782 0.22151098
 2961 -1.3180681 -1.2065041
 2852 -0.5955045 -0.43964618
 4504 0.7527534 0.25441742
 2970 -1.1688612 -1.1595037
 1458 -1.39856 -1.359617
 7869 -1.787701 -1.6172986
 321 -0.32964596 -0.28964233
 6801 0.1420809 0.3489527
 7144 0.6672681 0.70154536
 10954 -1.1683047 -1.0861385
 6526 0.85660547 0.8374167
 193 -0.5050717 -0.44353622
 518 -1.1640786 -0.68748784
 5712 -0.09595765 -0.18062642
 8834 0.47674713 0.12862876
 8073 0.66934097 0.5006568
 853 -0.51716393 -0.96719915
 7123 -0.6948377 -0.9750708
 7365 0.56895536 0.474344
 11558 -0.48082632 -0.7030801
 4473 1.4221848 1.4227557
 1133 0.4994587 0.52573824
 2365 0.09737791 0.54381585
 10135 1.5572945 1.4258852
 7520 1.7003534 1.7023971
 5818 0.337956 0.41502717
 8211 0.70081264 0.2966836
 1303 -1.1605686 -1.1078694
 1905 -0.6706519 -0.7242375
 10680 -0.22432606 0.55867285
 7876 0.57981217 0.60910213
 10161 -1.0745103 -1.1807327
 5239 -0.68495405 -0.73759496
 6542 1.4874573 1.3112712
 11778 0.10472336 0.17663786
 9902 1.0122613 0.03523101
 11853 -0.56017494 -0.21478829
 9998 1.4758124 1.0532045
 1984 -0.28302866 -0.2089324
 4426 1.4318626 1.551085
 9924 -1.7185578 -1.9345837
 8204 -0.49574184 -0.7842681
 125 0.11061934 0.04927059
 11088 -0.71771336 0.046184536
 6904 -0.09401861 0.020400204
 8091 -0.33846977 0.16501641
 6215 0.31588116 -0.26516995
 11765 -0.4556591 -0.369902
 6993 -0.5365209 -0.60517853
 7230 -0.7276777 -0.80334127
 8450 -1.0326926 -0.57356435
 5399 -0.054953508 0.14662282
 11539 -1.001684 -1.1628542
 9004 -0.27974835 -0.1418956
 1545 -0.76231873 -0.9147901
 8494 -1.4544879 -1.1680119
 1038 -0.48946494 -0.54997414
 199 -1.0262864 -1.0847614
 613 -1.0725704 -1.1140137
 4327 -0.93468374 -0.56329095
 2029 0.23345114 0.26585728
 8023 1.3814442 1.0375254
 5247 0.27378693 1.1239552
 224 -0.11020298 0.036373816
 5873 -0.5304338 -0.5924974
 4185 -0.98515755 -0.99257284
 3543 -0.3505959 0.14801459
 5213 -0.12371028 -0.16020522
 4030 0.5412027 0.526513
 2361 -1.7230983 -1.4017878
 7475 0.7925203 0.8198202
 4039 -0.21632189 -0.3284248
 11764 -0.59992445 -0.63680923
 9665 -0.09514674 -0.34697777
 11718 -0.907566 -0.86402774
 2743 -0.6528906 -0.54548174
 11204 -0.60314196 -0.098140225
 11579 0.524956 0.48758572
 4350 -1.404086 -1.3646104
 990 0.3158752 0.29490536
 2863 -1.226663 -0.42610815
 299 -0.99767333 -0.9695011
 9646 -0.46546984 -0.35275203
 7287 2.5124307 2.9001684
 1739 -0.022053933 0.13851905
 5690 -0.4993632 -0.46685427
 3326 -0.20019756 -0.25522637
 11645 -0.1489857 -0.25003818
 7557 -1.512249 -1.5644825
 5037 0.43000975 0.3910172
 10879 -0.68614453 -0.765847
 10827 1.8800958 1.7456026
 4066 -2.0947795 -1.8135946
 2806 -0.5957475 -0.3680374
 5906 -1.051934 -1.0966284
 3504 -1.6355735 -1.567193
 5769 2.203428 1.6094193
 6606 -0.97641903 -0.8027364
 4768 2.5405688 1.8247962
 2619 -0.8877089 -0.9000589
 11299 0.2916738 0.43029255
 8343 1.4006665 1.4505277
 472 0.21987142 0.13169046
 904 0.3774135 0.029686153
 9739 -0.7303671 -0.5520194
 1381 -0.8949677 -0.8659984
 8608 0.013504383 -0.06292817
 2687 0.16457702 -0.15858616
 886 -0.14155224 -0.39345828
 6811 -0.610839 -0.6084978
 7347 1.2747037 0.65363544
 8016 -0.2048178 -0.27031833
 5527 -0.11529263 0.0023783892
 1229 1.0804399 0.5801842
 6121 1.0149685 1.2264125
 8384 -0.7543508 -0.7683219
 9626 0.81111723 0.83756286
 3950 -0.08633853 -0.13135843
 10790 -0.72887367 -0.76587063
 1625 -0.5987757 -0.85055596
 3570 -0.09660171 -0.0039935634
 4001 2.0615919 1.7772744
 10761 0.6383832 1.5656269
 6729 1.1865392 0.70749444
 11734 -1.1235664 -1.1966889
 1331 -0.30371228 -0.9445831
 6465 -0.6213085 -0.9414235
 4123 0.9461705 0.9486976
 5017 -1.0223312 -0.7746919
 9867 -0.6916958 -0.27056244
 3800 0.21162017 0.34279436
 7372 1.8376225 2.3879142
 8672 -0.86915094 -0.70622
 11368 -0.39927873 -0.16728413
 3290 -0.3354874 -0.39309013
 6720 0.5377367 0.51225936
 4789 -1.2934877 -1.3065805
 9566 1.2388191 1.1085076
 3687 -0.401166 -0.5793362
 9357 1.94902 1.1386487
 7569 -1.4422508 -0.9483505
 1152 -1.011518 -0.8462229
 8868 -0.1539855 -0.028880514
 1405 0.39213008 -0.039444998
 1082 -1.1619415 -1.8670433
 8664 1.0443971 0.73851293
 10160 0.050473202 0.0008074641
 10945 2.7295413 2.690824
 2890 1.1116984 0.5428982
 6897 0.677931 -0.34793898
 1178 -0.37878904 -0.26866457
 2788 -1.4120893 -1.0776248
 4542 -0.78577065 -0.7233786
 1275 0.100531265 0.08658066
 6782 0.48624158 0.3553919
 7548 1.3636554 1.4397147
 6928 -0.9167519 -0.9497284
 1604 -1.6502837 -1.6058156
 4827 -1.6540647 -1.8331621
 10867 0.19883898 0.031862535
 6648 0.24425478 0.1881046
 11349 0.849426 0.6523937
 1929 -0.76823854 -0.8690678
 9497 -0.5542263 -0.7759877
 508 0.9790724 0.7119227
 10286 0.8030072 0.68955165
 6963 1.0096827 0.9567795
 2051 1.8847601 1.548655
 930 -0.8308422 -0.78659964
 6651 -0.5503491 -0.14233136
 6560 -0.058716998 -0.05389622
 3505 0.48014572 0.5336797
 3462 1.2221704 1.1753843
 543 -1.3058498 -1.1288493
 214 2.1574233 2.172958
 8350 0.5629837 0.3546818
 5676 -0.31407952 -0.08135593
 5499 0.16721834 0.19129573
 8332 2.462985 0.80893964
 5994 1.1645372 1.2077942
 11117 -1.8783548 -1.8648872
 7714 0.13702288 0.3069762
 6692 1.6334201 1.1206415
 7994 0.31576565 0.39521903
 200 0.007835314 0.00650841
 11304 -1.215571 -0.78190297
 11761 1.0744816 0.60074615
 7961 0.2848647 0.2178309
 252 -0.9655384 -1.0347791
 6790 -0.17118661 -0.051254205
 375 -0.012592495 -0.046395257
 6002 -1.2045653 -0.88495076
 9917 -0.5189595 -0.6695068
 9617 -2.3998811 -2.17825
 2049 1.7480428 1.6047947
 187 0.10511896 0.084861755
 8964 -1.0043674 -0.89496064
 10611 0.3412327 0.18964334
 11788 0.35944963 0.44486114
 3238 0.07713713 0.11099259
 5848 0.0829616 0.13922033
 4458 -0.39260945 -0.13552365
 11342 1.0524498 1.4615164
 3899 -0.4349842 -0.389191
 2767 -0.018509561 -0.09679532
 4585 -1.2506783 -1.2295718
 5629 1.1701137 -0.32196942
 6763 -0.60539776 -0.5418574
 9024 1.0164304 0.87631166
 8250 1.6143245 1.2845695
 7739 1.5311848 1.0958555
 11421 -0.49832815 -0.56437045
 2414 -0.07726398 -0.6169112
 8851 0.98708206 1.2602072
 8645 0.6079512 0.8676899
 9203 -0.12081914 -0.11963686
 1501 -0.6902665 -0.8218985
 3074 -0.040324956 0.03417828
 11393 -0.2727412 -0.054716125
 3564 0.90498257 0.9134409
 11680 0.90274006 0.1815149
 6555 1.2871797 0.542706
 7703 -0.103660196 0.17303455
 489 0.1269371 0.30789137
 1137 0.108349785 -0.1657632
 1681 -0.9152548 -1.044112
 481 0.48271462 0.39434326
 10450 0.15331864 0.17015228
 8594 -1.0089551 -0.7525679
 2047 1.2613853 1.1742017
 5561 1.1097461 0.25706303
 436 -1.4092394 -1.3770773
 7698 -0.4094278 -0.493046
 10970 0.4998103 0.4987179
 5926 0.42408168 0.42763054
 5134 1.7037625 1.7264495
 2218 -0.48869985 -0.56414694
 8046 -0.90504616 -0.5518599
 5 -0.40842617 -0.42922276
 4472 -0.99884915 -1.0111711
 2222 -0.12635389 0.001758486
 9056 -0.2332915 -0.038424097
 9344 -0.39874607 -0.2648191
 365 -1.1194888 -1.1547613
 7967 0.07133054 0.4533569
 7555 -0.87159467 -0.91115785
 2331 -0.67281646 -0.6038947
 4307 0.6319477 0.17625892
 6411 -0.36207706 -0.17843887
 1995 -1.1376265 -1.1197417
 11807 0.846709 0.6628818
 1808 0.24447894 0.20190473
 2197 -0.95323074 -0.97344893
 9594 1.1571312 0.88161963
 2886 -0.004324282 0.042402927
 8716 -0.8762736 -0.9057194
 4147 0.44980678 0.43022156
 7368 0.23498267 0.3428128
 3537 -0.555777 -0.56948763
 291 -0.13910162 -0.023063503
 10906 -0.7735817 -0.63482094
 95 -1.1279694 -1.0570667
 3124 0.5109591 0.37843084
 802 -1.509455 -1.6116478
 7245 -0.087258995 0.6017682
 522 -1.4160284 -1.2677336
 1960 1.5125227 1.4689691
 9207 0.34965858 0.4166903
 5889 0.7097501 0.04026729
 2542 -0.5640031 -0.6847637
 10523 -0.6239168 -0.41021848
 3015 1.6816056 1.5320947
 4024 0.41791067 0.23413411
 1818 0.9525331 0.24126296
 9105 -0.98226273 -1.0664244
 11708 0.063632116 -0.23191676
 5776 1.0664362 1.1052439
 9181 -0.6672675 -0.5539364
 10659 0.18350448 0.4185664
 4446 0.45767024 0.7818647
 1684 -0.8214284 -0.5358714
 8322 -0.20849282 0.1988492
 10664 1.2031461 0.9980915
 226 1.7360194 0.22779232
 832 -1.3269428 -1.4211867
 5504 -0.28380063 -0.1857394
 9728 -0.5325704 -0.5129626
 3273 -0.02243349 -0.28529468
 4194 0.843376 0.6519147
 1799 1.0444498 1.3920906
 6528 2.3109753 1.8217084
 1193 0.38809842 -0.38563365
 5521 -1.4657257 -1.459151
 7908 0.53288543 1.3996961
 2553 -1.4405001 -1.3425887
 5935 1.2181253 1.2012289
 10660 0.19593316 0.09507096
 3472 -0.87311286 -0.8642573
 1896 0.57143945 0.99082625
 4986 0.75616753 0.6324094
 9224 1.9737086 1.7108002
 2596 -0.04933074 -0.11515933
 6863 1.3635116 1.2366452
 7229 -1.2980373 -1.3464596
 8396 0.12745923 0.114097916
 3482 -2.097118 -1.3561733
 3497 -0.09205389 -0.114014715
 11040 0.3107365 0.3720881
 9292 0.48793536 0.6901008
 11031 -1.07167 -0.91824937
 5924 -0.35642266 -0.4340269
 11256 -0.5472819 -0.26809978
 6326 -0.5959386 -0.54824245
 4036 -0.6004278 -0.41268355
 5428 -0.61118925 -0.5679651
 5248 1.5814258 1.1023383
 6297 -0.26545304 -0.41826966
 5269 -1.4462624 -1.5004756
 2467 -0.5948747 -0.71872693
 10484 0.29424593 0.22254732
 700 -1.454289 -1.5705342
 4977 -0.8556968 -0.86296016
 1885 0.8626399 0.873025
 10303 0.6869643 -0.6878006
 6464 -1.2910141 -1.2738533
 4465 1.8054276 1.9134433
 1947 -0.9561581 -0.55259264
 5140 -0.58947605 -0.59560645
 4997 0.7208907 0.7897208
 10950 -1.0674744 -0.9301
 1419 -0.035589654 0.07844862
 5331 0.62446886 0.59685427
 106 -1.0300375 -0.89767
 2611 -0.2065249 0.121469155
 5630 -0.84400475 -0.83719325
 5795 -0.12271738 -0.100915775
 1833 -0.41979685 -0.568717
 3013 -1.298762 -1.3039329
 11865 2.0266056 1.8439112
 11769 -0.23067494 0.10015656
 1981 0.21237928 0.08555657
 457 1.0147086 0.7658618
 1988 -1.5533956 -1.3223286
 4382 0.65281695 0.21115656
 6941 0.152334 0.1347217
 8272 -0.3909569 -0.019052885
 2349 -0.24415061 -0.23079649
 6463 -1.1451548 -1.143729
 11097 -0.5206496 -0.06169772
 4522 -0.70102525 -0.70094544
 2991 1.8209742 1.9159775
 3253 0.67061853 0.69483805
 6990 -0.30902976 -0.37196815
 3224 1.4516582 1.3929429
 9177 -1.2483492 -1.1798222
 9213 -1.012499 -0.97038704
 2531 -0.093946636 -0.06556213
 9316 0.3041309 0.24188986
 7151 -1.0430402 -0.25647807
 11700 0.20341018 0.30150104
 6091 0.109191865 0.13912855
 7327 -0.8890066 -0.7604594
 806 0.28724656 0.5437901
 3308 -1.027399 -1.0232852
 4667 -1.3150192 -1.3163717
 2118 -1.1814929 -1.1785996
 9825 1.1815063 1.0980604
 5693 -1.3375553 -1.3017459
 4813 0.09607329 0.11198292
 919 1.1777185 1.3765514
 6628 -0.7116001 -0.67122513
 1664 -0.04990237 -0.25333852
 9509 0.023507193 -0.3842486
 488 2.042948 1.9248829
 4916 0.046204098 0.07793428
 9538 -0.20823658 -0.0010969639
 7482 2.7193592 2.5792813
 1270 -0.3926264 -0.42078847
 10039 0.5118351 0.07348463
 9346 -0.29383278 0.08107484
 2514 -0.9432389 -0.7495836
 7665 -0.7756133 -0.8886529
 40 -1.3576453 -1.1810439
 4641 -0.17594759 -0.15055093
 9782 -0.8467309 -0.84818363
 3237 1.2790636 1.3020701
 2989 -0.86217266 -0.5988201
 396 -1.1806906 -1.1746674
 920 0.3371694 0.3873027
 8555 0.33714876 -1.6367524
 11443 0.22340709 0.5240414
 2182 0.3430264 0.37091964
 7549 -0.61915535 -0.5727581
 1765 0.644496 0.5277189
 7191 1.0445855 1.0630057
 10147 -0.5482414 -0.58492446
 8689 1.5080354 -1.0270588
 11278 -0.124051794 0.1071464
 11242 0.9669765 1.0107821
 6115 0.99122417 0.70301074
 3710 -0.9471706 -0.79103655
 7331 0.15247564 0.44806668
 7999 0.69396317 0.5142822
 2905 0.24858165 0.31158477
 9689 -0.6589191 -0.5997686
 11439 -0.6112484 -0.6767927
 122 -0.2672248 -0.17551494
 5788 -0.3812479 -0.36733848
 8850 -1.0429016 -1.1136801
 3833 -0.11829013 -0.47827625
 3360 0.14478777 0.25637382
 7672 -0.012128592 -0.08842072
 10155 -0.8121109 -0.8008611
 6769 1.3614473 1.4467604
 9086 0.5421878 0.56613004
 796 1.9832764 1.7935979
 11569 0.49219942 0.60452497
 4190 0.6116661 1.0843546
 9510 0.8404839 0.513646
 4550 -0.6207162 -0.5367841
 9944 0.027712582 -0.153878
 7041 2.3823974 1.4265926
 7343 0.38044125 0.41756302
 2071 -0.38694128 -0.3713697
 10244 -0.6622448 -0.4759274
 901 -0.18098773 -0.05418691
 8180 -0.47485837 -0.46897167
 7072 -0.3831081 -0.7603778
 824 -0.5577734 -0.46701443
 4693 -1.0307654 -0.73708564
 163 0.7514217 0.7739727
 2811 0.8425334 0.5333444
 6485 0.043898787 0.17065756
 11754 -0.42354476 -0.37568852
 10413 1.0571802 0.9792395
 5231 0.22269976 0.1727142
 9561 -0.74001056 -0.31785864
 10628 0.05174023 0.3908164
 6357 -0.019311307 -0.40944046
 4856 0.19037044 0.19115949
 5255 0.76774496 1.3416257
 7044 0.0028712687 -0.008728318
 6048 -0.6524831 -0.6546777
 6414 -0.54958266 -0.34124842
 5412 1.7732925 1.5404067
 6014 -1.2559769 -1.2078857
 2916 0.25196376 0.3811109
 7494 0.56511945 0.4956171
 10033 0.59933096 0.53179777
 11407 0.35472164 0.41329905
 9163 -0.09546028 0.18875283
 11075 -0.5074348 -0.5705945
 697 -0.92647284 -0.6552209
 5878 -0.48629692 -0.05737865
 4540 -0.21034569 -0.1814481
 450 -0.72981614 -0.04833518
 9520 1.7061691 1.0963366
 9961 0.26613665 0.1943661
 7461 -1.7018765 -1.6798215
 4684 -0.29672667 -0.68026996
 4231 -1.1678101 -1.1450739
 6684 2.3010504 2.2955303
 7338 -0.74332345 -0.7261376
 10604 -1.2386842 -1.2464161
 11673 0.34157327 0.08158496
 8174 2.1464014 1.6910706
 2286 -0.8716698 -0.94332415
 178 -0.20729822 -0.17265499
 7953 0.96148574 0.7287275
 11189 -0.054480437 -0.09988269
 1638 -1.5195448 -1.3265345
 3873 1.2535168 1.1730769
 8259 1.0995686 0.665497
 4601 2.0742428 2.3501623
 671 -0.10184721 -0.12981543
 8038 -1.7567638 -1.1667261
 2082 0.5480462 0.42952648
 2728 0.75793743 0.1480445
 1367 1.153188 0.8884059
 7943 0.24872972 0.10005166
 7403 0.48671877 0.69379085
 112 -0.73264587 -0.38415956
 7469 0.7683281 0.3377044
 4791 0.29802683 0.27822053
 11756 -0.3065585 -0.28516528
 3018 -0.20274629 -0.05660343
 9474 1.5669572 -0.45491344
 3786 -0.5699857 -0.53220564
 4726 -0.9561301 -0.8686102
 10082 -0.7474037 -0.3291794
 2420 -0.014207907 -0.14424266
 1415 -0.49326876 -0.49486548
 1583 -1.3837637 -1.3011384
 2329 -1.9333136 -1.1793365
 6730 -1.2588502 -1.350601
 1781 1.9369388 0.7957222
 7848 1.125588 1.3085346
 5063 1.373061 1.4201908
 4478 0.06924847 0.50236607
 3465 1.336921 1.3881624
 1676 0.14562252 -0.049863555
 1946 -0.9956889 -0.65975934
 739 0.3999573 0.21969862
 8047 -0.9111301 -0.6622663
 805 -1.4270401 -1.4214227
 8086 1.1141059 0.49187946
 3523 -0.5888031 -0.43439466
 8651 -2.4823396 -1.6175623
 4359 3.1132996 1.8906758
 314 -0.008043305 -0.05010674
 1821 0.37627897 0.7161835
 7856 -0.21233653 -1.1034551
 3983 -1.3365486 -1.4043443
 7020 0.26200965 0.32770002
 8497 0.58230543 0.35615426
 987 -0.5778207 -0.50825346
 11126 2.3379812 0.595918
 5298 1.7059972 1.6159291
 11575 1.9804192 1.8914781
 6209 -0.5656034 -0.63436633
 6100 0.17602289 0.15695827
 5033 0.8340919 0.9980555
 6055 -1.0578438 -1.0904789
 8249 0.6139485 0.88906056
 2750 0.99778074 1.055095
 3056 -0.048608296 -0.037957348
 7981 0.003448398 0.08946961
 1080 -1.767584 -1.6261041
 7197 0.51280236 0.21614322
 4661 -0.24586733 -0.397798
 1058 -0.2805643 -0.29764342
 3496 -1.2274946 -1.0474169
 5098 -1.4196447 -1.3872013
 10021 -1.2717768 -0.5762647
 2402 -0.6930884 -0.74886525
 4089 1.2285999 1.035672
 8316 -0.32493725 -0.29693288
 8123 -0.9177242 -0.6682094
 24 1.2223 1.3848252
 258 0.0017999811 -0.084158346
 7512 -0.59002936 -0.9511996
 11392 1.2342979 0.9121985
 10535 1.3098303 0.6935772
 6500 -0.581812 -0.5501439
 3367 1.018672 1.099613
 6950 0.5431665 0.27127644
 4038 0.29125026 0.17766422
 8744 1.0211285 0.48198783
 9638 -0.084489785 -0.18309426
 4461 0.2753432 0.3220343
 1151 -0.6753184 -0.60744756
 10821 -0.18238677 -0.30924731
 11627 -1.1885587 -1.1629977
 1171 -0.48334938 -0.4597208
 9360 -1.4147742 -1.3139343
 1752 1.8276385 1.9211473
 8009 1.2230335 0.62650573
 5757 1.0174975 1.0459359
 10952 -1.6073818 0.63878495
 10196 1.4046619 1.5433011
 5006 1.0309659 1.1094892
 1207 0.7279208 0.4841808
 10889 -0.41977257 -0.4563465
 8785 0.66293985 0.2630207
 7459 0.022869555 -0.29951346
 2426 0.3443026 0.3226936
 9495 0.054855995 0.24137306
 5959 -1.6678377 -1.6800311
 11717 2.0029051 1.9814618
 10743 -0.5833321 -0.55119705
 5653 -0.65178084 -0.6527919
 447 -1.0918545 -1.3006203
 10526 -0.0645598 0.41944212
 890 1.3885198 1.3094771
 9854 0.18084253 0.042692855
 5267 -1.03628 -1.0043783
 6602 -0.479596 -0.6626895
 5801 0.39777392 0.41800162
 6399 0.03285128 -0.100537196
 874 0.012947882 0.50734687
 7689 1.5019832 0.8452891
 3503 0.03849376 0.005672373
 1832 -0.17942503 -0.065706715
 1920 -1.6992508 -1.4656274
 3008 0.15475437 -0.47356987
 5888 -1.7034621 -1.8974838
 3551 0.19790888 0.32708675
 36 1.0172088 1.13814
 601 -1.6076298 -1.546354
 11219 -0.72671044 -0.88860947
 2786 -1.1767242 -1.075603
 5432 -0.55804753 -0.40743816
 4770 -1.387423 -1.387356
 5677 -1.354304 -1.2766182
 3111 0.66745466 0.78939897
 10105 -0.7233948 -0.42421183
 3336 -0.24833262 -0.3465144
 0 -1.4388357 -0.92750794
 11057 1.3198537 0.93789
 10057 0.37963584 0.3846997
 5829 0.124629505 0.12196086
 6626 -0.7012902 -0.6732505
 6695 0.16508906 0.18575
 8549 -0.32600212 -0.101918995
 3400 1.0517833 1.0399103
 297 -1.0229584 -0.7790254
 7693 -1.0006067 -0.71296716
 2207 -0.7599781 -0.5425037
 6429 0.647714 0.47215843
 10097 0.008372562 0.32901514
 6404 -1.2569139 -0.7481995
 9709 -1.7964656 -1.5532491
 1806 0.7611724 0.43064547
 11691 1.2232246 1.2969561
 868 0.85191506 0.48971274
 6360 -0.005637606 -0.12105462
 3222 -0.04958928 -0.010188296
 11144 -0.6689164 -0.5607547
 4614 0.5780693 0.19638959
 7156 -1.0853714 -1.0095448
 623 -1.1568565 -0.92431605
 6616 -0.91812897 -0.80962163
 7234 -0.005618812 0.2615166
 9503 -0.8995728 -0.9034282
 2034 2.1060834 1.9874744
 9147 1.0144162 0.18235762
 2755 -0.1796799 -0.7128169
 1398 0.24039091 1.2419498
 9651 1.5940025 1.3189557
 3094 -0.010571855 -0.12665124
 8989 1.5748385 1.4568343
 1 -0.27362362 -0.5675331
 6725 0.58329374 0.6940903
 5539 0.13724841 0.14864539
 11732 -0.74195236 -0.71980184
 3347 1.5703145 1.0670054
 9418 -0.537071 -1.0711541
 6879 -0.6013895 -0.4792508
 10264 0.6134319 0.76512593
 1024 -0.6528388 -0.628025
 6886 2.0027564 1.0164442
 5193 -1.6519418 -1.5569081
 2877 -1.2368442 -0.88755554
 764 0.9690375 1.2591195
 5597 0.08833178 0.29414755
 11626 0.41156316 0.45130712
 11524 -2.0239725 -1.1979795
 11596 -0.92056906 -0.8779378
 2956 1.3491439 1.4117019
 1211 0.35102233 0.649576
 7559 -0.1566855 0.10529244
 4637 0.75272816 0.13000178
 9563 -0.5264686 -0.4346946
 10197 0.6643646 1.5593827
 6821 -1.9492184 -1.9118786
 10217 0.43714982 0.54412985
 5394 0.1522139 0.32206327
 8982 -0.4821823 -0.39502916
 4565 0.18451618 0.08849045
 3823 -0.5169902 -0.40281475
 3374 -0.30335334 -0.3121527
 4164 -1.5867757 -1.5744238
 4122 3.3165963 2.0583227
 8008 -0.22633936 -0.2468259
 6907 0.5642842 -0.6521135
 194 0.85591465 0.60407645
 8106 0.08029598 -0.050569445
 3897 1.108778 1.0204513
 9383 -0.048850793 -0.27665487
 2482 2.1789622 1.8129594
 8813 -0.02085475 0.08934242
 3495 -0.47777015 -0.3205385
 8342 0.6811967 0.47285733
 8962 -1.391094 -1.3438127
 9553 0.5914148 0.5512843
 1789 0.50144774 1.0647411
 10424 -1.5429468 -1.6763468
 9175 -0.1480822 -0.11960852
 1630 -0.37609503 -0.34902388
 1581 0.49879128 0.5015069
 8201 -0.23441137 -0.5061842
 3877 -0.07853788 0.043752164
 10826 -0.9550405 -0.6339433
 1884 -0.5329027 -0.61731964
 6483 -0.32218683 0.09115763
 3826 -0.42160252 -0.43751997
 6339 -2.099569 -2.1298409
 1767 1.1643708 1.2729778
 3831 -0.7696376 -0.41839078
 11824 1.7901691 1.5099034
 7985 -1.296949 -1.3034494
 10700 -0.51431906 -0.2533964
 7711 0.7911584 -0.013439685
 5316 -1.0202085 -1.0441585
 9721 1.2688073 1.1119165
 3265 1.0814214 1.1288352
 8414 -0.90444654 -0.912605
 3629 -0.14210644 -0.17248857
 11045 -1.9735518 -1.3859086
 8816 -1.4700823 0.11333276
 4928 1.4191562 1.1806383
