 6551 0.163591 0.16642079
 7453 -0.888281 -0.77383673
 8688 0.12210279 0.032463044
 5350 0.46134615 0.348531
 9599 1.8116531 1.7148945
 9325 3.9297915 1.3973463
 9767 -0.75045115 -0.38121992
 1032 -2.2340548 -1.5248339
 4704 0.01530774 -0.0073398054
 4289 1.3520977 1.3398348
 826 1.8716966 2.1437166
 7773 1.044304 0.37846014
 5929 -0.14620228 -0.13371447
 5737 -1.1398699 -1.0421821
 11148 -0.014933559 -0.043162964
 3219 1.1039959 1.0825937
 1688 1.4261715 0.056619078
 9662 1.8012758 1.777834
 9117 -0.28575984 -0.070006505
 1824 -0.3606748 -0.3668918
 7456 0.9566799 0.8504231
 9030 0.9890573 0.73048806
 10213 -0.07162379 -0.09562835
 212 -0.5131566 -0.529672
 4854 -0.053129524 0.03798434
 8559 0.5087794 0.6103672
 886 -0.14155224 -0.35879052
 10989 -0.8881485 -0.829407
 640 -0.6376519 -0.594326
 6973 -0.013183377 0.26046234
 4133 0.20084311 0.34758717
 2623 -0.3967598 -0.47664872
 3988 -0.3311046 0.5579777
 2167 0.3290685 0.34414914
 10083 0.68842566 1.0120729
 7344 -0.63595265 -0.5968574
 6139 0.41775525 0.22692266
 2477 -0.3083403 0.24422577
 7279 2.7137043 2.135557
 3888 -0.73706305 -0.8060918
 7890 1.0432259 -0.19594845
 1620 -1.0781817 -1.5284297
 2533 -3.01938 -3.262838
 5449 -0.99245214 -0.73622036
 5367 1.1783181 0.8396354
 11465 -0.058802262 -0.11557848
 7632 -0.44627467 -0.44192073
 1857 1.7360973 1.6821245
 531 -0.71842897 -0.52584004
 73 0.43917918 0.42712918
 11648 1.6752173 1.9638262
 7514 -1.4445204 -1.4970582
 6159 -0.20338805 -0.22648388
 1444 -0.96367496 -0.84850705
 1955 0.25715837 -0.10473455
 515 1.2725965 1.3233471
 6414 -0.54958266 -0.37728924
 10108 -1.1565645 -0.9198117
 4150 0.42997903 0.56856143
 4974 -1.0606598 -0.9714699
 7572 0.11652035 0.15203741
 5700 0.15341309 -0.64906824
 5939 -0.74075866 -0.5116515
 7881 0.37971744 -0.016457915
 5509 3.7193928 2.349732
 4895 -0.41674986 0.24184212
 7474 -1.1019348 -1.1238716
 1059 1.9552268 1.8554811
 5792 1.6751857 1.2800074
 10378 0.11390196 0.3923702
 3921 -0.037297662 -0.02156078
 8463 1.6771903 0.07329196
 6308 0.80673397 0.70326376
 11350 -0.97400737 -0.9221556
 6225 -0.43671513 -0.4186075
 5940 0.07357809 0.14241073
 264 0.03171031 -0.030059531
 8766 -2.3299527 -1.0693517
 1398 0.24039091 0.5762577
 4345 1.6822922 1.3035189
 2441 1.0011917 1.034058
 3887 0.2811567 0.32520077
 3308 -1.027399 -0.92109823
 7605 -0.43559158 -0.5107231
 6984 -0.07328779 -0.54745054
 4491 -0.6969303 -1.1808575
 7298 -1.0059988 -0.70887136
 8969 -1.2780464 -1.1886666
 2749 0.43758485 0.54318213
 2052 0.53773123 0.60170794
 5521 -1.4657257 -1.4148282
 94 -0.6815683 0.16184974
 4132 -1.142007 -1.2470934
 6840 -1.0699122 -1.1977051
 10817 -0.6142963 -0.41749233
 7020 0.26200965 0.28137
 7616 0.8934193 -0.07651412
 7239 -0.79107296 -0.9537871
 9982 2.5529983 0.16944501
 1520 -0.80505884 -0.8540114
 8577 0.041911613 0.33090383
 3873 1.2535168 1.2406764
 4050 0.771293 1.0132399
 940 -0.5083323 -0.48743665
 8193 -0.9101995 -0.9972521
 253 0.60349417 0.9717097
 3823 -0.5169902 -0.74845064
 2880 -0.6835179 -0.640455
 2277 1.604533 1.5517502
 3816 -0.5910383 -0.72308505
 7114 -0.713668 -1.3679206
 1680 -0.5973982 -0.2881139
 2915 -0.7951019 -0.84261596
 7806 -1.8994606 -2.3145165
 9417 -0.9944737 -0.94486547
 2095 0.2778264 0.24561661
 9642 0.26558107 0.19572285
 7120 -0.69586587 -0.72683215
 8044 -1.0869061 -1.1668258
 2904 -0.06991441 -0.404046
 5245 1.4248229 1.5276935
 7535 0.3885252 0.5295546
 8348 -0.65909874 -0.6590415
 5036 0.87703234 0.79599404
 4950 -0.93076986 -0.71016634
 9522 1.0741534 -0.54460704
 753 -0.3423483 -0.2372731
 8645 0.6079512 0.98219824
 1060 -0.09063101 -0.26448017
 657 -0.7281631 -0.7427038
 3379 -1.160124 -1.0861206
 3519 0.7430517 0.68241036
 1712 -0.108951084 -0.012162976
 9689 -0.6589191 -0.76461625
 4907 -0.7086452 -0.87087584
 3763 -0.7114763 -0.70911455
 5042 0.56597024 0.5635787
 6012 -0.4761676 -0.23960903
 6725 0.58329374 0.145504
 8489 -1.3334031 -1.2979803
 2234 0.8754839 0.8264178
 1839 1.1026083 0.84630346
 5075 0.04781584 0.052675933
 7155 -1.1448684 -1.1754547
 8108 -0.7044142 -0.6298634
 5281 2.2594972 2.1179
 10803 -0.8606393 -0.8165519
 11174 -0.8713228 -0.89002097
 11880 -0.33227214 -0.2839465
 3498 -0.5734645 -0.4593972
 290 -0.541446 -0.563473
 6229 0.5349501 0.13529256
 5047 -0.025859134 -0.026910692
 11875 0.27299207 -0.07797014
 9012 5.299105 2.4171908
 5518 -0.21422194 -0.27921957
 2549 1.2297491 1.1550808
 4591 0.08530541 0.36960682
 8569 -0.15719524 -0.42709994
 5567 -0.6870783 -0.6106868
 377 0.21783061 0.18432727
 11441 -0.8189301 -0.6904993
 6822 0.5355511 -0.5315591
 6474 0.5909257 0.49887303
 1469 0.36221698 0.08974172
 10670 -0.9937568 -0.6700181
 9806 0.06768899 0.07430717
 10433 0.3186999 -0.20255303
 9945 0.9458061 1.2695591
 10651 0.9053676 0.58641195
 1578 0.4882072 0.4661127
 1433 -0.058175165 -0.12466587
 3010 -1.0804532 -0.9296864
 2644 -1.21523 -0.84696877
 11410 -0.26423234 -0.14842066
 11171 0.4690643 0.23119363
 3056 -0.048608296 0.12670702
 7007 0.011033591 0.10913886
 5695 -0.3804888 -0.36311245
 3864 0.15641654 0.13252476
 1265 -0.09475343 -0.25894058
 3362 -1.7659653 -1.9800603
 1090 0.24454038 0.27129552
 7857 -0.7287921 -0.5199313
 6263 0.20146334 0.16168776
 5763 -0.012958301 -0.23907271
 7493 1.2025516 0.99832964
 1547 1.2407284 0.92793894
 11055 0.113308325 0.04114075
 7232 0.43064097 0.67965484
 1995 -1.1376265 -1.2359971
 180 0.77041656 1.1964214
 3847 -0.8036089 -0.40683654
 513 0.2792832 0.37403926
 11662 0.15422033 -1.1648227
 2434 -0.23027796 -0.13238147
 7831 3.086726 2.2690437
 1435 -0.8387455 -1.4059733
 414 0.46189028 -0.016615257
 8147 0.26020032 0.35981578
 1623 -0.8698839 -0.48319778
 8425 -0.7565364 -0.7164445
 3083 -0.7971257 -0.99256396
 9634 1.8640312 1.647172
 6514 -0.03590366 -0.6900103
 4748 -0.75118047 -0.81201696
 731 -0.75910485 -0.77211714
 9999 0.40392983 0.40995905
 633 -0.8342454 -1.3203564
 6235 -1.1678522 -1.0388092
 2828 0.251151 0.16258982
 8802 1.2442342 0.93680024
 1427 -0.5840422 -0.5830382
 10655 -1.6612024 -1.7406483
 8985 1.9938473 2.0339763
 8430 0.30295923 0.26906335
 4982 -0.14332214 -0.060056314
 9306 0.35682845 -0.8422935
 4722 -0.33781746 -0.117888555
 2056 0.5219608 0.53871214
 4070 -0.14905675 -0.23422474
 6314 1.1543028 1.1986114
 8531 1.2126461 0.9905524
 6467 1.5352398 0.31772688
 1242 -1.6814954 -1.4932828
 5968 -0.44655153 -0.5921285
 4259 -0.9360947 -0.9203975
 9638 -0.084489785 -0.12884416
 7083 0.27620822 0.98779595
 6053 -0.01068554 -0.13033473
 11675 0.15660724 0.07735515
 32 1.6498364 1.5233155
 7065 0.435153 0.58051217
 5866 -0.3124247 -0.14174479
 6723 -1.6632391 -1.660353
 3103 0.4077694 0.19616237
 2936 -0.48051506 -0.9650414
 3079 -0.16950703 -0.17753895
 2222 -0.12635389 -0.013532132
 10296 -1.055357 -0.9734256
 1917 -1.2949476 -1.4466628
 5431 1.1523615 1.0845208
 5437 -0.40292946 -0.22006899
 9126 -0.3430038 -1.104557
 10298 -0.7192403 -0.94935787
 1091 0.77155477 0.7576767
 7931 0.79675823 0.12827203
 389 0.28594607 -0.021083407
 7084 0.369606 0.3544672
 2138 -0.48847938 -0.34282112
 1235 -0.08483771 -0.038739398
 8361 -0.23256172 -0.40715286
 4280 -0.6252054 -0.62027603
 6960 -0.10117611 -0.19970468
 5841 -0.37182042 -0.17366305
 7 -0.2911896 -0.34333783
 5532 -0.26461327 -0.3372733
 1952 0.022422154 -0.478771
 3191 2.9317062 2.4634695
 277 1.0602267 0.9849682
 3076 -1.9033909 -2.2969143
 1755 -0.3617406 -0.22095826
 7385 -0.74871606 -0.7164916
 1493 -0.695435 -0.6956668
 424 -1.6267314 -1.5925925
 2297 -0.62859297 -0.36889318
 4084 -1.2975487 -1.1536058
 5273 -0.32822308 -0.78155446
 2014 1.7241362 1.6750546
 6192 2.167279 1.96117
 9810 0.34762833 0.7446898
 1794 1.9903221 1.757434
 8603 -0.9953501 -0.97101605
 5079 0.019212876 -0.44975305
 9844 1.3562151 1.3027573
 198 0.54443675 0.5625727
 6478 -0.39498764 -0.32080722
 3956 -0.44792262 -0.075124584
 249 2.3700273 2.3465316
 7800 0.91059756 0.9515344
 9663 -0.32603788 -0.22097476
 6655 -0.32893223 -0.28676626
 8572 -0.86762536 -0.7792927
 4436 1.1810365 -0.6356611
 441 0.5252521 0.5765159
 9614 1.118845 1.313581
 1939 1.2254819 1.1623669
 3023 0.39289927 -0.055084497
 9509 0.023507193 0.025694251
 8337 -1.906189 -1.7732902
 8256 -1.6457428 -1.5397048
 824 -0.5577734 -0.5556685
 11049 0.89371544 0.5068532
 2948 0.10478937 0.044474795
 8640 0.0401188 -0.22204605
 6304 2.6727717 1.7403109
 1396 0.21301097 0.14165947
 4321 0.026902126 0.007460773
 11051 0.34380844 0.2977018
 6410 1.5116445 1.5363728
 9232 0.22893955 0.41291013
 8137 0.6765058 0.79105663
 6748 -0.8052702 -0.53783524
 5260 -1.144585 -1.5781763
 1825 -0.19211683 -0.11660943
 809 0.16474664 -0.9679222
 10014 -0.44502094 -0.47649595
 3280 -0.65838134 -0.21267092
 7355 -0.012402258 -0.006044388
 2108 1.0911051 1.2256489
 4528 -1.1388972 -1.0266016
 9813 -0.551287 -0.591118
 3528 1.0233152 1.1003927
 9375 -0.060766976 -0.011309028
 6886 2.0027564 1.426051
 6957 -1.0228136 -0.934571
 3017 -0.68646866 -0.3273761
 9483 0.5897059 1.1263692
 11339 2.8906171 1.0155067
 8994 0.5410317 0.49457273
 4926 0.3690293 0.58969533
 3893 0.8960501 0.74076474
 53 0.19823343 0.15911666
 7173 0.3476636 1.0923591
 3381 0.7243714 0.7444143
 3173 1.2114198 1.1536229
 11408 0.07114121 -0.054207757
 6969 -0.40652335 -1.0265856
 11681 0.14480244 0.041255027
 8134 0.8194959 -0.3781073
 8633 -0.71494186 -0.87347114
 7506 0.25718862 0.33648792
 5962 -0.45239204 -0.43961164
 4964 -0.39836055 -1.0385625
 736 1.0025893 1.0554237
 2956 1.3491439 1.3369663
 1194 -0.9049902 -0.89497936
 3668 -1.7044458 -1.4791696
 6569 -0.68487936 -0.7375529
 11046 -1.3795097 -1.2780056
 6178 0.5340938 -0.71205866
 1479 1.4374707 1.6673555
 9468 -1.3863839 -1.3985221
 8509 -1.1573442 -1.1739167
 10802 0.24447574 0.4030746
 7872 -0.15179984 -0.26180515
 7192 1.6567317 1.5023383
 4108 -1.3280288 -1.3053633
 3210 0.73897696 0.46276698
 6082 0.20192586 0.2697654
 10506 -0.7535124 -0.5928376
 1940 0.78656334 0.8256638
 5524 -0.53551793 0.3411599
 3360 0.14478777 0.118177205
 3361 -1.0015978 -0.76714516
 3013 -1.298762 -1.3714406
 2964 -0.23810793 -0.32213706
 8298 -0.19655783 -0.32794932
 10076 0.47469714 0.7054759
 2133 -0.97671103 -0.94257
 8536 2.13281 2.007065
 6994 0.34082928 -0.22725175
 9158 -1.2116297 -1.22099
 8099 -0.22214177 -0.08608195
 6394 1.6375151 1.8638017
 2361 -1.7230983 -1.7886933
 6753 -1.7422398 -1.675563
 4023 0.17164835 0.11467618
 5791 -1.6501008 -1.6799763
 7129 -0.024459172 0.0346691
 11531 -1.3491088 -1.5517917
 927 -0.75533223 -0.7915715
 8177 -1.3146402 -1.021706
 2013 -0.28595924 -0.34269315
 1779 2.7563555 2.4687946
 6307 0.2711768 1.2873955
 11019 1.9557736 1.6187252
 10676 1.4304361 -0.2692844
 8080 -0.28051662 -0.31923485
 1908 0.513346 0.2103273
 7231 0.51898664 0.13794366
 8739 0.20043972 0.49501577
 4688 -1.1201141 -1.3016299
 4576 -1.6743554 -1.5182862
 6479 0.15739293 0.17302543
 6731 -1.440746 -0.6244241
 2525 -0.7435224 -0.7198312
 100 -1.1408889 -1.1159444
 223 -0.4975122 -0.4941577
 6199 1.7077043 1.5387404
 3262 -0.4760617 -0.27037942
 6429 0.647714 0.42346516
 9060 1.071359 0.8176539
 7426 -1.4342536 -1.4279304
 6522 -0.10890616 -0.44713795
 6758 -1.1391562 -1.6477823
 5780 0.4335454 0.3651322
 11506 0.63798577 0.6718849
 8987 -0.46325666 -0.54791486
 11483 -0.340682 -0.5365808
 7082 1.8604937 1.7786015
 5974 1.2430722 1.3267107
 539 0.07053337 0.27172813
 5617 0.231034 0.2184104
 8806 -0.7765068 -0.64233017
 38 -0.35641164 -0.3665545
 2479 1.2136229 1.3471065
 5966 -0.021657413 0.046989366
 4387 -0.71592516 -0.68052936
 9 1.396396 1.6008776
 8432 0.36677948 0.18818298
 16 -1.6511226 -1.5716143
 3108 0.37371144 0.4447755
 11857 1.8724974 1.8434987
 7162 2.709379 1.5920358
 523 -0.97651577 -1.2736521
 7255 -0.2817204 -0.13743563
 5885 -0.6746739 -0.4066152
 2943 -0.012561782 0.057740092
 1111 -0.53041863 -0.54874206
 4976 -0.23954 -0.40952873
 6114 0.57825315 0.48355344
 4476 1.8026125 1.5525248
 9202 0.2984903 0.6021062
 5101 -0.9917439 -0.5623348
 10887 0.90762615 0.5772207
 8299 -0.947503 -0.94166577
 3682 1.3149786 1.2936082
 5982 -1.3044435 -1.2682469
 115 -0.002123031 -0.19067568
 11048 -1.028076 -0.9988816
 2051 1.8847601 1.2806077
 9782 -0.8467309 -0.697145
 10833 0.12731758 0.104597956
 11194 0.05349683 0.088902
 10010 -0.69358623 -0.60664403
 7401 -0.2044222 -0.1922768
 10389 -0.70109993 -0.5974946
 4186 0.30001676 0.29680166
 1462 -0.11116333 -0.10990912
 5628 -1.7428691 -1.6714281
 3830 -0.7636939 -0.183962
 1133 0.4994587 0.4909142
 4676 0.5935395 0.7732041
 10219 0.77713263 0.47021917
 0 -1.4388357 -1.8073574
 5601 -1.3286462 -1.290025
 6968 -1.1010492 -1.0419214
 7056 0.07224276 0.06576866
 9677 0.07393656 -0.51166564
 3977 1.0247344 0.8375654
 10625 3.4984581 2.5653389
 4424 -0.99954545 -1.0738177
 9029 0.086239636 0.08118349
 460 0.11156318 -0.25389642
 11850 -1.0376177 -0.99889135
 5452 -0.33268884 -0.3550303
 4588 0.22285196 0.05559139
 1499 -0.22856903 -0.25128844
 411 -1.2944351 -1.0315398
 7018 1.3932999 1.6298451
 11777 -0.22880924 0.011884749
 4116 0.43323 0.42459068
 6435 0.7471104 0.4567528
 8990 -0.59374565 -0.02554135
 1971 -0.3091879 -0.28350672
 1370 0.6257386 0.58113813
 8784 0.77074796 1.3283194
 4405 0.029348163 -0.36341316
 4161 -0.8070025 -0.8336407
 10460 -0.8759637 -0.889112
 774 -0.6863806 -0.4952099
 6109 0.045466986 -0.060080133
 4703 0.20509619 0.058071405
 154 0.598581 0.59824085
 1222 -0.5531073 -0.6156581
 10304 -0.16460624 -0.44664028
 5490 -0.5982646 -0.6313256
 5491 -1.3783133 -1.5654633
 7283 -0.585653 -0.7364781
 6936 -0.2086331 -0.028616846
 3869 -1.7231152 -1.6961339
 11343 -0.39752948 -0.6170652
 3089 -0.5043364 -0.49870488
 2483 -0.20130919 -0.5263299
 9397 -1.3608701 -1.4357061
 316 0.13735385 0.0047395527
 9632 0.79381204 0.57875705
 960 0.4947518 0.14414176
 6239 -0.7578475 -0.59159994
 9703 -0.2628461 0.09729266
 735 -0.027062442 -0.003254965
 6322 1.3079829 0.8902575
 4834 0.56761587 0.5461086
 10202 3.2027864 0.83500826
 8615 0.6141956 0.77606916
 8502 2.8155582 1.4580808
 11775 -0.46791038 0.6225625
 8914 1.58003 1.3514972
 6400 2.515363 1.9446046
 48 0.280905 0.6006037
 4477 4.063107 1.6422331
 10862 0.22310774 -0.23964289
 1707 -0.18156531 -0.04415834
 10 0.06539651 -0.020453028
 11257 2.9170403 1.8519211
 11625 -1.6822752 -1.4079845
 553 2.0834806 1.4127629
 9099 -0.7578346 -0.99014497
 2843 -1.2640041 -1.3012781
 8224 0.54257286 0.88065016
 11002 -0.5417229 -0.5345682
 1404 -1.1187614 -0.8989179
 7070 -0.6433444 -0.695354
 7788 0.36933735 0.3641414
 9395 0.44249204 0.52740276
 10051 1.1334758 0.93835974
 5613 -0.9241909 -0.6777855
 6825 1.1725019 -0.034538537
 10470 -1.201378 -0.9129255
 1432 0.38014284 0.6208769
 7269 0.8551693 0.26935774
 5709 0.8439893 1.2743175
 3130 1.1286368 0.89237976
 9998 1.4758124 1.0306424
 3225 -0.007842525 0.024870723
 4086 -1.594287 -1.47348
 734 1.6426198 1.5354741
 2771 -0.3766373 -0.51156664
 2487 -0.37764305 -0.6519085
 10099 -0.59101725 -0.6819998
 1851 1.555499 1.5047748
 5334 -1.4982333 -1.1452445
 8447 2.052036 1.4778881
 8931 -0.09694872 1.0706561
 1604 -1.6502837 -1.6975706
 10964 1.1445187 1.2212749
 9454 -0.85353404 -0.8691919
 3648 2.0987647 1.9330597
 5566 -1.539534 -1.726018
 1558 1.1308982 0.9977431
 872 0.36371872 0.42239985
 7971 0.052240804 0.22470304
 11618 -0.5899285 -1.5348759
 646 0.18645614 0.2221758
 8094 -1.4061246 -1.4777516
 10502 -0.4573671 -0.5406053
 9795 0.49052396 0.11349207
 4177 -0.64498866 0.07889238
 7054 0.35015962 0.3471967
 10945 2.7295413 2.6384013
 10967 1.0440735 0.7472571
 9899 -0.13370943 -0.3667841
 2615 -0.075130574 -0.63907766
 3665 0.68184805 0.75672114
 5454 -1.849302 -1.6052315
 2714 -1.1930603 -1.006191
 5219 -0.6511812 -0.70521677
 4087 0.091128044 0.07864681
 8308 0.22970141 1.0313437
 6883 -1.3422108 -1.2850786
 6693 1.2472569 1.231434
 3568 0.07893865 -0.013929442
 3789 0.1552279 0.299619
 3086 1.1811818 1.2014918
 8939 0.7213624 0.7053944
 4026 -0.11876457 0.020994559
 6385 -1.1795176 -0.9660022
 8212 -1.0927062 -0.12811406
 8292 -1.7807305 -1.5874854
 2038 -1.3272256 -1.253709
 10934 0.2783146 0.3203671
 3861 -0.741207 -0.61644495
 2018 0.92869985 0.6976998
 11614 2.6054099 2.0822737
 3026 1.0139748 1.1748103
 10969 1.9259673 1.9861779
 1174 1.218599 1.3889414
 7399 0.1392466 -0.019029297
 9995 -0.8373043 -0.79983866
 1766 0.8678533 0.7186806
 2932 1.0497655 1.1540942
 11809 2.2837 1.9168775
 1270 -0.3926264 -0.36672628
 10211 1.4482304 0.016589701
 11660 1.2025553 1.2919294
 7729 -1.3763132 -1.3047135
 1073 0.027478795 -0.30954495
 4955 0.16394994 0.13339356
 3749 -1.2651794 -1.1830573
 1195 -0.14750277 -0.044937924
 626 1.4853843 0.38516673
 3072 1.7298956 1.6979325
 4525 -0.9481773 -0.8802637
 1154 -0.5051914 -0.30818382
 11684 2.42193 1.7295885
 11781 2.0395546 1.9581082
 7639 -0.291472 -0.2204713
 11661 -1.3255423 -1.2739879
 5311 0.7395972 0.87235665
 391 -1.0263184 -1.0007391
 7437 -1.0325211 -1.0112333
 10263 0.1973918 0.16924056
 3471 -0.5481295 -0.50394607
 2564 -0.60689723 -0.66020596
 4912 -1.0493573 -0.94774365
 1972 -0.023314081 -0.09256391
 4673 0.944468 0.7964698
 10571 1.2737535 1.2754297
 11266 -0.905935 -0.87562716
 8622 0.047815382 1.0034065
 7291 -1.2850572 -1.264965
 3324 -0.98388183 -0.8252953
 1815 0.28295454 0.19947141
 231 0.8765827 1.8276411
 10379 0.93353736 1.0570729
 1459 0.78268296 0.7716702
 7115 0.9617177 0.867156
 9766 -0.14108834 -0.46628842
 4266 -1.7686846 -1.6674013
 2721 -0.47024915 -0.4617496
 2106 1.7217429 0.5310658
 3684 -1.6061702 -0.8732455
 7230 -0.7276777 -0.78937614
 6024 -1.5455809 0.27163616
 5164 0.26301998 0.104687855
 7370 0.18467937 1.2074685
 5237 0.92151624 0.9913912
 541 -0.07418122 -0.020775981
 10888 1.3625264 1.4360158
 9108 -0.28942478 -0.14061521
 8316 -0.32493725 -0.3028255
 8634 -0.41458207 -0.5505891
 5731 -0.41834006 -0.44585255
 1821 0.37627897 0.47942516
 2620 -0.19397336 -0.1993567
 6127 -0.098393604 -0.3278674
 9321 2.572133 0.16836008
 9741 -0.22231275 0.372045
 2786 -1.1767242 -0.7209226
 4119 0.18434611 0.15853634
 11678 0.82394564 0.6837195
 10189 1.0758523 1.8355491
 8389 -0.2902618 -0.2606107
 10240 1.3301747 1.2461185
 5942 0.4465471 0.28439775
 1947 -0.9561581 -0.78392065
 8000 -0.16062318 -0.26458713
 10708 -0.7760681 -0.71442807
 4863 -0.053447656 -0.056312345
 10897 0.5979718 0.88556767
 967 -0.108041614 -0.03966365
 4538 -0.27248633 -0.14073613
 2500 -1.828546 -1.799541
 5706 -1.1247766 -1.098308
 1 -0.27362362 0.32111907
 11177 -0.10740764 -0.22539803
 6535 -0.21663634 0.008278996
 535 -1.136028 -0.8951837
 3835 -0.9460283 -0.5477089
 5886 -0.2984984 -0.29772875
 2574 1.7946275 1.5114568
 5289 1.7410014 1.2945173
 3685 -1.4368485 -1.4089925
 801 -1.2708741 -1.1508546
 4900 -0.04205772 0.23643222
 5198 1.0414289 0.94714785
 9332 -1.1168911 -0.86172163
 2641 0.30401266 -0.7795627
 11372 2.3269713 1.7925782
 5438 0.29698855 0.28677335
 2059 -1.4473932 -1.3292444
 8658 0.020126013 0.13167122
 8796 -0.20481093 -0.23854104
 1923 -0.16592368 -0.17153612
 3720 -1.361285 -0.9471023
 1877 0.9212096 0.98385537
 8700 2.2096162 0.33880094
 4220 -1.2941239 -1.0952886
 6715 -0.7813145 -0.6450621
 1600 -0.9149229 -1.0042193
 5823 -0.06793502 -0.037566602
 3530 0.42129964 0.25097194
 3515 1.1832135 1.1272988
 8737 0.8124113 1.3958001
 9989 1.2272618 0.94990563
 5344 0.10293192 0.82010055
 961 -0.51103693 -0.45853284
 3675 1.1810181 1.1815436
 455 1.9279238 1.038503
 10128 0.82497567 0.7000135
 3307 0.39961535 0.16929439
 11378 -0.7745819 -0.65980494
 76 -1.6469195 -1.6205325
 3186 1.1488878 0.76057184
 42 0.8271375 0.8655437
 1537 0.66656077 0.8080528
 9617 -2.3998811 -2.031286
 7338 -0.74332345 -0.6788887
 7064 0.03869775 0.058860138
 11793 -0.7166884 -0.9669899
 11698 0.06298394 0.10513879
 5806 -0.7245711 -0.63485825
 4040 0.10762871 0.031420723
 9338 -1.8703762 -1.6410406
 3112 0.11109608 0.3100879
 3639 -0.024401413 -0.16557434
 331 0.07017995 0.061092347
 4215 -0.81198305 -0.8299203
 385 -0.14941843 0.2015036
 168 -0.45821744 -0.36026847
 11168 -0.99035907 -0.98738766
 5389 -0.5804006 -0.39546916
 8410 -0.46395755 -0.7451483
 4330 0.98493075 1.238793
 4956 2.0994298 1.9484
 10223 -0.6499536 -0.6377295
 311 -0.18949156 -0.2270478
 10089 -1.7112197 -1.6235418
 8965 -1.4044679 -1.2400517
 10686 -0.5926867 -0.3613706
 1935 0.994097 0.87591195
 6317 1.24508 1.0008739
 2905 0.24858165 0.24846604
 1514 1.4019587 0.999334
 4000 -0.89972866 -0.78825223
 2725 -0.7676981 -0.84828484
 2172 0.33114186 0.4643241
 4615 -1.1602615 -1.3782935
 990 0.3158752 -0.08378871
 1643 -0.23646273 -0.20402688
 5981 -0.9095312 -0.8522366
 1105 0.44479233 0.5704992
 4681 1.4775558 1.4845805
 8528 -0.0024374956 0.041397154
 10478 -0.15482254 0.065390006
 11474 -0.7773988 -0.6558995
 6972 -0.6364665 -0.9428772
 584 0.89074135 0.09413129
 6198 -0.53037375 -0.4884314
 1340 2.2423193 1.3952436
 11610 -0.7518447 -0.46226126
 10001 2.3070753 2.223745
 10329 -1.0136712 0.19744924
 43 1.6821465 1.8105466
 4550 -0.6207162 -0.47642475
 4782 1.3527441 0.4704295
 10074 1.6747222 1.5323217
 6621 0.26481554 1.0341852
 9527 0.45955566 0.4386687
 7052 -2.1026773 -1.7588557
 3311 0.22404563 0.613503
 1172 1.6273632 1.427359
 3784 0.49152282 1.4040896
 2689 -2.2931669 -2.0985367
 9124 1.5122142 1.2164695
 10307 0.28341937 0.3645315
 3116 1.3557128 0.9809141
 5542 2.7248642 0.948527
 11573 1.8557258 1.5738447
 2940 -0.3053075 -0.30887386
 3357 -0.575454 -0.58022964
 8783 0.71704835 0.60829127
 7652 -0.08452737 -0.26368225
 11434 -0.0645896 -0.4940847
 5379 -0.635888 -0.5382236
 11855 0.2746492 1.164211
 3037 0.26379514 -0.32397586
 6759 0.039172195 0.12891418
 4393 -1.0174947 -0.831437
 11485 -0.9625253 -0.88568485
 6615 -0.34875494 -0.31120843
 5498 0.15452196 -0.14676656
 2368 0.24882735 0.30788377
 2060 0.24707352 0.10213673
 2319 -0.85634637 -0.78946507
 1506 0.23983808 0.24107096
 6319 -0.82228565 -0.74768317
 3507 -1.2346952 -0.5719262
 3774 0.34068856 -0.086250216
 8119 -1.0113475 -0.8754231
 3106 0.38820753 0.25321314
 9274 1.168352 0.9443593
 2561 -0.8606246 -0.96946514
 9000 0.31688187 0.26814058
 2762 -1.5868137 -1.486078
 9687 -0.51747245 -0.5801761
 3080 0.5120611 0.85586774
 9755 0.30820245 -0.046907954
 6369 -0.07196943 0.008168757
 3283 -0.18125956 0.3301092
 6933 0.63896585 0.55118144
 8184 0.012890123 0.26871833
 1808 0.24447894 0.27534065
 1663 -0.7046714 -0.35860538
 2819 -1.2318137 -1.1502476
 3285 -0.4055286 -0.29416108
 10446 -0.3232494 -0.8786293
 9596 -0.20516849 -0.23880778
 5751 0.31851193 0.4699646
 10267 0.9347196 0.7607082
 3951 1.5612748 1.5177553
 2119 -0.24027756 -0.61742914
 2755 -0.1796799 -0.7455603
 1904 0.20461164 0.31721863
 5161 1.4900482 1.3919053
 4408 -0.99237466 -1.0343957
 6976 -0.2917122 1.5121441
 10193 0.68241876 0.82705283
 5848 0.0829616 0.66195166
 6842 0.6892953 0.47885683
 4263 -1.2296913 -1.0989537
 6487 -0.6230834 -0.38911328
 936 0.7154577 1.5023389
 8370 1.0519855 0.77333474
 5057 0.36838755 0.40409127
 6471 -0.7388008 -0.283019
 4635 0.13181177 -0.10087336
 2949 1.2769935 1.1169549
 4938 -0.56362444 -0.58556837
 5678 1.3902589 0.1228548
 7494 0.56511945 0.43053398
 1119 1.4912584 1.5098735
 9342 -0.7408925 -0.7335824
 5401 -1.1329911 -0.73434436
 6858 0.42510667 0.2727508
 9821 0.37288448 0.28059828
 2332 0.055072818 -0.031057723
 4439 0.2720464 0.003091827
 8143 -0.949657 -0.9529643
 1200 0.36442924 0.29514793
 33 1.6372602 1.4574232
 1943 -2.520223 -2.3899462
 7359 -0.22002348 0.15638998
 5285 0.12973382 0.29406774
 4343 -0.37283716 -0.26842105
 3504 -1.6355735 -1.5715597
 4441 0.8276344 0.887722
 7251 0.8592092 0.5458553
 9067 -2.299303 -1.5974184
 4677 -0.5787453 -0.63172513
 7480 -0.58707356 -0.54055107
 6714 -1.682999 0.07963374
 6439 -1.0085746 -0.77033424
 7037 2.8534145 1.2911437
 8216 -1.2234652 -1.2295144
 9595 0.54957587 0.19298634
 6340 -0.6915239 -0.8485384
 10671 -2.1656427 -1.6288766
 3249 0.82306916 0.9272777
 8330 -0.7469595 -0.7321123
 3221 -0.026511442 0.030098855
 3209 -0.8838391 -0.86174643
 5492 -1.4241811 -1.5238068
 7492 0.5826808 0.8000665
 10028 0.20319426 -0.045950107
 11083 -0.8394047 -0.8041084
 10992 -0.88765985 -0.82426155
 143 -1.4277799 -0.7072296
 10349 -1.5237687 -1.5982728
 10056 -0.03592016 -0.031256698
 4112 0.35221922 0.37739196
 6213 -1.0761409 -0.8772464
 11832 -0.2559632 -0.5759592
 10760 1.8499179 1.5802739
 9272 0.88815826 1.1403222
 6488 0.13910861 0.09368032
 3955 -0.047812052 -0.05739826
 685 1.2762948 0.99935997
 3495 -0.47777015 -0.21865557
 9582 -0.95275354 -0.70849407
 10124 -0.6581966 -0.3992044
 3122 1.8350542 1.567332
 1490 -0.32435277 -0.91730213
 3761 -2.186219 -1.606984
 9265 0.35643974 0.35595804
 10067 0.38162944 0.060541913
 2528 -0.9544904 -0.95665157
 5868 -1.1112821 -1.0773351
 7740 -0.5647778 -0.52006996
 9336 -0.3572785 -0.23552954
 6415 0.5564084 0.54858565
 10903 -0.68480694 -0.6649213
 641 -0.3321424 -0.58026165
 8865 0.46247154 0.2533383
 18 1.9153049 1.630858
 2674 0.5787849 0.5410931
 488 2.042948 1.9980123
 10030 -0.011700444 0.0057196617
 7925 0.88488895 0.68546546
 1314 -1.8310838 -1.6312381
 1664 -0.04990237 -0.1072156
 6220 1.6905504 1.7205122
 3265 1.0814214 1.1643529
 8980 1.2157811 1.3534341
 6428 0.7479823 0.62318814
 11399 0.21608363 0.040904254
 10804 -1.2256867 -1.212245
 7883 -0.018315198 0.35771686
 875 -0.89236444 -0.5822617
 5096 -0.89595646 -0.508934
 8003 -0.3500238 -0.06339112
 6499 -0.36404955 -1.2635696
 7317 -0.37518737 -0.5279393
 2688 -0.40127003 -1.1075897
 8164 -1.2621223 -0.7917236
 7234 -0.005618812 0.17579049
 803 0.14342861 0.3277177
 11119 0.09933621 0.11231586
 3071 -0.6200855 -0.64149404
 3681 -0.6734592 -0.64942586
 6598 -0.76742166 -0.87551105
 4535 -0.37684909 -0.8875619
 10947 1.4316688 1.3856792
 4517 -0.65073156 -0.6044345
 148 -0.9631955 0.39574173
 10203 1.1804745 1.0130162
 4313 0.04194324 0.36202797
 1360 -0.39638942 -0.067546465
 11759 -1.892067 -1.740626
 4554 -0.6440407 -0.522255
 647 -0.094439425 -0.11503354
 8176 0.30760652 0.58043706
 8334 -0.48047933 -0.42681906
 2173 -0.3668958 -0.3490823
 1240 0.5347695 0.5937464
 1542 0.30875528 0.22834092
 6572 -0.8893972 -0.8603022
 8920 1.8264394 1.307174
 3321 -2.421372 -2.4660797
 7041 2.3823974 1.0147369
 712 -1.0198165 -1.0052322
 10473 0.5517597 0.5843253
 1887 0.4343279 -0.8833487
 3050 1.529319 1.1928248
 2995 -0.3810366 -0.33185944
 943 -0.09636517 -0.14424486
 93 -0.3084673 -1.144266
 7701 0.6168076 0.5000962
 6742 0.76484877 0.8714224
 6651 -0.5503491 -0.49728608
 6295 1.3697151 1.3948172
 10957 -1.9780624 -1.9908493
 5284 -0.56121874 -0.48098406
 4332 0.09336046 0.083795965
 3447 -0.85733604 -0.8101449
 1395 1.3992583 1.3673426
 7697 -0.08389478 -0.16518882
 2861 -0.777645 -0.8711883
 8167 -0.97233146 -0.7400178
 10418 1.7102833 1.6289258
 1451 0.5650846 0.46298036
 6071 -0.6021587 -0.5506406
 7540 0.045096595 -0.065468945
 6496 -1.9157718 -1.3599956
 5481 1.412711 1.4570644
 2537 1.5671327 1.4973845
 3936 1.209979 1.1470456
 7613 -0.96168274 -0.37276885
 5716 0.5671753 0.6172508
 497 -0.10198748 -0.11807932
 4175 -1.0374458 -1.1340878
 722 0.3657444 0.3497535
 4006 -0.6897815 -0.682981
 796 1.9832764 1.9051664
 8323 -0.8036204 -0.8533046
 1217 -0.3125755 -0.35396466
 3413 0.23527421 0.13110617
 2340 -0.5706811 -0.595261
 292 1.8790604 1.0612929
 3698 0.5951824 0.5553335
 5013 -0.92208177 -1.037426
 7819 0.29382557 0.6960254
 11084 1.0274119 1.4416404
 8560 -0.18466641 -0.5405222
 10140 0.99388295 0.70493627
 10631 -0.95619524 -1.2030329
 10434 0.382841 0.14405012
 422 0.5128908 0.5523777
 8242 1.2492657 1.0627587
 3149 -0.13711032 -0.18680933
 7184 0.9691035 1.2490997
 2939 -0.59730333 -0.54355323
 379 -0.80842304 -0.65331507
 2716 -0.77501833 0.5229715
 11347 0.3674061 0.43703786
 9922 -1.42908 -1.3878345
 10847 0.19028014 -0.18553364
 637 -0.95312345 -0.95616055
 6016 -0.061249673 -0.100672305
 2717 -0.16794845 -0.23110615
 2951 0.93829656 0.9159882
 5951 -0.12012328 -0.080123514
 3724 0.16886355 0.2507896
 8491 -0.8917896 -0.5918368
 10583 -0.055424288 -0.0045324266
 2594 0.35698983 0.3240238
 9459 2.700154 1.8784912
 9661 0.37570596 0.39835468
 1166 -0.33471864 -0.37864918
 4691 -0.066453464 -0.10919162
 691 2.2597425 1.9697716
 6065 0.15056273 0.081358135
 2797 0.065964475 0.13837242
 10281 -0.42283103 -0.61280704
 7927 -0.6922211 -0.864609
 7214 -0.53938043 -0.48725143
 11766 0.2694578 -0.05548042
 10932 0.09369281 0.024364576
 9451 0.658128 0.8115338
 10038 0.29667684 0.52261436
 10100 -1.0755514 -1.1345799
 7986 0.023988975 0.064931765
 1143 0.5999823 0.67882335
 10998 2.636689 1.4363813
 5923 1.7593287 1.814303
 3228 1.7685522 1.7643192
 8439 -0.08598464 0.0066222847
 11244 -0.1301944 -0.08968264
 2367 -0.06310575 0.04542175
 2889 0.22551711 0.16376108
 11862 -1.0433279 -1.0767182
 3309 -0.095178366 -0.1345407
 4711 0.3995979 0.6290451
 3768 0.51000655 0.5353242
 9934 -1.1149516 -0.93387496
 3833 -0.11829013 -0.4228895
 8329 2.2007551 2.1436682
 11658 -1.6681696 -1.6678728
 2536 -0.9407356 -0.86401486
 4231 -1.1678101 -1.162483
 6524 1.3879063 1.3624701
 7252 -0.9864319 -0.92772603
 9439 0.26050013 -0.23325898
 2131 0.05732587 -0.056691185
 7678 0.6884491 0.6490327
 5927 0.56140727 0.8245518
 1822 0.31290156 0.2731366
 1354 -0.7332766 -0.8691051
 464 -0.0951119 -0.20573595
 2299 -1.1038179 -0.9305806
 6061 1.4017823 1.6315136
 5155 0.56408525 0.4967976
 10475 0.6116395 -0.2772699
 1736 0.9558552 0.631634
 2535 1.3005426 1.2568686
 5482 1.2391413 1.2170355
 6310 -1.1033224 -1.06296
 6687 0.22156064 0.31538045
 811 -0.47680292 -0.41036028
 11760 -1.4292904 -1.0869184
 1085 -0.12866744 -0.13342358
 2025 0.5206447 0.39713636
 10790 -0.72887367 -0.82679
 1571 -1.1017762 -0.96362007
 8127 -0.9217664 -0.45775855
 5912 0.24670175 0.17191407
 6166 1.2652878 1.1577963
 341 -0.22925068 -0.75310147
 3737 -0.69291055 -0.69584167
 3044 -1.2740133 -1.0925022
 7342 0.16269757 -0.05915603
 201 -0.4893957 -0.5437275
 9209 1.3087759 0.20478919
 947 0.98511875 1.2571553
 8287 0.42502415 1.0237143
 7946 -0.51069266 -0.46026918
 2216 0.117157534 0.069843054
 2313 1.4586086 1.4152826
 8252 -0.01624826 0.02689445
 5062 1.4695796 1.1456449
 760 -0.65737194 -0.6358361
 6901 0.020744856 0.03332372
 3004 -0.75452816 -0.5964607
 8915 0.57124275 0.5999161
 11691 1.2232246 1.2011466
 6251 -0.69396305 -0.44072977
 4344 -0.8021741 -0.8178644
 9485 -0.12619162 0.31110284
 2314 -0.027211424 -0.03647788
 10408 0.24624471 0.21206337
 874 0.012947882 0.166877
 10372 -1.652649 -1.6035614
 6665 -0.9603511 -0.8966497
 9159 -0.16639172 -0.036879204
 11105 -1.0341085 -0.9707806
 1047 -0.52334917 -0.44541982
 3934 -0.88902223 -0.9752464
 9608 1.0665596 0.7024151
 6728 0.90832525 0.36304724
 8208 1.5839378 -0.5877342
 6051 -0.43778506 -0.62264526
 1608 -0.650627 -0.80812097
 4876 1.2592882 1.1404774
 276 -0.095562965 1.5064552
 5553 1.3280449 1.3791687
 6406 -0.40090102 -0.31502548
 10780 -2.1161466 -1.9581559
 9196 0.8444669 0.9960344
 124 -0.8314954 -0.7398448
 3204 0.04598865 -0.008484513
 8793 -0.7637902 -0.781935
 2891 1.0934128 0.6934402
 8189 1.1748691 1.0649399
 10730 0.9607161 0.791484
 9183 -0.0011585514 -0.46557075
 6465 -0.6213085 -0.06831882
 1491 -0.24562438 -0.26329938
 11437 -0.9075559 -0.8515142
 978 0.585511 0.5185677
 10228 -0.7213962 -0.5514436
 10933 0.57835215 0.75635624
 992 2.493792 1.3724862
 2541 -0.5846931 -0.57883036
 7235 -0.83811384 -0.16707295
 5616 0.018570194 0.0042926073
 4922 1.1721824 0.5798805
 7051 0.161591 -0.11292256
 7521 0.3277034 -0.5650878
 6978 -0.9391032 -0.924227
 10147 -0.5482414 -0.21603273
 11879 -1.7227999 -1.4979593
 8670 -0.35041896 -0.28278995
 575 1.0447422 1.120162
 9365 -0.32979587 -0.139069
 1192 0.21457778 0.93747103
 825 -1.1138422 -1.0736631
 585 -1.4156556 -1.3652282
 11607 0.7952514 0.59120023
 7330 0.7098826 0.86775637
 1582 -0.99467444 -0.614378
 175 -0.004066201 -0.03396315
 6177 0.7124263 0.8740469
 3511 -0.47140524 -0.18430114
 1522 0.48440337 0.4799125
 889 0.4428056 0.66441536
 376 0.50079036 0.56506395
 7712 -0.55373853 0.15370247
 1668 0.04626644 -0.5934834
 361 -0.21988322 -0.144706
 4570 0.43175304 0.43554065
 7813 -1.4123204 -0.9052378
 9558 -0.0915006 -0.64670527
 8063 0.97055113 0.9377881
 5286 1.2788941 1.2456676
 3364 -1.8272653 -1.8185838
 5004 -1.7930152 -1.445814
 5722 0.21343957 0.10089305
 8863 0.8326392 0.9126539
 2679 0.6104491 -0.41563514
 105 -0.76267904 -0.76653266
 8884 0.36404878 0.021913975
 635 -0.7382952 -0.63575315
 407 1.2314415 1.075406
 7577 1.0838807 1.3064113
 6571 -0.7894076 -0.649356
 2387 -1.2159429 -1.0931343
 2774 -2.2114959 -1.2959068
 6137 -0.41680807 -0.55361795
 7862 -1.1167632 -1.0737163
 5307 2.2488458 2.0052168
 11132 1.848423 1.8474865
 214 2.1574233 2.1098416
 5786 0.56868994 0.56036985
 6123 0.3570737 -0.022883609
 7823 -1.0088056 -0.9378178
 1892 -0.80108494 -0.5990858
 4337 -0.6057384 -0.6460999
 9886 -0.13546053 0.23088282
 9248 -0.84635955 -0.7748399
 11034 -0.69810796 -0.84651244
 8537 0.85306656 0.90426254
 6889 0.20139411 0.041854292
 10811 0.557922 0.5744705
 9036 1.878689 0.8786169
 1602 -0.6639404 -0.97342837
 884 1.8769412 2.0866754
 804 -0.89153975 -0.5902983
 4524 0.16645327 0.11231823
 9870 0.30018085 0.2727925
 9132 -0.07445902 0.6154419
 506 0.64440477 0.6515881
 3175 2.2086837 2.2204187
 562 -0.77045584 -0.540465
 4114 -0.21003672 0.33849975
 1295 0.14010839 0.08788845
 11247 1.150946 1.2623713
 3333 -1.1393496 -1.167407
