 994 0.9384331 0.6156063
 827 -0.14235581 -0.32208097
 5893 -0.31263828 -0.2833949
 2773 0.13172741 -0.13697904
 11228 -0.9867867 -1.075725
 1788 -0.7288608 -0.94603205
 5631 0.08642804 0.106546566
 8536 2.13281 2.1085675
 1414 -0.7432318 -0.8507804
 8866 -0.5857956 -0.18995872
 128 -1.2195582 -1.320835
 33 1.6372602 1.5654509
 8717 -0.2580086 -0.86497116
 4926 0.3690293 0.2088103
 10601 -0.11797016 -0.27714092
 11583 -0.48625475 -0.23159337
 3467 -0.5410706 -0.556728
 4381 -1.8109746 -1.8060395
 6186 -0.939893 -0.77452636
 10123 -0.29996485 -0.30727565
 4079 1.4866624 1.4665798
 11857 1.8724974 2.0938425
 1516 -2.1925602 -1.9122039
 5315 1.4927844 1.472903
 3322 -0.73526883 0.24861929
 4328 0.48883063 0.14299905
 3158 -1.1221788 -1.0204077
 2012 0.3305959 0.2519448
 11814 -1.1825229 -1.3214506
 7679 1.1669286 1.1367477
 8886 -0.2281826 -0.1053324
 11339 2.8906171 1.2988247
 162 0.7927944 0.7362108
 2510 0.79411596 -0.5015034
 6559 0.6394004 0.9092917
 9292 0.48793536 1.3206495
 8031 -0.5542904 -0.53703964
 9423 -1.1229091 -1.2372359
 6095 -0.95894516 -0.8616735
 2308 -0.10482454 -0.16803354
 332 0.11766682 0.20043468
 5875 0.3510842 -0.037984893
 2262 0.5016861 0.078469545
 1908 0.513346 0.39592358
 7520 1.7003534 2.1926637
 11570 -0.032466553 -0.019419156
 4747 -1.7433033 -1.7295904
 7947 -0.15631557 -0.049038574
 1797 1.3374903 1.3620089
 9961 0.26613665 0.10098106
 592 -1.1759343 -1.1046938
 6952 0.02544257 -0.041018702
 6249 1.3264551 1.4669865
 8052 0.27381766 0.4579969
 3371 0.92483276 0.831245
 1894 0.7251355 0.616187
 505 2.644325 2.6038609
 3536 -0.66244555 -0.22884935
 4055 2.0487576 1.8849728
 3649 0.5735783 0.50285965
 9218 0.21563761 0.24243912
 1832 -0.17942503 -0.060059227
 4284 0.21092018 0.099359855
 467 -0.35431215 -0.72293675
 9637 -1.5839821 -1.4464666
 3102 0.18262756 -0.00972103
 9238 0.6424346 0.23839393
 2196 1.2134808 1.120031
 6914 1.1802508 1.0335159
 9962 -1.3166369 -0.94976676
 6705 -0.82824534 -0.8787892
 11121 -1.3733203 -1.2799596
 2003 -0.2588658 -0.140466
 6151 0.943774 -0.3625043
 3568 0.07893865 0.060395114
 6778 -0.49578264 -0.3117173
 5186 0.31754607 0.24581787
 2255 -0.54026467 -0.49858165
 9661 0.37570596 0.61474013
 10948 1.2012699 1.3617166
 10970 0.4998103 0.58397365
 9418 -0.537071 -1.0569857
 6985 1.0814828 1.2293218
 11021 0.7291919 0.5538012
 10548 -0.2990957 0.37945384
 7261 0.50663316 0.7274797
 5420 2.0326107 1.8813711
 4463 0.6512341 0.726345
 10056 -0.03592016 -0.027342178
 8809 -0.30582002 0.040130243
 9703 -0.2628461 -0.10952713
 4492 -0.85230184 -0.74025774
 3386 -1.0793694 -1.0598184
 2360 2.0142057 0.6164622
 3439 0.56731606 -0.1226243
 8706 -1.152415 -1.2399626
 9984 -1.6145654 -1.6781164
 1937 0.7402724 0.679333
 789 -1.5624886 -1.5659596
 2529 -0.92767656 -0.89436173
 11491 -0.11393805 0.59415424
 7306 -2.4000993 -1.9586354
 3488 -0.23824362 -0.111390986
 9379 -0.5702121 -0.47734296
 10733 0.2221772 0.22257668
 493 1.7661378 1.6771878
 2000 0.06817902 0.23470882
 1838 -0.95280254 -1.0081309
 42 0.8271375 1.191907
 8430 0.30295923 0.4216824
 4901 -0.5424192 -0.12718204
 10621 -0.6068262 -0.741601
 3863 0.047122736 -0.11233931
 9265 0.35643974 0.3220647
 10660 0.19593316 0.41576684
 4047 -0.8406543 -0.7447905
 11041 -0.833572 -0.46758163
 3613 -1.1912556 -1.1502877
 4423 0.24648263 0.21597624
 7077 0.6305789 0.77462924
 9457 0.2999315 0.23977932
 4450 0.5787945 0.4009905
 6918 -0.47774312 -0.63217944
 2155 0.06824411 0.101826586
 11130 1.0107036 -0.017772958
 3435 -1.5876315 -1.370695
 3758 -0.4010688 -0.051647864
 6482 -0.6730521 -0.13704783
 4345 1.6822922 1.0011533
 10085 0.67949003 0.77018005
 3101 0.3432666 0.24785197
 5176 1.4614278 1.5970554
 7285 -0.61220187 -0.81324446
 10509 0.31527424 0.09161918
 2014 1.7241362 1.2129427
 7958 -1.3604699 -1.532792
 5172 -1.2424028 -1.2390853
 4437 -0.44307685 -0.5421637
 1907 -0.96542376 -0.91736877
 10301 -1.0411193 -0.70819926
 9623 0.08068425 0.3786127
 3106 0.38820753 0.40324754
 3094 -0.010571855 -0.025796168
 5701 0.87670875 1.0205274
 7242 -0.21955545 0.16513103
 1884 -0.5329027 -0.5666667
 8062 0.37566608 0.5883812
 10417 3.6842103 2.8620868
 11210 0.15748507 -0.14875558
 6750 -0.35480863 -0.21207139
 3422 1.2934227 0.9955488
 1024 -0.6528388 -0.5906608
 6345 -0.7674368 -0.7841047
 5157 0.6371588 0.56369424
 10442 -0.6842211 -0.61503255
 3965 -1.5936764 -1.5745889
 7416 -0.7787273 -0.8423266
 4828 0.12597263 0.6655553
 7428 -0.23261444 0.16400431
 4141 0.593671 -0.077766635
 831 -0.33641016 -0.26734897
 1679 -0.21920249 -0.27016914
 5060 -0.53372467 -0.51519394
 7463 -0.5546127 -0.41432488
 10319 -0.7085224 -0.51784456
 10359 -0.4210185 -0.11776545
 6929 0.49185243 0.40262353
 817 0.60010517 0.58430445
 2183 0.4562666 0.5620345
 10268 -0.91111356 -0.93814194
 271 -0.05146598 -0.07666324
 4760 1.7147472 1.6608652
 10518 -0.6748889 -1.4124622
 422 0.5128908 0.5163936
 3396 2.8683975 1.8892554
 807 0.34144998 -0.44200465
 10539 0.088580236 -0.4394797
 5308 0.43175626 0.4988707
 10593 -1.3078778 -0.521576
 2202 1.7008415 1.6393514
 11271 2.1612275 2.355774
 2139 0.21581273 0.086293444
 8121 -1.2448162 -1.0656482
 5584 1.9510434 1.749133
 11687 -1.035636 -0.6840391
 5131 -1.6589837 -1.7649044
 7222 2.1384697 1.8379825
 7993 -1.3547499 -1.399084
 6191 1.6482357 1.1234854
 11243 1.537205 2.974531
 10287 -0.800952 -0.79034925
 2137 0.7440758 0.15507275
 6825 1.1725019 0.65957665
 4235 0.089921065 0.10323788
 10910 -0.3688715 -0.22005975
 10000 0.3050523 0.3289988
 6654 0.22209696 0.48275295
 8321 -1.3194185 -1.17035
 9157 1.284999 0.057084277
 11595 -0.7644714 -0.66051865
 3137 0.45321777 0.3219361
 9389 1.1957214 1.0071071
 4325 -0.12293741 -0.6964178
 739 0.3999573 0.40857056
 1089 0.8763461 0.99405056
 447 -1.0918545 -1.4665452
 9007 -0.67073077 -0.5043806
 3433 -0.72349566 -0.8759396
 244 1.3740749 1.1910132
 6068 1.0676014 1.2269475
 7834 0.5247465 0.59029394
 6295 1.3697151 0.53357714
 10275 -1.6093547 -1.6439997
 8174 2.1464014 1.2967762
 11260 1.271825 0.9520257
 6086 1.1767962 1.136691
 7216 2.4746792 1.3511547
 716 0.044760585 -0.0654622
 11301 -0.10767122 0.043406524
 6839 0.6149886 0.26971558
 11704 -1.3660445 -1.1795858
 6989 -1.0698745 -0.60601574
 11646 -0.15617117 -0.2465406
 4348 1.2605832 1.1962093
 6389 0.5653211 0.017719503
 7963 -0.14030401 -0.15667626
 11540 1.0133119 0.93361443
 5614 -0.6050613 -0.5547118
 7419 0.15644312 0.0057963133
 556 -0.044254843 0.07599699
 10807 0.7464288 0.8676081
 9834 0.979363 0.5518519
 9605 0.40789822 0.00643003
 5991 0.112827465 0.1959362
 7890 1.0432259 0.32471168
 6889 0.20139411 0.49939182
 419 1.2665694 1.1935198
 10049 -0.585229 -0.565099
 4688 -1.1201141 -1.2102208
 160 0.19176628 0.2919089
 5959 -1.6678377 -1.547012
 4738 -0.16521591 -0.16508135
 3318 -2.2474384 -1.43746
 6231 -0.078063436 0.05996159
 9641 -0.19405955 0.45368975
 5762 -1.6336528 -1.513952
 412 -0.33723068 -0.15536109
 10142 0.71010035 -0.8157803
 7488 -1.0200722 -1.0128857
 8045 -1.1115255 -1.1532668
 1624 1.2017815 1.0231364
 4008 -0.6335497 1.1526549
 659 0.11436953 -0.055755608
 2877 -1.2368442 -0.78856415
 1157 -1.0650604 -0.95850503
 439 -0.038893823 0.11761706
 5763 -0.012958301 0.45569322
 11343 -0.39752948 -0.5346124
 7420 2.472361 1.5856732
 8012 -0.70560193 -0.29323232
 2417 0.17206 -0.04536035
 4417 -1.1841906 -1.2357225
 7118 1.2880226 1.194154
 6803 0.4031973 0.11818241
 2632 -0.8251969 -0.81189346
 1865 0.3841314 -0.8798796
 1820 -0.75732076 -0.72580206
 8165 -0.30949777 -0.47752547
 8778 -1.3801308 -1.3925344
 11785 0.39516836 0.41241133
 2875 0.3843849 0.37018526
 1077 -1.5319222 -1.4731859
 1311 -0.09524942 -0.124277435
 8597 -0.24402547 -0.18405691
 3747 0.8722475 0.95027375
 1521 -0.78826207 -0.4084862
 1506 0.23983808 0.2755763
 9032 2.0550544 2.2152197
 10050 0.31430656 0.4107639
 8226 0.2941295 -0.057828985
 6638 -0.37164623 -0.33779567
 6563 -0.5781228 -0.5266129
 373 -1.1240009 -0.74635035
 4337 -0.6057384 -0.6807265
 4724 1.1992245 0.7926116
 5560 -1.6911843 -1.6483272
 1356 0.14717467 0.18602642
 9525 -0.011002754 -0.04233311
 3027 0.3730486 0.15271655
 4857 -0.34923765 -0.3195423
 11030 -1.1811633 -0.9078088
 3119 0.5308928 0.69879246
 4752 1.2174621 1.6594975
 2836 0.5051796 0.69023585
 9592 -0.5116457 -0.54030454
 3769 -0.905687 -0.97657096
 8533 -0.41902307 -0.3930113
 935 2.2564287 2.1388054
 7439 0.39922294 1.173185
 8573 -1.4282933 -1.7262962
 4061 2.0600045 1.9373585
 5410 0.3266417 0.30957434
 5345 0.19551556 0.21465367
 2082 0.5480462 0.28882712
 7745 -0.5368097 -0.69860435
 11455 -0.7812751 -0.7470212
 5197 -0.44637093 -0.65102166
 4542 -0.78577065 -0.7967954
 4131 1.1512563 1.0509173
 11882 -1.2569717 -1.1388606
 3224 1.4516582 1.1072913
 9500 -1.6613679 -0.3588019
 7135 -0.07529514 -0.13530597
 10219 0.77713263 0.31719747
 269 -1.2340337 -1.1552907
 8901 -0.12911944 -0.054688297
 428 0.6630077 1.232026
 9515 -0.8509972 -0.8364655
 11445 0.69125587 0.31403053
 4658 0.8184783 0.6147853
 10949 1.09752 1.2681043
 10799 -0.69146293 -0.6453601
 4192 -0.19296442 -0.13123041
 10373 0.058443 -0.09538218
 1226 -1.2794889 -1.0870512
 3350 -0.43834245 -0.2092137
 2615 -0.075130574 -0.2575392
 10421 -0.38813633 -0.37956223
 8769 -1.5694375 -1.3733699
 8907 0.964249 1.3221639
 2738 1.2180607 1.0691098
 3363 -0.2784075 -0.27226013
 2716 -0.77501833 0.7924973
 11296 0.25510427 0.2906321
 8016 -0.2048178 -0.17931974
 10046 -0.46413955 -0.5268825
 2341 -0.087759115 -0.044222943
 9607 1.1625967 1.2346584
 10633 1.5989918 1.5420507
 4589 -1.0402081 -0.9487144
 3014 -0.19221218 -0.8555443
 2511 -1.5289999 -1.3385621
 6070 -0.5676951 -0.5070852
 11478 -1.0470947 -1.0673748
 3626 -2.5120513 -2.0170352
 9448 0.12439159 0.4174803
 8053 0.11245891 0.16271442
 6944 0.13732405 0.22001457
 8560 -0.18466641 -0.3762108
 204 0.97558576 1.2512513
 4040 0.10762871 0.9007724
 10831 0.19130467 0.3932412
 11794 -0.73834795 -1.0907958
 5799 0.8450478 1.0431046
 2547 0.4840348 0.51884764
 2759 -0.6410157 -0.76549256
 10295 0.3165174 -0.108322985
 10209 0.55383354 1.2173268
 4482 -1.2379581 -1.2067314
 1789 0.50144774 0.8691282
 10708 -0.7760681 -0.70336676
 8739 0.20043972 0.40110403
 10894 -0.8436316 -0.79961586
 9206 -1.7098137 -1.6595147
 10478 -0.15482254 0.11630015
 5317 -0.7213169 -0.44279313
 2714 -1.1930603 0.21465304
 4974 -1.0606598 -1.1929218
 9171 1.3855869 1.842239
 3342 -0.6247809 -0.17401528
 8738 0.087975144 -0.049288817
 7512 -0.59002936 -0.44397593
 3005 0.5922839 0.39627615
 7457 -0.28347057 -0.46781904
 3432 -0.79258573 -0.6395227
 1495 1.6649528 0.80780697
 8178 -1.8608309 0.63596
 913 -1.4271886 -1.3985118
 1942 -2.3462274 -2.328128
 2022 -1.4477563 -1.2271159
 6451 1.2803655 0.9321042
 6085 0.28509757 0.2920192
 11392 1.2342979 0.618208
 2690 -1.6706941 -1.5945812
 9346 -0.29383278 -0.17782313
 10164 -1.4463402 -1.4353808
 154 0.598581 0.5478589
 9384 -0.5236315 -0.31398338
 3246 -0.824243 -0.7440896
 7895 3.011465 2.8298478
 10262 0.583335 0.4632454
 9063 0.874667 0.5942844
 3335 -0.617231 -0.5723141
 1961 1.5789055 1.4541241
 2414 -0.07726398 -0.47400033
 3197 1.9682041 1.9517983
 4548 -1.2791516 -1.2385148
 9229 1.1604482 0.83804214
 2534 2.279579 1.4875914
 5334 -1.4982333 -1.035963
 3532 0.24175237 0.17948776
 256 -0.5351883 -0.47528392
 3236 0.31773356 0.27793998
 7026 1.5056894 1.4407495
 9462 -1.6706597 -1.6397215
 1140 -0.30643016 -0.21086627
 2662 -0.9550561 -0.90528977
 11359 1.3016707 1.4214458
 4794 0.032838903 -0.35650164
 4982 -0.14332214 -0.11360674
 3654 -0.9906749 -1.1092688
 11004 0.003204986 -0.061538897
 1197 -1.3072278 -1.2578107
 7619 -1.5745578 -1.1849623
 8827 -0.9765295 -0.8857126
 9472 1.051871 0.97037816
 6116 0.7112881 0.8744451
 3295 -1.4098046 -1.2552322
 8876 1.6347183 1.6434568
 1078 -0.15029766 -0.1901268
 2477 -0.3083403 0.0021223128
 7656 -0.2513535 -0.3162765
 7855 -0.95857936 -0.82394964
 1549 -0.46838573 -0.4359797
 1720 1.5363964 0.83385843
 4211 -0.26915374 -0.45763367
 7832 1.382081 1.3840748
 11167 1.3675157 1.3905569
 8601 -0.21433838 0.8074939
 9814 1.8035178 1.596253
 5198 1.0414289 1.0664494
 6932 0.5917242 0.36472479
 2923 2.9497242 2.6781704
 9665 -0.09514674 -0.17063716
 159 0.48749575 0.379947
 927 -0.75533223 -0.744946
 513 0.2792832 0.28453124
 4930 1.0376389 0.8158039
 11256 -0.5472819 0.6921696
 11321 -1.0117908 -0.6449381
 8618 0.3343516 0.89507437
 5946 -0.537324 -0.4947182
 5780 0.4335454 0.38179195
 1968 -1.4571655 -1.3663131
 4424 -0.99954545 -0.9281198
 9976 0.25904563 0.29486394
 1037 -0.64457244 -0.50431395
 1880 1.0245854 0.97331667
 9279 0.7654447 2.2263145
 2085 0.4275174 0.46136588
 11468 -0.7081951 -0.5058216
 8569 -0.15719524 -0.10033976
 1710 0.40215352 0.3496218
 4614 0.5780693 0.61213905
 1922 -0.0036476792 -0.14502287
 6643 -0.464829 -0.5682939
 6426 -1.022401 -0.9745414
 8197 -0.9219342 -0.5665697
 4434 1.0318364 0.92331016
 1606 -1.8024913 -1.7524242
 1570 0.28323644 0.6702335
 7376 -0.12680174 -0.2582345
 9868 0.31097075 0.14284644
 3844 -0.8220665 -0.7315129
 6648 0.24425478 0.1387665
 9066 -1.1824739 -1.183334
 10753 -0.57739943 -0.5625006
 3712 0.05404233 0.08912365
 9190 -1.1278241 -0.36045992
 4263 -1.2296913 -1.1537565
 10661 -0.76925665 -0.63557756
 3537 -0.555777 -0.5111134
 7575 -0.27430344 -0.87730205
 11670 2.6749368 0.82320607
 10045 -0.9928106 -0.9432894
 7037 2.8534145 1.1807746
 2369 -0.29332212 0.02370688
 11385 -0.6593243 -0.24143982
 661 0.27432555 0.7701808
 915 1.5307543 0.032414585
 11389 -0.78804386 -0.7186622
 120 0.7110112 0.66056824
 7621 -0.14086418 -0.7752343
 3385 -1.4355737 -0.7998598
 2672 0.9473825 0.83566076
 5732 0.14506419 0.37534416
 626 1.4853843 1.5329942
 2872 -0.26796463 -0.22478804
 3877 -0.07853788 0.26726377
 7359 -0.22002348 0.18378949
 840 1.3337883 1.1205944
 11861 -0.22234575 -0.25557047
 9720 -0.8576771 -0.8654237
 6957 -1.0228136 -0.8278749
 4222 -0.819097 -0.8783632
 1038 -0.48946494 -0.53061604
 1395 1.3992583 1.3480405
 7231 0.51898664 0.2559334
 5037 0.43000975 0.37824827
 11859 -0.7599066 -1.0830392
 9562 -0.29005784 -0.6113683
 7314 1.1012615 1.1298717
 7110 -0.17015521 -0.5113962
 6651 -0.5503491 -0.36207592
 10682 0.53366977 0.5359963
 3037 0.26379514 -0.7711314
 28 1.6633428 1.453509
 9960 -0.3676627 -0.33761075
 6604 -1.0405111 -1.0272167
 8540 1.1145245 1.0708437
 1173 -0.53208905 -0.5539952
 6807 -0.1982741 -0.23031712
 2345 -1.1417787 -1.1168555
 8997 0.8469726 0.8686873
 1735 0.302868 0.40872782
 4569 0.41687834 0.41897184
 4469 -0.038516555 -0.047216423
 7030 2.3812633 1.4206816
 4016 0.9436314 1.3080267
 5483 0.47825435 0.46664393
 1194 -0.9049902 -0.943288
 1123 -1.1571957 -1.0959337
 5965 0.3108768 0.27951717
 10083 0.68842566 0.7469967
 3967 0.36942172 0.37804538
 11471 0.11411191 0.027733855
 8469 -1.1481854 -1.1110317
 11261 1.3159046 0.44531322
 6658 0.61107844 0.7402091
 968 -1.115096 -0.8127967
 2018 0.92869985 1.2585007
 8283 0.9830472 1.1022948
 5726 0.6757279 0.73581994
 11658 -1.6681696 -1.6599036
 3397 2.9377131 -0.37885493
 9520 1.7061691 1.2357055
 7396 -0.07142209 -0.054821543
 7537 0.022878265 -0.13642225
 7544 0.4992955 0.3908907
 1535 0.7125652 0.6792792
 11586 0.17687552 0.0058786944
 6132 -0.64233816 -0.6172826
 9486 0.41193676 0.3561043
 6698 3.0786068 2.4039445
 10496 1.4514351 1.2894741
 206 -0.21609223 -0.17790619
 5265 -0.9535718 -0.7694676
 9459 2.700154 2.291905
 6419 -1.3049142 -1.238807
 3774 0.34068856 0.3063617
 2142 0.076190986 0.19927493
 7051 0.161591 -0.27066106
 5436 -1.1084995 -1.3862346
 5163 -0.6588384 -0.7810346
 7312 -0.936053 -0.8116858
 4608 1.5631808 1.0209833
 6538 1.5890371 1.7539599
 10008 -0.5810745 -0.46090007
 8438 1.0750052 1.0109842
 6114 0.57825315 0.55164725
 9188 -0.28349304 -0.4135802
 11779 -1.4969883 -1.3681363
 8524 0.3503251 0.35422346
 8027 -0.46219087 -0.4158133
 7061 -0.1898757 -0.13105166
 1444 -0.96367496 -0.86060834
 7373 1.8706468 0.029003005
 7148 0.17466968 0.08503422
 9894 0.5450615 0.47706097
 8305 0.93810993 0.9753648
 2181 0.06613591 0.12558502
 1217 -0.3125755 -0.07930585
 1996 0.49438968 0.13135237
 10006 1.3068281 1.0580922
 6454 0.90354824 1.2025403
 11143 0.6065925 0.67926943
 3547 1.304114 1.3786308
 6365 -0.5932189 -0.2690882
 3441 -1.0090202 -0.91602886
 6014 -1.2559769 -1.1307868
 7949 -0.39928883 -0.749913
 10764 2.1459055 1.9648612
 8530 -1.63326 -1.6682087
 1680 -0.5973982 -0.5379509
 3314 -2.4245226 -1.4989451
 10134 0.29055303 0.2587843
 18 1.9153049 1.8324184
 675 0.22429363 0.21347556
 4387 -0.71592516 -0.75602114
 7480 -0.58707356 -0.49793178
 4100 -0.7633469 -0.70760155
 9502 0.5226259 0.581036
 2195 -1.12589 -1.051634
 6525 0.52399015 0.51299065
 10955 0.21158259 0.2386249
 1499 -0.22856903 -0.36364165
 4571 -0.42341504 -0.45490062
 593 -1.7120874 -1.6158992
 10159 -0.51340365 -0.73684293
 8377 -0.55290514 -0.40125924
 4831 -1.426027 -1.4003944
 321 -0.32964596 -0.2826264
 2539 -0.048169605 -0.21871397
 3993 0.5455282 0.45995012
 4587 -1.7398313 -1.6072074
 10882 -0.26998115 -0.53265643
 293 0.2653042 0.044728164
 5280 -1.0036353 -0.900895
 6314 1.1543028 0.40613964
 872 0.36371872 0.44335118
 3163 -0.592838 -0.82190037
 888 -0.3873332 -0.42347094
 1645 -0.5906982 -0.5576527
 3850 -2.2328887 -2.1194344
 10947 1.4316688 1.1399845
 664 0.31366065 0.13759649
 4444 -1.2020857 -1.0492363
 1001 -0.57604074 -0.21768963
 5989 2.2401874 0.88737935
 8072 -0.07343631 -0.0113179125
 6420 0.17812696 0.4857224
 8450 -1.0326926 -0.71700174
 6637 -2.1928256 -1.8940569
 5863 -0.23527639 -0.21196154
 957 0.3075098 0.8708391
 4884 0.06436327 -0.0011414438
 3178 -0.4375279 -0.47452712
 346 -1.0200453 -0.9742403
 8170 1.2470703 1.6471689
 5242 0.48955262 0.5069462
 11146 0.5148716 0.51778144
 5316 -1.0202085 -1.005001
 426 0.36436507 0.4255202
 1167 -1.4059087 -1.263076
 5158 0.114780255 0.011904221
 2021 1.3226991 1.0111334
 8860 -0.414693 -0.39968827
 2556 -1.8342385 -1.4341695
 5999 1.9358524 1.9200526
 762 -0.13777225 -0.023270719
 10310 -1.0364207 -0.82631946
 9019 -0.05063673 0.23547131
 5906 -1.051934 -1.055271
 11192 0.014445485 0.32868823
 1105 0.44479233 -0.16506287
 5507 -0.00839765 -0.024613485
 11481 0.0855447 0.060402922
 5344 0.10293192 0.22793794
 5366 -1.7173544 -1.6135998
 11432 -0.3132255 -0.020864852
 11578 -0.02169867 -0.06339114
 10086 1.7755145 1.4794327
 6722 0.18071097 -0.0027457215
 435 -0.1376957 -0.24778727
 6842 0.6892953 0.34705466
 3375 -1.0681399 -1.0794171
 9645 0.11790153 1.364587
 7777 -0.16069973 -0.52427316
 6836 -0.7377272 -0.7441759
 9970 -1.394631 -1.3073425
 4436 1.1810365 0.17558163
 8394 -0.42265043 -0.4875803
 4768 2.5405688 2.0805116
 10105 -0.7233948 -0.6167128
 10825 -0.090515494 -0.15217781
 11725 -1.3131719 -1.391291
 8579 0.74048513 1.0218608
 1107 -0.13474816 0.11516561
 4734 -0.09506835 -0.7941301
 9159 -0.16639172 -0.051911302
 2931 -0.32654625 -0.62328494
 10456 0.6158825 0.0802212
 6418 0.053770956 0.20999217
 3062 -0.07204369 -0.16085151
 6184 0.61307204 1.0037661
 9342 -0.7408925 -0.6008798
 6228 -0.5078639 -0.39670944
 6213 -1.0761409 -0.88356715
 8566 0.08285983 0.05893854
 8429 0.3032219 0.23058149
 3529 -1.4742997 -1.188625
 483 0.09003567 0.0017857514
 3760 -0.99206066 -0.9565588
 5169 -1.7158455 -1.6311071
 1567 -0.47267225 -0.39824414
 6503 -1.3536516 -1.2609383
 4864 0.0986078 0.05774032
 8310 -0.22930706 -0.32380414
 5791 -1.6501008 -1.4872708
 9998 1.4758124 1.2678379
 7790 -0.49456605 -0.650711
 11320 0.08485663 -1.471923
 4700 1.7336046 1.666142
 9843 -0.32343322 -0.4317457
 7136 -0.46440083 0.29387653
 11023 -1.6105896 -1.5875893
 11562 0.26838374 0.21905485
 7089 0.5700972 0.5531432
 1850 -0.7197056 -0.7963983
 4255 -0.2568965 -0.24115652
 3313 -0.9633958 -0.66480887
 308 1.2416034 0.9774197
 11163 0.8702622 1.0582241
 11506 0.63798577 0.6737242
 6294 1.8672332 0.71400213
 8718 -0.6672469 -0.63909495
 3783 -0.6782866 -0.73667896
 9175 -0.1480822 -0.15457168
 6605 -1.4817249 -1.4121215
 1609 1.2247612 0.6179807
 4611 -1.8022314 -1.611343
 10600 -0.09145338 -0.5297339
 6569 -0.68487936 -0.8873153
 1460 1.325653 0.6769023
 6792 1.162654 1.2648987
 9820 -0.12192022 -0.5105952
 9991 -1.2761165 -1.2352327
 9986 -0.6672208 -0.64001834
 3153 0.9675105 -0.1209278
 11705 0.35144728 0.41651863
 3963 -0.7534697 -0.8587811
 9263 0.37166283 0.20854399
 1475 1.0417365 0.182179
 135 -0.804567 -0.8070888
 1246 -0.8343531 -0.8134208
 336 -0.56786424 -0.47716123
 6887 1.8393553 1.8673842
 1199 -0.5163677 -0.42384487
 433 1.4977754 1.56868
 4940 1.4308065 1.4940083
 227 0.09707032 0.004132271
 2471 -1.4898834 -1.3682474
 11193 -0.5551674 -0.65734184
 3461 1.1947684 1.1278232
 9874 -0.55400854 -0.5529675
 88 -0.58926845 -0.652539
 5124 -0.018138712 0.28446478
 1035 -1.7384552 -1.4068307
 3660 0.2243491 0.10242918
 932 -0.04278887 0.04223463
 8194 1.4697006 0.7695116
 10227 -0.09669522 0.18193775
 7885 -2.5230608 -1.2407451
 1474 -0.48090106 -0.48823273
 5565 -1.5405062 -1.2491761
 4576 -1.6743554 -1.5555618
 6016 -0.061249673 -0.033085465
 601 -1.6076298 -1.6063532
 5700 0.15341309 -0.6506202
 6141 -0.014368807 -0.04393681
 3216 1.0816231 0.9798424
 10002 0.4515996 0.44606104
 7144 0.6672681 0.78875417
 3781 -1.3903633 -1.300867
 8346 1.2898631 1.3651394
 5836 -0.57115555 -0.25132686
 9648 -1.3219393 -1.4092373
 1618 1.6426047 1.6550819
 9830 1.2909441 1.5340766
 2535 1.3005426 1.1512991
 319 -1.8288821 -1.6057824
 5562 0.69181097 0.6454355
 2826 -1.3006479 -1.4206116
 5894 -1.797111 -1.9325329
 4133 0.20084311 0.3231333
 11450 1.8182211 1.3627706
 1698 -0.80737746 -0.8812213
 8488 0.9196913 1.2578123
 6520 0.13876207 0.47927266
 6445 -0.074355416 -0.25379154
 6924 0.18556592 -0.12974977
 7014 0.43740377 0.7965718
 4787 -0.18800817 -0.3885861
 1969 0.3251872 0.42156655
 3709 -1.0047832 -0.8739213
 4097 0.19128816 0.17294449
 7191 1.0445855 0.93983185
 11630 -0.85006255 -0.92557335
 5963 -0.71341676 -0.64023954
 11377 -0.25965518 0.19646809
 1183 -1.7327238 -1.3681005
 9763 -0.47339287 -0.4906429
 3716 1.4169797 1.298458
 8496 0.91608006 0.8272849
 5660 -0.6124036 -0.5954707
 1345 1.4333336 1.2845124
 5495 0.51737124 0.55613214
 2779 -0.6191925 -0.619786
 9560 -1.2884727 -1.2536473
 6981 -1.3478024 -0.7466002
 4681 1.4775558 1.4579476
 4758 0.41600874 0.57469916
 8108 -0.7044142 -0.62892354
 1714 0.11228976 0.31059432
 2570 1.4058552 1.1025437
 9506 -0.7069519 -0.7433418
 9134 -0.9319319 0.7837003
 10628 0.05174023 0.11204477
 8125 -0.20858541 -0.6328889
 10967 1.0440735 1.0799294
 11551 -0.706841 -0.69761413
 1566 0.15104818 0.05276312
 7219 1.1310769 0.91883934
 4572 1.9189771 2.179428
 9010 0.41517994 0.31395346
 5705 -0.46812904 -0.53019863
 1465 -1.3748821 -1.2543598
 2641 0.30401266 -0.20186695
 6134 0.87625355 1.1579462
 2294 -0.06912137 -0.11821326
 2487 -0.37764305 -0.37106758
 2790 -0.45585483 -0.43829644
 2801 0.50064 1.1984648
 4279 0.675711 0.6232009
 3232 2.7652862 2.1147661
 10562 0.8032318 0.30204862
 10742 1.8891608 1.6208457
 537 -0.779055 -0.86174357
 5309 0.7065977 0.34293365
 4234 -0.3098471 -0.2685366
 2710 -1.202662 -1.0035582
 1778 -0.23836786 -0.2540402
 4129 -0.47440365 -0.7170611
 5752 -0.9043361 -0.94399554
 9391 -0.4151271 -0.007239744
 2675 1.1464697 0.09105862
 6157 -0.76284087 -0.5643206
 3328 0.053730614 0.015858427
 3653 1.0534827 0.56215745
 2966 0.60996133 0.7011563
 2993 2.6346898 1.7403868
 10884 3.7164671 2.4791965
 5898 -0.416401 -0.53691906
 7675 0.5835697 0.32790047
 820 -1.2223732 -1.0849563
 4677 -0.5787453 -0.63881934
 2376 -1.1003996 -0.44992694
 6562 0.1747852 -0.011733346
 9579 -0.7454995 -0.6387441
 8159 0.38879198 -0.011697434
 8254 -0.597775 -0.16228989
 149 -0.7521926 -0.83262074
 1398 0.24039091 0.3600209
 9182 0.17309552 -0.9449867
 7944 -0.40544885 -0.8438736
 4085 -2.376917 -1.6611296
 11159 -0.54976875 -0.61739254
 10863 0.22581783 0.2963069
 2489 -0.3484258 -0.48956215
 2518 -0.94577616 -0.98755586
 10354 -1.7195016 -1.5819438
 1867 -1.5802232 -1.797404
 6222 1.7326629 1.5476576
 11397 1.1287488 1.0885533
 2037 0.10413981 0.23590133
 6519 -2.0014544 -1.3200294
 11203 0.27635857 0.23225993
 9897 -1.1403054 -1.0044045
 5594 -1.2860711 -1.1666932
 2893 -0.042784747 0.16132282
 11730 -0.73232406 -0.8272748
 6809 -0.5752578 -0.5549345
 10679 -0.80943936 -0.75953245
 4782 1.3527441 0.90082633
 3791 -1.9361405 -1.8219601
 8145 0.6223469 0.07994636
 9926 0.7561382 -0.89051425
 8701 0.05546842 0.08911302
 11452 -0.71233445 -0.42986685
 8332 2.462985 1.6072271
 8309 0.03328676 -0.39252907
 11170 0.9752195 0.867043
 153 2.3613846 2.3290706
 10395 0.45807043 -0.4135192
 5760 0.034005996 -0.073114775
 4840 -0.2176948 -0.18925157
 6212 -0.46882764 -0.55631936
 3805 -0.3229313 -0.31485382
 7850 0.3662977 1.04201
 2267 0.78144157 1.3492669
 10680 -0.22432606 0.17929113
 10324 0.79094064 0.57312584
 792 -0.24717516 -0.11791173
 1786 -0.04146959 -0.038070343
 2081 -1.5866528 -1.5910677
 7381 0.13588697 0.4545163
 796 1.9832764 2.203889
 8846 -1.994884 -0.6536794
 1333 1.8193016 1.7496998
 123 -0.21451531 -0.09328782
 7940 1.831336 1.0830032
 8525 1.0467744 0.9055399
 10305 0.9138224 0.16692814
 10805 0.9265715 0.901727
 778 0.13849345 0.18245354
 7337 0.28375217 0.07325861
 6433 0.8910521 0.8295723
 7793 -1.9730686 -2.0295563
 2983 1.7432535 1.7764205
 7096 0.39077184 0.4144668
 4167 -0.49074662 -0.39050123
 5310 0.3599896 0.29597533
 2764 -0.6278265 -0.7921713
 3374 -0.30335334 -0.28990453
 2882 -1.2519664 -1.2102491
 9887 -0.8656056 -0.91509235
 6227 -0.2257902 -0.5066278
 11444 1.6739479 1.6982379
 8434 1.140417 1.1637489
 6205 -1.0753919 -0.4926548
 10405 0.52307606 0.24379086
 7529 -0.49948928 -0.52559185
 4966 -0.5288807 -0.2461921
 10367 0.21338181 0.031209
 2796 0.16042757 0.07426959
 5454 -1.849302 -1.9127728
 10557 0.527413 0.5554339
 1580 1.1702026 1.2593347
 9662 1.8012758 1.7829983
 1677 -1.4395206 -1.5902257
 8339 -0.103097275 -0.14434007
 3601 -1.1220944 -1.0807327
 11287 1.6022978 1.4662689
 1899 0.6980301 0.7339796
 1440 -0.8708493 -0.8935129
 1132 -0.4415325 -0.5139152
 2130 -1.171039 -1.2867261
 3060 -1.2476624 -1.2053785
 11456 -0.90248 -0.6919397
 11433 -0.16024728 1.0221921
 10053 -0.5800862 -0.5319189
 2668 0.058747835 0.1816054
 10071 1.1240584 -0.7758609
 2682 0.5869816 1.0200802
 11795 -0.8126179 -0.73507226
 8871 1.6123616 1.9192975
 5072 -0.24194019 -0.010206841
 5787 0.069832936 0.15508065
 6677 -0.5594035 -0.65520215
 10012 1.6381165 1.4672798
 5889 0.7097501 -0.16442183
 4125 -0.8802635 -0.7932614
 8147 0.26020032 0.25021216
 7058 -0.037661634 -0.023678564
 11054 1.0611233 1.2494656
 6511 0.49417514 0.44714588
 8028 -0.6182881 -0.4993242
 684 -0.8839885 -0.9267117
 3834 -0.33887085 -0.28580528
 11856 0.3148892 0.33681002
 5549 -0.40039358 -0.31931663
 3420 -0.5018395 -0.5452659
 7602 0.98157984 0.958198
 11247 1.150946 1.1589328
 7703 -0.103660196 -0.107784174
 3391 0.038033523 -0.035859555
 11723 -1.2469336 -1.0810364
 11344 -1.8527176 -1.348198
 1328 -1.6125934 -1.4257196
 6123 0.3570737 0.38860944
 4225 -0.7231615 -0.38073796
 6018 -1.173734 -0.9918057
 3883 0.3418836 0.37471002
 818 -0.80295753 -0.79689884
 899 2.892111 3.3829098
 11879 -1.7227999 -1.6026882
 1572 -1.807718 -1.9493893
 3764 0.051621962 0.11165509
 1585 -0.51066655 -0.42305392
 3388 0.6113035 0.51817346
 9383 -0.048850793 -0.25635183
 10039 0.5118351 0.22416726
 580 1.3076749 1.167117
 8758 0.34755498 0.2817773
 6967 -1.3658177 -1.4157037
 6456 0.20480096 0.5128856
 3931 -0.34872285 -0.36122736
 3912 -0.5040628 -0.5263374
 5582 0.8455387 0.63121015
 3755 1.5660921 2.3408473
 10859 1.8601613 1.7731285
 6978 -0.9391032 -0.7653357
 4601 2.0742428 2.1922522
 11441 -0.8189301 -0.67299914
 7924 -1.6850646 -1.4685398
 1006 -0.6693152 -0.7428683
 7750 1.2233186 1.3797235
 9135 0.6844541 -0.0063570812
 10752 0.5581838 0.52355564
 9956 0.36749136 0.20419455
 7681 1.5190234 1.4474021
 10672 0.044754628 -1.7551944
 9691 0.060995843 -0.0045915246
 365 -1.1194888 -1.149412
 9754 0.3103079 0.8661791
 3189 0.20179476 0.27339762
 2588 -1.0238591 -1.0057721
 90 0.35687798 0.18489176
 11525 -0.6168327 -0.8867667
 6152 -0.27868578 -0.44171828
 9980 -0.6924705 -0.66640455
 10737 -0.018820817 -0.0073061883
 9009 0.18728264 -0.21438801
 7517 -1.0420083 -0.7454669
 7811 0.7828411 0.7636498
 1172 1.6273632 1.2781749
 3845 -1.3997207 -1.1175605
 1547 1.2407284 0.83139837
 3540 0.18890813 -0.18203214
 9935 -0.7639108 -0.7117154
 1556 0.3896249 0.4713393
 8360 0.17069212 -0.21950307
 2236 0.12803268 0.27098066
 1666 -0.16145243 0.0016308837
 3297 0.330154 0.23330942
 3268 -0.1926582 -0.20314378
 9983 0.25587118 0.34365124
 3405 0.4227798 -0.08502305
 10278 -0.23840132 -0.11774037
 10929 0.7747718 0.8205037
 1998 -1.0879328 -0.41241863
 918 -0.56498957 -0.4163025
 4154 -0.20621318 -0.114461385
 9824 1.547508 1.1366307
 11122 -0.9784525 -0.79679
 3999 0.73371863 0.7141565
 10322 1.3275741 1.4864689
 2777 0.95261014 0.7885423
 1010 -1.3628894 -1.3587437
 3661 1.7096351 1.3573152
 11514 -0.5893968 -0.61787724
 7740 -0.5647778 -0.5858889
 10826 -0.9550405 -0.52255976
 6837 -0.6593839 -0.50995386
 10441 -0.36834663 -0.45196027
 8353 0.008877263 -0.2821216
 9245 0.38354328 -0.03200262
 5866 -0.3124247 -0.31464183
 2243 -1.6095757 -1.44954
 11733 -1.0763261 -0.9022065
 5237 0.92151624 0.94947696
 1208 -0.399419 -0.44644803
 1574 1.1717744 1.1096915
 5727 0.3428733 0.33685187
 10527 0.16398385 0.29646033
 1906 0.121934555 0.26488525
 10051 1.1334758 1.0012958
 10302 -0.768575 -0.45535946
 8747 0.93332607 0.98725116
 9531 1.2131686 1.1570805
 4508 2.649405 2.153792
 8518 0.81745464 0.7101861
 2240 -0.83356786 -0.97514284
 8350 0.5629837 0.4258185
 10662 -0.1085376 -0.051838614
 8039 -0.790808 -0.7138082
 1933 -1.0239426 -0.55811024
 2850 0.4582116 0.49039453
 5379 -0.635888 -0.4782644
 5273 -0.32822308 0.4179511
 10221 -0.21878213 -0.23294604
 6927 -1.4669285 -1.2327818
 11331 -1.2398127 0.3050425
 4756 -0.9846093 -0.9938508
 3827 -0.96507674 -0.95882523
 6907 0.5642842 -0.06638891
 1755 -0.3617406 -0.2753266
 7769 -0.17109494 -0.077498466
 3365 0.047779627 -0.034422256
 8564 -0.98928916 -0.9208775
 8242 1.2492657 1.1873876
 10802 0.24447574 0.20773524
 7244 -1.1766976 -1.0508922
 11443 0.22340709 0.3263045
 9606 2.6095607 1.7401577
 1081 -1.3466734 -0.9764997
 4941 1.7723203 1.5647379
 2955 0.87868994 0.21367726
 10713 -0.44082654 -0.98988163
 11061 -0.6210678 -0.6483412
 3307 0.39961535 0.3642198
 3165 -0.17748919 -0.035690136
 1558 1.1308982 1.014219
 9752 -1.6325407 -1.6666688
 4615 -1.1602615 -1.2453915
 11208 -1.3570057 -1.4538718
 245 -0.9661393 -0.9592439
 86 0.8303147 1.4939305
 4735 -0.056875136 0.068885125
 938 1.1219071 1.05564
 4295 -0.1608831 -0.15473917
 477 1.3733768 1.2996525
 4072 0.9860841 0.8989245
 11807 0.846709 0.68226415
 1988 -1.5533956 -1.3587867
 9964 -1.7105967 -1.2163156
 1921 0.41531792 0.13283485
 4246 -0.18486628 0.0307036
 7179 -1.3322208 -1.3485209
 11580 0.26384327 0.26094216
 5244 0.55688375 0.5171978
 3681 -0.6734592 -0.680866
 8570 -0.16048658 -0.21007413
 6324 0.63297224 0.20528716
 10869 0.20442691 0.23965871
 3413 0.23527421 0.1783705
 6496 -1.9157718 -0.88052845
 8624 1.3649298 0.98292506
 8734 0.40565526 1.4694849
 6179 -0.68876386 -0.668522
 5313 0.21736717 -0.09138527
 6754 0.1127477 -1.3901162
 11165 0.68262136 1.2387099
 2732 -0.20960583 -0.14331317
 2277 1.604533 1.2001992
 2582 1.7281257 1.3979326
 10813 1.8637148 1.7008027
 7499 -0.9610043 -0.88772476
 7979 -1.0010903 -0.8661996
 11352 -0.7582509 -0.6733078
 11668 -0.5210292 -0.31863362
 6337 0.97272444 0.80942297
 5761 1.0188118 1.0654036
 11818 0.06530437 0.4564084
 8667 -0.12153837 -1.1606907
 209 -1.5601269 -1.7383331
 2468 -0.7336117 -0.7728975
 2099 0.99698585 1.4753354
 8941 1.115274 0.923316
 10229 -0.6849027 0.18019256
 3458 1.1091869 1.2618027
 1551 0.46890157 0.47414026
 4361 0.8633059 1.1384192
 7486 0.7681433 0.60813034
 4155 0.39940998 0.3507517
 7612 0.5814404 1.0616747
 6019 -1.7831385 -1.4710356
 250 -1.9366888 -1.8750204
 8082 0.24920645 0.25497085
 2599 -1.1581662 -1.2212712
 6866 2.0946386 1.7216222
 7423 -1.09688 -1.2122884
 7190 -1.0964276 -0.79340756
 9356 0.011598802 0.009892851
 5327 -0.83366597 -1.1330509
 7000 1.8625537 1.8356656
 10901 -1.1519988 -0.80638266
 8487 -0.55387974 0.7133593
 8198 -0.08227203 -0.16353443
 7273 -0.3973342 -0.3474517
 5969 -0.31635457 -1.297403
 9860 0.43203223 0.20167285
 4769 0.3453482 0.17287344
 11851 -0.8101595 -0.7948356
 4564 1.8959671 1.9221629
 1047 -0.52334917 -0.65476793
 11106 -0.9470872 -0.78742623
 231 0.8765827 0.5202358
 9254 -0.7850959 -0.45126548
 6739 -0.14760545 -0.595067
 7260 -0.4955617 -0.4888844
 8756 -0.38333043 -0.037958764
 2439 -0.3736664 -0.28144458
 10619 1.7265795 1.1572772
 6846 1.3128676 0.9603527
 10437 -0.5894096 -0.9800644
 9216 -1.0650178 -1.0636674
 4354 1.0004537 0.91912955
 434 -0.073155314 -0.5860598
 4976 -0.23954 -0.25931764
 7948 0.102911286 -0.22712415
 763 0.07210982 -0.0014519282
 10115 -1.6072048 -1.2415665
 6671 0.7930369 1.0242822
 7897 0.22153588 0.5087218
 11013 0.5618299 0.593587
 9727 0.09626536 0.049676716
 8951 -1.5067513 -1.0499548
 985 -1.0537205 -0.9125595
 4764 -0.8856552 -0.8432181
 5415 0.3306037 1.0009762
 9753 1.7492948 1.1929439
 6117 -0.49400863 -0.42963827
 5206 1.2917674 1.4647326
 8326 -0.8969856 -0.8924921
 8672 -0.86915094 -0.8534609
 2046 -0.4764472 -0.42053217
 2954 -0.59888756 -0.5395836
