 2711 -0.63719594 0.14370988
 364 -0.38874918 -0.63675326
 4335 -0.24823532 -0.3169835
 4048 1.6885004 1.4892727
 3188 0.2558026 -0.18229422
 1847 -0.65562934 -0.51030487
 2297 0.29468367 0.26340333
 474 0.8222398 0.6985901
 1019 0.21861252 -0.08888045
 1756 0.3046723 -0.07635464
 253 0.0604467 -0.4813133
 5145 0.46730646 1.2072366
 2630 -0.8110252 -0.1613474
 1511 -0.3043699 -0.5527238
 4615 0.69206333 0.89992535
 5231 -0.26821184 -0.04843065
 3825 -0.13551539 0.15561168
 1843 0.1756814 -0.66842425
 2773 -0.5036854 -0.06843257
 3381 1.1652007 1.2009557
 2169 0.39214128 0.57279813
 4025 2.423583 2.068285
 284 -0.82210934 -0.81049037
 2623 0.7235666 1.057479
 1026 -0.23204625 -0.45317513
 2308 0.3364287 0.18231985
 1478 0.5928147 -0.036714934
 393 0.19264087 0.27733946
 2090 -0.27164263 -0.45378652
 3690 -0.9329436 -0.84197676
 4524 -0.5716712 -0.47499496
 685 -1.2924366 -1.1698846
 5196 -0.027145995 -0.5090417
 1078 0.020243337 0.1258803
 2361 -1.0191888 -0.86131835
 2619 0.5730272 0.035483904
 1446 0.75173736 0.5862516
 2058 -0.7859688 -0.81389606
 2414 -1.3387135 -1.2070159
 2705 -2.0001333 -1.1936975
 3383 1.7819936 1.3677983
 2425 1.5198538 0.17216498
 1339 -0.9254633 -1.3887061
 349 -0.91465056 -0.16824155
 1023 -0.5556173 -0.7548017
 4605 0.8483762 0.6851139
 177 -0.9410043 -0.81465995
 3155 1.1652259 0.78928995
 4467 0.7716244 0.84449273
 5107 -0.32543835 0.19200139
 2134 1.4605563 1.8198829
 4732 0.09924992 0.22775187
 925 -0.3188979 -0.3035689
 4927 0.3499307 0.5182453
 3555 0.15286922 0.2701779
 3180 -0.271244 -0.1479255
 1389 -0.25303426 -0.586519
 5197 -1.7796824 -1.6457621
 3570 -0.48814765 -0.2574393
 3540 -0.15660669 -0.4407609
 3576 0.31242454 0.16559833
 1146 -0.72407186 -0.6336639
 4731 0.867638 0.56973755
 1440 -0.15984006 -0.41778553
 1890 -0.07694002 -0.062468812
 4815 1.2210416 1.4191476
 2198 -1.1534947 -0.54615206
 536 1.0546141 0.9173883
 1181 -1.1913358 -1.3240775
 62 -0.34359443 -0.448369
 4541 1.0764499 1.0064412
 832 -0.53092796 -0.7726289
 1415 0.059262928 0.14704946
 3528 -0.26219806 -0.108211234
 426 0.31713113 0.39000776
 3896 0.26564136 -0.05851283
 154 -0.5041451 -0.22355384
 2013 -0.83436614 -1.4044023
 5214 3.851953 3.0652106
 1218 -0.9140691 -1.1428441
 646 0.32661733 0.33646002
 3049 -0.708237 -0.5575055
 1706 -0.8119577 -0.4064764
 173 -0.400736 -0.49608117
 4824 -0.7357602 -0.62931466
 884 0.18035573 -0.12202932
 3192 -0.19755024 0.07196738
 2310 0.35295922 0.5030893
 1000 -0.022502478 -0.29141864
 236 -0.33642712 -0.40384018
 1966 0.97228175 0.761366
 1967 -0.35051292 0.016611975
 4337 0.21460104 -0.10240809
 3413 -0.47087952 -0.5250108
 1338 -0.87472576 -1.4102321
 579 -0.5342888 -0.557117
 489 -0.56681556 -0.63592565
 2861 0.71713036 0.6527056
 3407 -0.2293716 -0.003853987
 3827 -1.2017229 -1.0743488
 4212 0.5361669 1.2677243
 246 -0.93462825 -0.42307052
 2972 -0.51060337 -0.7042281
 4964 2.4663785 2.0084505
 488 -1.3060696 -0.9946412
 3541 0.15353683 0.16695113
 2613 0.9330523 1.055351
 2938 0.46998382 0.32373166
 4091 0.669591 0.32790166
 4093 -0.43409413 -0.59071213
 2463 -0.74025255 -1.1726329
 4163 -1.6031755 -1.6424146
 517 -0.34345624 -0.2973566
 1482 1.1231222 1.1074775
 588 -0.6314263 -0.94257534
 4056 -1.3701262 -1.1550331
 3992 -1.9328108 -1.6196028
 4157 -0.82568526 -0.93465346
 1342 0.9464865 1.0991062
 5219 -0.52020586 -0.45821577
 2378 -0.7314043 -0.69688576
 1741 -1.3744879 -1.0455275
 2097 -1.2532498 -1.2765508
 3698 0.60811555 0.6196242
 3226 -0.23894186 -0.37849793
 3324 -1.73443 -1.2704808
 639 0.85648036 0.9128183
 1057 -0.5262755 0.54019076
 1860 -0.49971554 -0.77420455
 3846 -1.01614 -1.5588039
 2353 -0.9933292 -0.2676717
 658 -1.0118803 -0.95511895
 3256 -0.79674464 -0.89952505
 3581 0.0028992286 -0.056181595
 2942 -0.81610316 -0.7047133
 3492 -0.9322533 -0.5415188
 3079 -0.86627233 -0.8392036
 1480 -0.6863214 -0.7033589
 2190 0.64450663 0.8570871
 660 -0.9854435 -0.9763115
 1044 -0.8086415 -0.8333399
 3997 -0.92825687 -0.82999355
 4830 0.44555622 0.43312395
 4416 0.27189362 0.10704405
 5056 2.2351449 2.2086859
 1510 -0.21879107 -0.5491213
 4242 -1.2485557 -1.3481032
 916 0.33216 0.69701296
 2263 -0.68136775 -0.14040132
 3929 -1.3690007 -1.1900219
 3065 -0.5615892 -0.4217545
 4768 0.7313569 0.57801425
 3244 0.22832757 0.11657621
 3660 -1.0099839 -0.7518611
 2290 1.1011763 0.57356167
 4466 -0.20536402 0.23817748
 4981 -0.054867808 0.07438068
 2523 0.9691464 0.5687074
 955 0.91348255 0.6116018
 1426 0.4927471 0.6523549
 3731 0.28742042 0.37814164
 2196 0.27212563 -0.15838245
 1589 -0.36717474 -0.20663191
 1082 -0.25586763 -0.55512995
 1692 -0.7246747 -0.6374735
 5149 -1.1043358 -1.2160717
 2559 1.7286222 1.7149992
 4710 -0.08596525 -0.34303847
 3722 1.1307217 0.92684466
 4811 0.39971521 0.1587453
 4307 -0.29710498 -0.3434467
 3029 0.16383794 0.27088964
 4631 -0.5688738 -0.6554336
 1113 -1.1495895 -1.0390041
 4092 0.0051839105 -0.037476946
 5216 3.1016095 2.4991663
 3714 -0.074392535 0.3579899
 4292 1.5781282 1.5386276
 5131 1.9603243 1.2008722
 3309 0.3724877 0.15628506
 2480 -1.1149232 -0.8445151
 2677 -0.3584747 -0.7280613
 1918 -1.0378098 -1.1139606
 715 -0.9440361 -1.064026
 2161 2.1892185 2.063999
 4050 -1.2514888 -1.5346074
 4309 -1.0136361 -1.1274801
 2935 -0.7378429 -0.60526663
 1403 -0.8403001 -0.38514578
 60 0.1453533 -0.15946186
 225 -1.2965343 -1.0215567
 1409 -1.7753925 -1.3242258
 4196 -1.0223972 -0.9245153
 3633 -0.5073959 -0.25549555
 1270 -0.82778656 -0.77577835
 1431 0.23902059 0.18095693
 3638 1.0019562 1.0006678
 928 -0.8951889 -0.8939941
 2726 0.7795136 0.80322915
 657 -0.3146248 -0.38073182
 945 -0.403201 -0.48295885
 3416 -1.7682842 -1.449393
 4957 -0.39105192 -0.34829047
 1726 -0.05511061 -0.5291072
 4167 2.8636527 2.6360538
 4680 0.5489417 0.31120956
 3081 0.18191992 -0.14185539
 3695 -0.19726864 -0.3628409
 1053 -0.37062266 -0.39790782
 3733 0.5506805 0.99737465
 1117 -0.22119716 -0.13365921
 192 -0.99589074 -0.81311846
 874 0.41173407 0.5462463
 3502 -0.9584246 -0.9040537
 89 0.4374601 0.26608828
 3646 -0.5499602 -0.44228652
 1247 -0.3283719 -0.60122573
 2091 0.12650819 0.7104401
 365 0.1945087 0.06334008
 888 -1.2145828 -0.84893566
 153 -0.5317275 -0.5287894
 2171 -0.88772464 -0.7910468
 1948 -0.79278934 -0.59049135
 4868 -1.2520416 -1.1649637
 1384 -1.3149761 -1.3166939
 1630 0.849661 0.92227066
 300 -0.7527447 -0.78612125
 4051 -0.5802299 -0.80641764
 3198 -0.15335324 -0.26378742
 641 0.87303704 0.73562235
 1671 0.8556435 1.1452986
 692 -0.894254 -0.87140644
 4342 -0.63280725 -0.35042357
 444 -0.5268591 -0.6669795
 1854 -0.30705574 -0.73000276
 1827 -0.24652435 -0.11937359
 1036 -1.0632817 -1.0304222
 4462 2.8452923 3.0155995
 1429 0.639032 1.0110382
 1816 0.53939915 0.36045077
 1594 -1.9367383 -1.4915484
 4610 2.1884248 2.1379209
 1098 -0.02726413 0.5846207
 3667 0.040919635 0.19952472
 3799 -0.96165574 -0.7319577
 5049 -0.94751495 -0.908017
 3643 -0.19431883 -0.4381137
 2752 0.37769663 0.026297174
 3616 0.057236157 -0.09475588
 2701 -0.7200178 -0.90638983
 1646 2.1438317 1.082998
 1329 0.8192917 0.56602544
 5013 1.4582235 1.3356688
 2946 -0.71266675 -0.5810091
 43 -0.5513396 -0.5626139
 3948 0.59190947 0.5721366
 4921 -1.0725678 -0.6709744
 3230 0.47859722 0.4252624
 1894 -1.1109046 -0.63633776
 4648 -0.12878135 -0.31366062
 497 -1.5858129 -0.9081318
 1048 -0.73729247 -0.7391276
 3129 5.0019255 3.6476204
