 10111 -0.25682178 0.30052182
 304 0.9075987 0.3844237
 10383 -0.3537749 -0.36863038
 5284 -0.56121874 -0.6242182
 1038 -0.48946494 -0.39655283
 4909 1.0222191 1.0309253
 2539 -0.048169605 -0.43885326
 5295 -1.0693882 -0.5880358
 1108 -0.80049086 -0.035080437
 9168 -1.0582398 -0.9729646
 1126 0.49629387 0.06643112
 9474 1.5669572 -0.14197974
 1109 1.0619181 0.4294371
 5026 -0.9397257 0.094373345
 11071 -0.65664816 -0.21071781
 7850 0.3662977 0.60457253
 302 -0.23766924 -0.45180213
 3605 -0.24157667 -0.3326141
 4914 -0.46336988 -0.63833946
 2534 2.279579 1.1278675
 1623 -0.8698839 -0.11064766
 5293 -0.428358 -1.0322223
 2781 -0.18946221 0.12925729
 10708 -0.7760681 0.1258863
 1448 -0.51251525 -0.5761653
 1117 -0.5102604 -0.703965
 10502 -0.4573671 -0.7209305
 5062 1.4695796 1.6422589
 7656 -0.2513535 -0.28662437
 10491 -1.1643409 -0.2608105
 4025 0.65536934 -0.08440277
 9473 0.535199 0.022697996
 287 -0.90386486 -0.6016537
 4866 1.3777335 1.373631
 9470 -0.08382464 -0.14586605
 5663 2.4684987 1.912543
 2964 -0.23810793 -0.20080577
 7556 -0.1682785 0.22604246
 2589 -0.23977928 0.13845932
 338 -0.7837023 -0.25453603
 6476 -0.9431633 -0.42884463
 5713 0.9594642 0.35399985
 5292 -0.20210864 0.06781399
 6058 -1.1254046 -0.573386
 1449 0.10634977 0.876659
 10113 1.0333422 0.61147517
 4868 0.34247127 0.4422746
 2594 0.35698983 0.29064536
 4874 -0.6650855 0.033563998
 2959 -0.5153354 -0.3679666
 1626 -0.7488806 -0.44764036
 5868 -1.1112821 -0.42371845
 1630 -0.37609503 -0.30884796
 5052 -0.7943671 -0.47735572
 2359 -0.8682483 -0.68196326
 10709 -1.2233094 -0.3321458
 7842 -0.33749747 -0.46881604
 7649 -0.24980271 -0.17052995
 5056 0.5712611 0.5113268
 9162 -0.02399527 0.038347803
 1620 -1.0781817 -0.4615757
 5714 -0.54657596 -0.2941053
 10492 -0.080293104 -0.432614
 7847 -0.95828414 -0.6692377
 4027 -0.5036539 -0.3461045
 1622 0.7814668 1.0412985
 2969 -0.29207665 -0.3995992
 10499 0.26521894 0.27815077
 4869 -0.012678675 0.41588122
 1041 -0.44134456 -0.3485322
 2356 -0.528657 -0.78520745
 4916 0.046204098 -0.06523229
 11068 -0.8769373 -0.3656928
 2355 0.25418654 0.47212285
 1616 -0.1535578 -0.6831162
 5712 -0.09595765 0.099396616
 3604 -0.2108733 0.048053943
 2962 -0.76062995 -0.60078186
 1633 -0.7963304 -0.40241343
 1450 1.2444913 1.3591762
 2966 0.60996133 0.4107986
 5659 1.021587 1.2030232
 1121 0.42166498 -0.30033374
 7548 1.3636554 1.3659365
 5186 0.31754607 -0.2929578
 7843 -0.09516599 -0.35293275
 205 -1.5964617 -0.9596941
 7550 0.92632765 0.13413367
 7553 0.56656843 0.62866324
 286 1.8763287 1.46713
 4296 0.8068697 0.15746829
 5028 -1.0159022 -1.0126145
 893 -0.22736618 -0.35182512
 5029 -0.52873266 -0.488528
 5300 -0.50350446 -0.506545
 7541 2.0234137 2.1358538
 1453 -0.883851 0.16699453
 1635 0.071236566 -0.0550589
 5717 -1.7005833 -1.1339052
 7845 -1.2386512 -1.1518815
 1451 0.5650846 0.48987865
 4295 -0.1608831 0.15526196
 7853 -0.038219053 0.016137112
 4872 -0.5060779 -0.33808374
 9268 0.03989968 0.18852226
 7858 -0.7484777 -0.56187767
 9264 -0.12309373 0.7585266
 4865 0.16402969 -0.10829683
 7852 -1.4889767 -0.3973126
 2788 -1.4120893 -0.73759884
 2960 -1.2251269 -1.0425894
 6057 -0.22745787 -0.00035180897
 9158 -1.2116297 -1.4987856
 10714 0.47740036 0.30155277
 3602 -0.40557307 -0.0043375753
 5871 -0.55847293 -0.5807528
 5181 -1.4427367 -0.6464221
 10712 2.0052764 1.5284358
 5299 -1.0472877 -0.3255639
 10385 0.44757894 0.40805835
 9258 -1.3456525 -0.3584302
 2965 -1.112202 0.033171747
 2354 -0.14020179 -0.039505
 10487 0.8091438 1.3075576
 5051 -0.9544501 -0.96022767
 9164 0.12041495 0.3702073
 1613 -1.5978653 -1.5600238
 9471 0.43409777 0.22578107
 1619 0.28650075 0.12001412
 7549 -0.61915535 -0.5906602
 11074 1.1912144 0.48414844
 2593 0.40273705 0.35943437
 10387 0.7686783 0.15706508
 6061 1.4017823 1.2722933
 4289 1.3520977 1.6301968
 7543 1.2004352 1.3437655
 4912 -1.0493573 -0.80258805
 1634 -1.0408229 -1.0603647
 1116 -0.23232657 0.008113999
 7542 0.17734125 0.18613766
 7659 1.4650213 1.5718544
 2792 -0.25309497 -0.66095996
 2548 -0.31443158 -0.20162146
 11069 -0.55108666 -0.26579195
 3542 -0.23900549 0.075856596
 7552 -0.43870232 -0.44100612
 10117 0.6979701 0.7273224
 3539 0.49929917 0.39820626
 3536 -0.66244555 -0.3904164
 10488 -1.4628652 -0.21141787
 9266 -0.62545156 -0.1820237
 7540 0.045096595 0.108869955
 9165 -0.53989154 -0.34476843
 7654 0.966288 0.069635004
 3601 -1.1220944 -0.7439758
 9261 -0.9436263 -0.7575188
 4907 -0.7086452 -1.2068927
 9166 0.11581762 0.1797742
 1628 -1.829478 -0.3165275
 3538 -1.1081145 -0.47833347
 1010 -1.3628894 -0.4260748
 1618 1.6426047 1.5479671
 5862 1.3258418 1.2070506
 5060 -0.53372467 -0.69504565
 1617 0.7511755 0.9503847
 2954 -0.59888756 -0.5431439
 5058 -0.16030642 0.05881013
 201 -0.4893957 -0.51157075
 1627 -1.4418722 -0.52317744
 4297 -0.09217537 0.26951918
 2544 -0.5774558 -0.2869338
 1113 -0.32015932 -0.44958156
 301 -1.1437535 0.015188482
 1004 1.2800974 1.258415
 9467 -0.30779526 -0.46601778
 5865 0.1910067 -0.37589586
 5662 -0.48461366 -0.76618433
 1615 -0.4106774 -0.49027562
 5183 -1.0865521 -1.1142113
 1447 -1.0499171 -1.006321
 10704 -1.1593745 -0.8097031
 5867 1.6425918 1.3076606
 9169 0.41011596 -0.4314406
 2536 -0.9407356 -0.7921595
 7851 1.2389235 0.7499425
 10500 -0.85744745 -0.4651745
 1035 -1.7384552 -0.61465317
 5288 -1.7204615 -0.71144193
 2588 -1.0238591 -0.8114298
 202 1.2567532 0.6822135
 2783 0.5454879 0.2573718
 7848 1.125588 0.61917603
 299 -0.99767333 -0.8767767
 4032 -1.3316534 -0.5626579
 10497 -0.8571027 -0.18500556
 1446 1.4211562 1.6811374
 1444 -0.96367496 -1.047874
 1621 0.21753998 0.2601572
 1008 -0.4417681 -0.6196272
 11079 -0.29431638 -0.546402
 3600 -0.9487214 -0.8290954
 347 -1.583063 -1.045446
 10112 -0.21058406 -0.736468
 3534 -1.0325551 -1.0702567
 4908 -0.19813521 0.005348906
 285 -0.6859942 -0.09147158
 10495 1.11258 1.2465966
 342 -0.5298021 -0.5508156
 3606 -1.1897515 -1.4419315
 1107 -0.13474816 0.012119491
 2357 -0.2769145 -0.6036133
 303 -0.5392745 -0.34177732
 7655 1.2561737 0.9045578
 11078 -0.029776646 0.30927092
 4876 1.2592882 1.0731256
 4913 0.69880027 0.677213
 4029 -0.5579939 -0.19746824
 10106 -1.1484296 -0.5956166
 7555 -0.87159467 -0.29932165
 1110 -1.3947828 -0.6340877
 2782 -0.5465819 -0.5346449
 284 0.37458745 0.33739495
 10381 0.05011565 -0.26872844
 10489 2.0145721 1.5127908
 7663 0.4763011 0.6115574
 5667 -1.3474728 -0.64498514
 2591 1.2536851 1.2170626
 9260 -0.6200337 -0.0413949
 5055 -1.1530155 -0.62884265
 7657 -0.80047435 -0.5566135
 5720 -0.91751105 -0.21293612
 5869 1.6361874 1.7075381
 305 -0.17383343 -0.50788313
 5190 0.1997081 -0.6524492
 2789 1.7221532 0.8532391
 9163 -0.09546028 -0.097016945
 6475 1.3330594 1.8633902
 307 -0.9454567 0.23001754
 11073 0.2971059 0.086413905
 4911 -0.0041212095 -0.0022392832
 5368 1.9023949 1.4247847
 10711 0.0062318207 -0.017673057
 345 0.023041455 -0.05943593
 5296 1.0427477 0.8167091
 10379 0.93353736 0.89828503
 7855 -0.95857936 -1.2109722
 7664 -1.0155827 -0.46525174
 2785 0.45134565 0.2974502
 7856 -0.21233653 -0.61372846
 1114 0.344987 0.22665791
 5187 0.19566867 -1.1324826
 9259 1.1101215 0.8456656
 289 1.0616642 0.20628317
 3535 -0.33516192 -0.46119052
 5371 1.387249 1.7044086
 2958 -0.115380645 0.013492741
 10498 0.7357168 1.0026588
 9271 0.7026197 0.5692715
 4026 -0.11876457 0.3114704
 5665 -1.1196085 -1.0542411
 1115 -0.5628108 -0.53730166
 2967 1.3654273 1.5196271
 7647 -0.53054655 0.06719461
 5188 -0.078791834 -0.11663397
 7551 -1.8525527 -0.9040647
 7650 -0.5293804 -0.26294184
 10702 0.029474225 0.07138415
 894 0.36992458 0.2764758
 337 0.28669006 -0.39952794
 5861 -1.0114117 -1.234292
 306 0.41245565 0.65574825
 5294 0.57713646 0.6970697
 7545 2.0341742 1.5835547
 2542 -0.5640031 0.26428172
 10707 -0.6136014 0.069700435
 7652 -0.08452737 -0.15649772
 341 -0.22925068 0.20883551
 204 0.97558576 0.73964596
 10494 -0.14280643 0.21663395
 5184 0.0048075626 -0.05524629
 4915 0.7536211 0.40467656
 5863 -0.23527639 0.08474165
 10705 1.2111475 0.8718227
 5064 0.52493304 0.0929534
 206 -0.21609223 -0.7230269
 1124 -0.36934915 -0.24017204
 5050 0.48613384 0.29880357
 7849 -1.3072915 -0.5216103
 7846 -0.2629245 0.22027268
 2358 -0.25323203 0.14896445
 11070 1.1223109 0.87032455
 2957 0.5954079 0.5635623
 1625 -0.5987757 -0.6241848
 1037 -0.64457244 -0.28997862
 1454 1.0341175 0.7040462
 1631 0.33437726 -0.5706541
 5661 0.3978482 0.33923668
 1457 -0.153126 -0.022425111
 5053 -0.5032537 -0.36190546
 2955 0.87868994 0.36218998
 9257 1.239476 1.250052
 5025 -1.1391717 -0.16158177
 10382 -0.09051916 0.1896132
 7658 0.4102104 0.3716658
 1118 0.05206524 -0.6950943
 2596 -0.04933074 -0.2801112
 2790 -0.45585483 -0.46269542
 10493 -1.5961647 -1.6813638
 10118 -1.6599808 0.09777179
 1011 -0.6941973 -0.18515141
 9157 1.284999 -0.0010347851
 5715 -1.4415797 -0.873256
 2595 -0.56635284 -0.7365222
 11076 -1.0374444 -1.2682166
 10496 1.4514351 0.6569978
 344 -1.3838191 -0.32917473
 1122 0.66274273 0.26026818
 9159 -0.16639172 -0.15494668
 10119 0.027256012 -0.07510114
 9265 0.35643974 0.21431714
 9160 -0.22691832 0.015213989
 5049 0.13143541 -0.15714915
 1123 -1.1571957 -0.6571294
 11072 -0.8614066 -0.31159627
 290 -0.541446 -0.30967224
 7554 -0.4963286 -0.42375
 2549 1.2297491 0.7062233
 10114 -1.2085758 -1.0277545
 2599 -1.1581662 -0.7752249
 5031 -1.0150707 -0.9911613
 5185 -0.8596276 -0.19409807
 4028 -0.8889718 -0.44248503
 298 1.3660814 1.64446
 2597 -0.18537739 -0.36915427
 5298 1.7059972 1.1931647
 1007 -1.0802977 -0.96004575
 2585 0.9618002 0.79837966
 9270 0.5983793 0.8435876
 4867 -0.920344 0.014372174
 2537 1.5671327 1.4351388
 3599 -0.102789685 -0.033468347
 5291 -0.08039258 0.3268874
 10120 0.12109751 0.73813677
 2545 -0.25537965 0.09201464
 6477 -1.1036528 0.29705197
 1611 -0.5466626 -0.40087357
 7662 -0.2565119 0.5538148
 1112 -0.48107386 -0.81187594
 1629 -0.060927417 -0.10953994
 5182 -0.2565999 -0.25769633
 4910 -0.5917635 -0.6549067
 4292 1.016022 0.9395196
 3540 0.18890813 -0.6533076
 892 -0.49895847 -0.40783095
 4871 1.0522128 0.43148953
 2543 2.2139242 1.2043505
 200 0.007835314 -0.030511122
 5054 -0.29038924 -0.38850462
 2968 0.78893095 0.20651598
 2963 -0.7406262 -0.37535062
 891 -1.0770307 -1.0503078
 1456 -0.28020996 -0.104469076
 7646 -1.169198 -0.23271264
 1009 0.33208755 0.19386397
 10703 1.727423 0.48965985
 4291 1.080973 0.3991359
 1624 1.2017815 1.4186369
 7648 -0.94254535 0.10203473
 5660 -0.6124036 -0.18285681
 2592 -0.32801083 -0.54293853
 5189 -0.92696655 -0.39633578
 10108 -1.1565645 -0.7020156
 9272 0.88815826 0.42519674
 1042 -0.2372136 -0.39304912
 1445 -0.68859196 -0.2394938
 283 1.3805385 1.7313888
 10115 -1.6072048 -0.6755401
 10715 -0.8875893 -0.37998888
 2546 1.1238402 1.223016
 5290 0.702258 0.16857395
 10501 1.3514991 1.1799793
 3533 1.3196814 1.2413225
 2598 -0.6820093 -0.30544388
 1452 0.73232096 0.08791618
 5061 -1.081975 -0.64981645
 1006 -0.6693152 -0.43332994
 4294 -0.49259308 -0.5041181
 7544 0.4992955 0.4687026
 7661 1.6955067 0.7593801
 2787 -0.5994023 -0.59735435
 346 -1.0200453 -1.0448692
 2590 -0.79542965 -0.89434266
 4875 1.0883296 0.32897672
 300 1.6953512 1.2783556
 5180 -0.41013464 -0.2764392
 7546 -1.0952948 -0.28355443
 7854 -0.48112613 -0.57688373
 7857 -0.7287921 0.026583392
 2970 -1.1688612 0.69166094
 2541 -0.5846931 -0.31055844
 2360 2.0142057 0.41652197
 2587 -0.29416144 -0.58367544
 2956 1.3491439 1.3582497
 4290 -0.41536638 0.19470692
 1111 -0.53041863 -0.47165525
 10486 1.1844227 0.17128104
 10710 -0.48427764 -0.29435694
 1632 -0.48662055 -0.36490622
 2961 -1.3180681 -0.33702898
 5063 1.373061 0.5716111
 10380 0.7297205 0.41791326
 4918 -0.34283558 -0.29737017
 10107 -1.2021412 -0.48468232
 4030 0.5412027 0.06350392
 7651 1.5144324 0.571613
 4870 -0.2162224 0.21983428
 9468 -1.3863839 -0.6687717
 5027 0.41864365 0.44229996
 7660 1.3480922 1.4375365
 4031 -1.0074896 -1.2324216
 5370 1.4303416 1.5722982
 1612 1.45899 0.4926125
 2786 -1.1767242 0.04107679
 5287 2.0168338 2.0886562
 5664 -0.88356906 -1.1530225
 339 -0.3446926 -0.025264423
 11075 -0.5074348 -0.12663244
 7653 -0.5892565 0.29322866
 4873 -0.5566072 -0.32813478
 10110 1.1107445 1.0044532
 2791 0.95154256 0.80012804
 11080 0.4761851 0.13558586
 6063 -1.0533414 0.0053754337
 5057 0.36838755 0.26449227
 5289 1.7410014 0.61640054
 2538 -0.5113578 -0.22119056
 10713 -0.44082654 -0.48791605
 1036 1.138631 0.64210606
 340 -0.953486 -0.9985313
 9472 1.051871 0.84160405
 5718 1.310401 0.5850075
 5666 0.06337037 0.05347527
 3603 -0.29593867 -0.3791144
 9269 -1.5333731 -0.39003813
 2586 1.8756108 1.1189384
 6474 0.5909257 0.5239949
 3607 0.38916788 -0.14324118
 9156 -1.116842 -0.81951016
 10122 -0.39452326 -0.59802383
 10384 -0.4310172 0.2373914
 11077 -1.3107717 -0.014692437
 10716 0.92135715 0.8924899
 5059 -0.45008537 0.20942895
 9161 0.38302436 0.15109406
 2784 -0.6061995 -0.6022013
 5297 -0.6390574 -0.6050337
 1120 -0.0038117876 -0.020108204
 7547 0.854379 0.86599916
 203 -0.38574713 -0.5831132
 1125 -1.322191 -0.95629996
 1458 -1.39856 -0.53658164
 1455 0.6065462 0.21099807
 9469 -0.07031643 -0.012882676
 9167 -1.0890464 -0.64784974
 10706 -1.5064809 -0.7507339
 10116 -0.5070488 -0.4513057
 6060 -0.5820224 -0.38234293
 10109 0.66492385 0.5534092
 5286 1.2788941 1.3876215
 9267 -0.49204895 -0.57545656
 5369 -0.26535726 -0.07513036
 5191 0.002761252 -0.38023567
 5716 0.5671753 -0.073766485
 1040 1.4428184 1.586864
 9262 -1.1132128 -1.0557365
 5864 -0.56771934 -0.4218789
 288 -0.19213425 0.26451647
 6056 -0.14234115 -0.024079751
 2540 -0.88133895 0.027962703
 4917 -0.3758351 0.22921789
 9263 0.37166283 -0.18955812
 2547 0.4840348 0.5492784
 343 -0.7319404 -0.38022614
 7844 -0.3060758 -0.61038345
 2779 -0.6191925 -0.31124744
 10490 1.7877433 1.6452549
 207 -0.5779459 -0.45121306
 5024 -0.5046248 -0.514527
 10121 -0.6216028 -0.8342568
 6059 -0.5671198 -0.52216095
 5285 0.12973382 0.14068787
 4293 -1.4560924 -0.5591217
 6473 0.9849147 0.42247704
 1039 -1.0876175 -0.73916954
 2780 -1.3958724 -0.5150085
 1005 2.5397446 2.2340505
 3541 -0.55654854 -0.5305694
 5870 0.72032046 1.1896932
 1614 -0.17748828 0.16780089
 2535 1.3005426 1.143064
 1119 1.4912584 1.49453
 6062 -0.29962242 -0.39201432
 3537 -0.555777 -0.6270825
 5719 1.0379611 0.9876674
 5866 -0.3124247 -0.3803697
 10386 0.6278665 0.9433699
 5030 1.016335 0.27477765
 9816 -0.053640645 0.20261
 9818 1.3410219 1.3758764
 9821 0.37288448 0.524764
 4624 1.0001497 -0.05858003
 4628 -0.029861908 0.1137871
 4626 -0.14989288 -0.19641472
 9811 1.0054609 -0.012023378
 9814 1.8035178 1.3289303
 11421 -0.49832815 -0.29230106
 11419 -1.1424966 -0.884672
 9820 -0.12192022 -0.1171412
 4631 -0.549397 -0.35486555
 11418 -0.57141227 -0.3931996
 9815 0.71814805 -0.2721507
 11423 -1.6333586 -1.2473521
 11424 -0.3943578 -1.3246185
 11422 -0.9025859 0.2790274
 4625 -0.20635712 0.30086374
 4623 0.36412212 -0.82789415
 9823 -0.1468523 -0.12291223
 11417 -0.6706826 -0.2465672
 4629 0.35928872 0.6588823
 4627 0.81399184 -0.029856678
 11416 -0.18186831 0.23100013
 9812 0.37357208 -0.32773745
 9822 -0.14869049 -0.01952279
 11425 1.6792713 -0.16833533
 4630 -0.94065994 0.1687201
 9813 -0.551287 -0.4433239
 11420 -0.320284 -0.24576165
 9819 -0.2079221 0.3639198
 9817 -1.1338053 -0.56607336
 8588 0.015733138 -0.089354694
 8589 0.19360676 -0.5828759
 8585 1.9517488 1.3978535
 8584 -0.032665044 -1.2640401
 8587 -0.97900397 -0.45965022
 8582 0.064037345 -0.3597057
 8581 -0.02296157 -0.012274932
 8583 0.96055156 -0.13724795
 8586 -0.44433334 -0.4235199
 8590 -0.75832653 -0.49984127
 7309 -1.1411535 -1.2552955
 7310 -0.41377527 0.20359501
 7300 0.14532319 0.3265073
 7308 1.1566187 0.4161268
 7301 -2.1979675 -1.2132186
 7299 0.2688206 1.0519469
 7306 -2.4000993 -1.4052365
 7307 -0.19259861 -0.16094287
 7305 -1.0273045 -0.41410083
 7304 1.0296379 0.15659828
 7302 -1.5914894 -1.3052988
 7303 0.24136822 0.38788345
 4071 -1.2863957 -0.27173638
 4069 -1.1639379 -0.50116044
 4070 -0.14905675 -0.17107089
 1547 1.2407284 0.81989425
 1535 0.7125652 0.6474975
 1541 0.3555376 0.33051327
 1542 0.30875528 0.25470266
 1533 0.8341419 0.83339816
 1544 1.7608438 1.8121853
 1536 0.797874 0.31880224
 1531 2.5992324 2.1131768
 1548 -0.38397816 -0.4144805
 1532 1.1036117 1.1161275
 1537 0.66656077 0.64053273
 1538 0.47102168 0.505234
 1540 0.44857138 -0.13856034
 1539 0.10324272 0.043095887
 1543 0.5953383 -0.03438143
 1545 -0.76231873 -0.5328546
 1534 0.8315606 0.34309307
 1546 -0.041093696 0.16217111
 8377 -0.55290514 -0.1494898
 8359 -0.53226876 -0.25737453
 4601 2.0742428 1.5812504
 8376 -0.83132946 0.9368756
 8363 0.97792274 0.69658995
 4604 -0.32344055 -0.25342354
 8367 0.75606346 0.90419567
 4602 0.2932292 0.5877989
 8360 0.17069212 -0.002870191
 8375 1.5315937 0.55295867
 4600 -0.75728595 1.1526558
 8368 2.1921065 0.6527792
 4603 0.9475338 0.8495309
 8366 0.42739868 0.94143957
 8370 1.0519855 0.31384173
 8374 0.5726588 0.9682649
 8362 2.1183357 1.3155571
 8373 1.7171612 0.7363981
 8365 1.1737758 0.4706126
 8361 -0.23256172 -0.22623508
 8364 1.2761326 0.37975615
 8369 -0.93988156 0.8356567
 8371 -0.3585767 -0.049563374
 8372 0.24607694 0.101699755
 8378 0.47347185 0.39927733
 4608 1.5631808 0.53258
 4606 -0.8279726 0.99356776
 4607 2.4985552 1.6091907
 4605 0.5574105 0.82008415
 8358 -0.7811683 -0.39999047
 3429 0.25155944 0.4744519
 3430 0.6826237 0.26503608
 3432 -0.79258573 -0.7123592
 3431 0.7318928 0.82557255
 11651 -1.4851614 -1.1970356
 11658 -1.6681696 -2.067335
 2687 0.16457702 -1.1591136
 2692 -1.2537881 -1.3984652
 2690 -1.6706941 -2.1981552
 11656 -0.9451885 -0.9127175
 11650 0.2991545 -0.10304277
 11654 -1.6632423 -2.1596382
 11653 -1.245194 -1.220545
 11657 -1.7100773 -2.0935886
 2691 -1.5200694 -1.1911879
 2693 -1.439053 -1.2466508
 2689 -2.2931669 -2.0566936
 11655 0.36595985 -0.84552735
 11652 -2.3159196 -2.0338786
 2688 -0.40127003 -1.5091854
 2027 -0.45534188 -0.26565784
 2033 1.306952 1.2221174
 2029 0.23345114 0.036062256
 2032 -0.2131731 0.34299356
 2031 0.32682416 0.23572451
 2034 2.1060834 1.8418032
 2035 -0.033436075 0.27797455
 2030 0.75456405 0.42108268
 2028 -0.06428201 -0.09414904
 9804 -1.5431728 -1.0598855
 9803 -0.85301006 -0.63837653
 9808 -0.9633032 -0.47057027
 9800 0.20935015 -0.057839658
 9806 0.06768899 0.25569937
 9798 0.02381799 1.2299097
 9799 -0.62880015 -0.5492158
 9807 0.74107003 1.0642458
 9802 1.2376469 1.4989084
 9805 -0.5489597 -0.4522468
 9797 -0.8700842 -0.8667716
 9801 1.400385 0.76277953
 9810 0.34762833 -0.38149574
 9809 -0.7634038 -0.5202489
 9964 -1.7105967 -0.89601487
 9965 -1.7679558 -0.079512045
 9963 -0.11149109 -0.52023715
 9962 -1.3166369 -0.3949249
 3161 0.3214755 -0.58659375
 9466 1.80172 1.0045006
 2048 -0.41242665 -0.22559543
 3160 2.5216928 1.5974083
 11196 0.6967466 0.75710964
 187 0.10511896 -0.39777863
 8270 -0.36328128 -0.26067212
 9462 -1.6706597 -0.80040187
 3158 -1.1221788 -0.28188288
 3102 0.18262756 -0.4368858
 8269 0.27873495 -0.70927536
 5724 1.6315389 -0.888824
 5725 0.2203862 -0.48639417
 11198 0.400462 0.12477614
 185 -0.7739026 -0.69153017
 4457 0.24139482 -0.21065404
 4463 0.6512341 0.5332595
 11193 -0.5551674 -0.63984495
 3157 -0.5873207 -0.7101963
 4041 2.505596 -0.27959836
 11197 0.70038587 0.51650125
 11202 -0.13566223 0.72213286
 6654 0.22209696 0.36263826
 6648 0.24425478 -0.0620542
 2049 1.7480428 1.3582962
 11201 0.42283022 0.75640756
 4460 0.010655867 -0.09556869
 9464 3.4866574 2.0831914
 5721 0.9666139 0.30533898
 4042 0.6406564 0.51850265
 2060 0.24707352 0.039798666
 3061 -0.38110855 -0.2904801
 2051 1.8847601 1.0239584
 4034 0.48154157 0.3156321
 11194 0.05349683 0.08177112
 2059 -1.4473932 -0.5305885
 183 0.31562307 -0.30334085
 4456 -1.016648 -0.7590428
 9458 1.0320051 0.38759997
 3095 0.35498798 -0.024483155
 3097 -0.28123403 0.19538322
 11199 2.842868 1.4254456
 3063 -0.643464 -0.7379458
 188 0.3537214 0.6354077
 2055 -0.73287 -0.8514717
 9465 -0.074310035 0.22702865
 4040 0.10762871 0.63829225
 9459 2.700154 2.4183965
 9460 -0.8255632 -0.9401452
 5729 -1.4095644 -0.23032965
 5726 0.6757279 0.93765795
 5727 0.3428733 -0.1349997
 3092 0.42036402 0.76574206
 3060 -1.2476624 -0.83928674
 3062 -0.07204369 -0.209026
 6651 -0.5503491 -0.7460742
 6656 0.39891124 -0.2671587
 3093 -0.46813133 -0.17250638
 191 2.3670459 1.2644237
 5730 -0.2632101 -0.109053954
 6653 0.6056358 0.51125294
 3096 0.21155003 -0.21383084
 186 -0.09003279 0.35666066
 8267 -0.21533677 -0.14308219
 9457 0.2999315 0.4896205
 3067 -0.29898888 -0.4566328
 9456 1.7999455 1.6959426
 3162 -0.3115441 -0.3123104
 2057 0.2296079 0.71523935
 3099 2.1594527 1.8951148
 4037 -0.46014962 -0.20544352
 2058 0.9265105 0.35521862
 2052 0.53773123 0.75616026
 4036 -0.6004278 -0.20685787
 3094 -0.010571855 0.14814341
 5722 0.21343957 -0.09147543
 3068 0.1500154 0.49687958
 5728 0.24215713 0.06677845
 4462 -0.92871535 -0.7650693
 8268 -1.3029486 -0.87595147
 3101 0.3432666 0.062333286
 11192 0.014445485 0.67352366
 3100 0.43863827 0.6060514
 3098 0.058555305 -0.6429374
 3156 -1.3292063 -0.70651066
 2050 0.23694876 -0.45183277
 9454 -0.85353404 -0.552442
 3064 -0.17442386 -0.27499336
 4033 -0.64187706 -0.4231936
 2053 0.50572324 0.12195942
 3065 -0.6742458 -0.62094015
 9463 -0.28417605 -0.42231265
 5723 -0.7086288 -0.726906
 3155 0.5577529 0.05313616
 4458 -0.39260945 -0.572223
 184 -1.5009998 -0.2777865
 11205 1.9579474 0.58021826
 5732 0.14506419 -0.33793706
 4038 0.29125026 0.029143348
 11203 0.27635857 -0.1921541
 11195 0.41170663 0.30309215
 2056 0.5219608 0.4676202
 189 1.2419986 0.21639608
 5731 -0.41834006 -0.19406386
 6657 -1.0363841 -0.67550904
 6650 -0.44559073 -0.27908313
 11206 0.42817155 0.7037605
 9461 1.9269873 -0.13689142
 2054 0.24241155 -0.9014569
 4459 -0.51296544 -0.8646764
 3163 -0.592838 -0.7719926
 6652 0.67154956 -0.8281134
 6649 0.0975929 0.25416613
 3070 1.0371466 0.6444257
 6655 -0.32893223 -0.70091397
 11200 -0.2182999 0.20859964
 11204 -0.60314196 -0.25942352
 4035 -1.9766656 -0.67612463
 192 1.3466891 0.91088223
 3091 -0.05483295 -0.5508742
 4461 0.2753432 -0.23342039
 3159 0.635531 0.45597327
 8266 0.26999778 0.6057064
 4039 -0.21632189 -1.1971844
 6647 -0.1810464 -0.8005901
 3090 -1.4651916 -0.39558196
 3069 -0.741736 -0.6858631
 190 -0.111995794 -0.43274575
 9455 0.33671924 0.2508751
 11207 -0.80817646 -0.89133006
 3066 2.2174263 1.1752164
 3395 -1.5406749 -1.0975645
 3396 2.8683975 0.8479308
 5493 -0.5174147 -0.45626175
 5491 -1.3783133 -0.92777
 5492 -1.4241811 -0.9852626
 3397 2.9377131 0.3107001
 3398 -0.6695311 -0.5125042
 5567 -0.6870783 -0.5726438
 5566 -1.539534 -1.2633159
 5490 -0.5982646 -0.4335062
 5565 -1.5405062 -1.1108992
 11360 -0.07580351 0.0038182475
 11355 -0.9939154 -1.0674193
 11349 0.849426 -0.2042319
 11346 1.9956299 0.75122434
 11348 0.06397042 0.07787427
 11351 -0.53517365 -0.63918465
 11358 0.17570476 0.19210947
 11352 -0.7582509 -0.71878856
 11347 0.3674061 0.18137905
 11359 1.3016707 1.2286441
 11350 -0.97400737 -0.89250124
 11357 0.4499544 0.32229757
 11353 2.030617 1.4806771
 11354 1.8896257 0.6248665
 11356 -0.5036149 -0.15397955
 11314 -1.4029621 -0.17160007
 5597 0.08833178 0.23982213
 8971 1.457812 0.24403732
 5595 -0.7175424 -0.63278514
 5601 -1.3286462 -0.89424014
 8966 -0.7140191 -0.47121954
 5602 -0.7707208 -0.7174884
 8964 -1.0043674 -0.6340218
 5603 -0.813498 -0.62205064
 5604 1.1863604 0.096557245
 5593 -1.6202248 -1.5026939
 11306 1.187548 -0.026728448
 11304 -1.215571 0.25063846
 5592 -1.0274755 -0.9152895
 11315 -0.7329585 -0.47915047
 8969 -1.2780464 -0.3017153
 8965 -1.4044679 -0.528118
 11309 1.3288403 0.9377894
 8963 -0.7753768 -0.7380706
 11312 -1.9057786 -0.5985738
 11310 -1.3129867 -0.4025273
 11311 -0.8046949 -0.3981256
 5599 -1.8861874 -0.25948107
 11316 -2.2196577 -1.0135931
 8962 -1.391094 -0.49952644
 8977 -1.8030492 -0.3072162
 11307 -0.7841795 -0.69010603
 8970 -2.2967649 -1.792055
 11319 1.0193197 0.05103451
 8976 0.19565262 0.10455473
 5607 -2.1580682 -1.5744348
 5605 -1.2497147 -0.5615564
 8975 0.401757 -0.029789682
 8968 1.1762626 0.06254341
 5606 1.5077865 0.5867706
 11313 -1.6222404 -1.3450968
 8974 -1.8638624 -0.3315357
 11320 0.08485663 0.20739883
 5596 -1.3855408 -0.8387453
 5600 1.010567 -0.87274706
 11305 -1.8817382 -0.41921133
 5598 -1.9701692 -0.70043826
 8967 -1.070453 -1.0367187
 5591 -1.0509604 -0.9838645
 11308 -1.3700739 -1.2791532
 5594 -1.2860711 -0.5203739
 8972 0.12466388 -0.41360998
 5590 -1.3922675 -0.8489952
 8973 -0.0489003 -1.1730068
 11318 0.42853644 -0.7166162
 11317 0.90805477 -0.7337865
 8978 -0.4533657 -0.11051722
 5996 1.5513119 0.6770871
 5998 1.1825455 1.1905532
 8993 -0.34141865 -0.081440344
 5995 -0.338291 -0.2589767
 8984 0.49089253 0.55034614
 5989 2.2401874 0.7922021
 5987 -0.43601698 -0.39469415
 5993 1.68997 0.76903296
 8986 1.4359672 -0.6814373
 8981 0.23536314 0.10039371
 5988 0.45623955 0.29939994
 8988 1.8443931 0.8810288
 8985 1.9938473 2.0709522
 8990 -0.59374565 -0.5033
 5991 0.112827465 0.30618355
 5994 1.1645372 0.16524252
 8979 0.6931275 1.0429204
 5999 1.9358524 1.9076607
 8980 1.2157811 1.1250892
 8983 -1.4241183 0.008993417
 6000 0.30857697 -0.04194406
 5992 -0.005494126 0.1886908
 5990 -0.47053245 -0.32677132
 8982 -0.4821823 -0.35566533
 5997 1.0869278 0.23024216
 8987 -0.46325666 -0.36344412
 8992 -0.33997652 -0.2766147
 8991 1.0951506 0.26976955
 8989 1.5748385 0.6088176
 4223 -0.6545812 -0.37406957
 4224 -0.9175014 -1.0740008
 4221 -1.2326598 -1.066834
 4225 -0.7231615 -0.55709624
 4220 -1.2941239 -1.03924
 4222 -0.819097 -1.0047412
 4219 -1.2709695 -1.2108328
 5747 -0.9413677 -0.36160743
 10891 -0.17259254 0.06397094
 10895 -0.55541855 0.26442677
 10896 0.9081134 1.8465008
 10890 -0.8967064 0.2065151
 5755 -1.8927362 -1.4861948
 5750 1.3881507 1.4482161
 5748 -0.39476714 0.12551293
 5744 -1.2146621 -0.22647728
 5746 -0.84011155 -0.8522844
 10892 -0.48374087 -0.12552531
 5754 0.8617254 0.30452242
 10901 -1.1519988 -0.71709275
 5745 -0.40408692 -0.376729
 5753 -0.4700603 -0.45274192
 10893 -0.82971084 -0.5356666
 10887 0.90762615 0.26383254
 10897 0.5979718 0.9366374
 5749 -0.49558783 -0.15899949
 10900 0.20847231 -0.2221892
 10889 -0.41977257 -0.5160784
 10894 -0.8436316 -1.018057
 5751 0.31851193 0.8475052
 10898 -0.031708356 -0.18045902
 10899 -1.8902677 -1.3372439
 10888 1.3625264 1.4111683
 5752 -0.9043361 -0.60081947
 10886 1.0184395 1.4034584
 11582 -0.40774727 -0.4007684
 11584 0.25593445 0.011469554
 11588 -0.23345423 0.71494174
 11585 -0.08148495 0.13742262
 11583 -0.48625475 -0.36962795
 11587 -0.8701887 -0.7267461
 11586 0.17687552 -0.2222382
 11581 -0.5325851 -0.57918984
 11589 -1.2913932 -0.7269571
 10341 0.88251716 0.6253924
 9625 -0.015010113 -0.4755388
 9402 -1.638808 -0.7325084
 81 -0.52128816 -0.12355523
 11862 -1.0433279 -0.68992
 83 1.6590439 0.8045505
 9400 -0.908624 -0.6504535
 8639 1.3259073 0.6029458
 11106 -0.9470872 -0.672212
 7196 0.7098111 0.67351985
 10335 1.2426834 0.7597149
 8255 0.93980837 0.11224362
 11097 -0.5206496 -0.39786762
 7224 4.6051307 1.4498603
 796 1.9832764 1.4679899
 87 -0.8441964 -0.7085602
 798 -0.007690793 -0.16722225
 11105 -1.0341085 -1.1521626
 4272 0.44930804 1.3899949
 76 -1.6469195 -0.92485154
 9408 2.2039456 1.071923
 11109 -1.5124406 -0.6789697
 9630 0.35919794 1.2344446
 84 -1.7074548 -0.9380365
 11863 -1.687759 -0.9897788
 1937 0.7402724 0.96268684
 11865 2.0266056 1.6142666
 8257 -0.037205983 -0.47265667
 8262 -0.4721011 -0.04916696
 11110 0.37072495 -0.17017405
 1932 0.13579804 -0.082773626
 8254 -0.597775 -0.51450187
 2468 -0.7336117 -0.6790515
 7443 0.014341885 -0.20526148
 11798 0.69545394 1.0555196
 11797 0.9928584 0.4887254
 4269 2.3817556 1.2436295
 11107 0.63777214 1.0706296
 8265 -0.603555 0.8514601
 2465 2.4360685 1.4566278
 1256 0.41191977 -0.101344004
 11098 0.8274822 0.76532894
 8258 2.7756796 0.3141058
 2462 1.3924276 -0.53075343
 1254 3.2075963 2.444322
 9634 1.8640312 1.5793688
 1927 -0.6720977 0.56217724
 9397 -1.3608701 -1.24451
 7197 0.51280236 0.23742609
 10345 -0.24328056 0.59997267
 11866 0.4545554 -0.50821626
 4115 1.1143218 0.5696122
 1940 0.78656334 0.806527
 1258 1.5052552 1.2220398
 1259 1.0480354 0.1836239
 11808 1.2157431 0.9659677
 1261 -1.5119125 -0.76237684
 10338 -1.2635685 -0.61203176
 10336 0.7801113 -0.92694765
 1936 0.7504659 1.0851481
 8648 -1.1203222 -0.7798721
 9632 0.79381204 0.68445486
 7201 -0.6164118 0.27572274
 7200 0.51609915 0.75525415
 4122 3.3165963 0.26057371
 2469 0.68314075 0.93861264
 2466 -0.4520817 -0.022271622
 7199 0.33723998 0.52648216
 7221 -1.1238396 -1.3221772
 789 -1.5624886 -0.8889528
 790 1.8276367 0.6210281
 7220 0.26125786 0.3699042
 11809 2.2837 1.6151094
 2464 1.1558491 0.41544884
 7436 -0.50141686 -0.19530763
 7441 0.23295149 0.13672037
 8264 -1.7096895 -0.87163246
 4119 0.18434611 -0.16669756
 7442 -0.66564566 0.034128882
 9629 -1.2121266 -0.07973413
 9623 0.08068425 -0.48418647
 4120 -1.474609 -0.76736087
 10346 -1.0430717 -0.49917907
 797 -0.65077186 0.09004201
 9407 -0.91776913 -0.6208196
 11868 -0.28904337 -0.2775973
 7195 1.4486572 1.2674876
 10349 -1.5237687 -0.8344901
 4267 -1.2139987 -0.28966957
 7198 -0.07292061 0.9764548
 8261 -0.65472925 0.24581344
 9627 -0.4127058 0.30953196
 11858 -0.5482748 -0.4805432
 9406 0.42778373 -0.13063285
 9405 1.5901936 1.5946281
 794 0.8325182 -0.696244
 11800 -0.16611896 -0.0898422
 11799 0.4254115 1.049687
 8651 -2.4823396 0.86853755
 80 0.19836865 0.81438553
 8646 0.10705984 0.23268427
 11805 0.12982458 -0.16134596
 787 -1.3903083 -0.7960016
 1928 -0.1484214 -0.090923116
 7227 0.6461921 0.38862807
 9621 1.481459 0.16224825
 1933 -1.0239426 -0.04762109
 4121 -1.4948369 -0.96601135
 88 -0.58926845 0.06829427
 1255 -0.026762187 0.14306511
 1263 0.60108024 0.59417707
 1253 1.8099556 0.8719844
 11861 -0.22234575 -0.21351929
 7193 0.98346114 1.1862127
 7191 1.0445855 0.959733
 9409 -1.6389657 -1.7094865
 8650 -0.37444752 0.29116225
 11804 -0.8624596 -0.49594373
 10347 1.5902445 0.41512227
 11807 0.846709 0.71719486
 4277 0.6262007 0.6152516
 10339 2.593596 2.1166098
 7194 -0.76663184 -0.5261392
 7190 -1.0964276 -0.12822142
 11856 0.3148892 -0.10645667
 2470 -1.6011099 -0.849118
 85 -0.8929691 -0.7653509
 4276 0.25252852 -0.16643731
 11111 -1.7614138 -0.9196925
 10343 1.6233829 1.2284663
 11811 1.1185703 0.73822546
 1257 -0.54475063 -0.35414165
 7440 -0.19083652 -0.04757308
 8653 1.1917925 0.018412758
 4271 -0.2250728 0.7293145
 86 0.8303147 1.2886372
 4274 -0.39841464 -0.1795731
 11801 2.1828005 1.2086656
 1931 1.7433552 0.7887942
 1935 0.994097 0.44222933
 8641 1.0540175 1.3875878
 2463 -1.6657956 -0.95073026
 8649 1.2805929 0.33826354
 1939 1.2254819 0.850622
 11857 1.8724974 0.72362477
 10340 0.41872248 0.3427094
 4123 0.9461705 0.35826382
 7229 -1.2980373 -0.88819844
 7228 0.5344848 -0.24833469
 7188 1.597843 1.7001958
 11103 0.9541875 1.2963023
 8260 0.50929743 0.8359093
 10337 0.16100423 0.79443234
 9399 -0.2877617 -0.05167048
 9631 1.3718004 0.27580267
 4268 0.4452608 0.15705638
 11102 -1.2635049 -0.61756927
 8647 0.45027024 -0.7101192
 11810 0.32492042 0.008912981
 2467 -0.5948747 -0.4855799
 11803 0.3557943 1.1870236
 7222 2.1384697 -0.26993293
 8256 -1.6457428 -0.7519217
 11806 0.9462526 1.0861897
 1930 0.3618191 0.28583777
 7432 -1.6082863 -0.77459776
 7230 -0.7276777 -0.5919559
 1938 1.2621931 1.0550401
 77 1.0740494 -0.24328037
 7439 0.39922294 0.5761137
 11864 0.53022486 0.11229883
 792 -0.24717516 -0.25950179
 9620 -1.5385045 -0.9213727
 1252 -0.8949778 -0.66441816
 7192 1.6567317 0.58525294
 10348 -1.7824248 -1.4467007
 7189 0.59201807 0.63434654
 8644 -1.2074862 -0.8000482
 8642 0.8487539 0.12942946
 11869 2.1528933 1.7914445
 7202 0.71077055 0.94513905
 1934 1.0424548 1.1272862
 7444 0.98358625 1.0742038
 4273 -1.4743844 -0.6521125
 4266 -1.7686846 -1.5540981
 7433 1.7199891 0.49749693
 11101 -1.2379842 0.62315524
 7438 0.69278234 0.33683598
 4270 -1.0274673 -0.7259703
 11099 0.54823095 -0.016408738
 8645 0.6079512 1.3768277
 799 0.66991764 0.39596686
 7434 1.8866162 1.210767
 793 1.8604891 1.8924284
 7225 1.1931851 0.5460355
 7445 0.022791626 0.24449235
 8643 0.34888983 0.15890054
 4275 1.0256274 0.4422288
 11104 -1.466774 -1.0893567
 11100 -0.93808144 -0.710931
 2471 -1.4898834 -1.0236033
 2472 -0.49866736 0.25713825
 11859 -0.7599066 -0.745125
 11802 2.2092443 2.0682566
 79 0.86157453 -0.10640012
 9404 0.5266273 -0.48305506
 8263 -0.7746933 -0.6880581
 82 -0.23188421 -0.43477958
 9398 -0.37343994 0.8602188
 7226 -1.4102043 -0.51663405
 11108 0.25586018 -0.19727398
 78 -0.26341042 -0.24330561
 11867 -1.4622042 -0.52705544
 9401 0.8151063 0.46519536
 7223 -0.007441422 -0.10176022
 1264 0.9419954 0.73917735
 4118 -0.54649895 0.036009982
 11860 -1.7270542 -1.5091078
 7437 -1.0325211 0.8402613
 4124 -0.16822763 -0.20683111
 800 -1.1353501 0.581372
 4116 0.43323 0.101925805
 8640 0.0401188 -0.26325712
 8652 -0.46664333 0.4854313
 795 0.9741262 0.985715
 791 0.82100266 0.19074231
 1260 -1.5495231 -0.796496
 10344 0.41799042 -0.005497005
 788 0.4041526 1.2606068
 4125 -0.8802635 -0.7133701
 9626 0.81111723 0.27279758
 9624 0.80057305 0.46406296
 7435 -1.3357688 -0.4500172
 8259 1.0995686 1.1595606
 4117 -0.7309135 0.7460887
 9628 0.3368742 0.7073663
 9633 -1.4039806 -0.7352121
 11796 -0.68719155 0.7145234
 1929 -0.76823854 -0.4010284
 10342 0.7161742 0.32349375
 1262 -0.65578496 0.43077987
 11812 -1.1283525 -0.384928
 9635 0.3057037 -0.5200583
 9622 -0.34093413 -0.016324904
 7218 1.0261403 0.5877209
 9403 -1.4172431 -0.5475841
 7219 1.1310769 0.14619988
