 3512 2.8834724 2.585699
 2014 1.7241362 1.416433
 11880 -0.33227214 -0.31970853
 9868 0.31097075 0.30246395
 10115 -1.6072048 -1.2788097
 3394 1.2246383 1.1608328
 10023 -0.87354654 -0.790612
 6753 -1.7422398 -1.7185956
 7263 -1.1938492 -0.6894057
 184 -1.5009998 -1.4273013
 6710 -1.263299 -1.0877012
 4779 -1.2326506 -1.3053473
 3311 0.22404563 0.14423949
 6346 -0.35949716 -0.6826784
 10577 -0.25633496 -0.3600511
 4167 -0.49074662 -0.4750573
 9558 -0.0915006 -0.2449894
 9696 -0.45924014 -0.31731224
 9393 0.03519372 0.37117696
 10610 -0.11246657 0.24235174
 1310 -1.1085349 -1.2744302
 457 1.0147086 1.1226187
 9139 0.755573 0.9120688
 11824 1.7901691 1.6066197
 7507 0.58327264 0.48177868
 9221 -0.5027522 -0.4905123
 1304 -0.7614212 -0.8286664
 7469 0.7683281 0.5124021
 4267 -1.2139987 -1.302803
 10589 -0.45819223 -0.26368994
 1136 -0.41889334 -0.3672889
 8227 0.73748076 0.63361317
 7852 -1.4889767 -1.2716858
 1880 1.0245854 1.0190831
 1295 0.14010839 0.09907865
 2360 2.0142057 0.962999
 6695 0.16508906 0.22394952
 5284 -0.56121874 -0.49302864
 7015 -1.1346968 -0.94352204
 5369 -0.26535726 -0.12729499
 8653 1.1917925 0.6401089
 10910 -0.3688715 -1.1097896
 11749 0.023782693 -0.015810702
 2161 -0.7931504 -0.51902413
 2248 0.8428511 1.1714312
 6622 -0.23675016 -0.12755233
 2561 -0.8606246 -0.9479678
 10899 -1.8902677 -1.4881998
 2320 -0.44055837 -0.6596567
 156 0.7518948 0.29991728
 5545 -0.04074027 -0.08192067
 5822 1.7638893 1.7649143
 10425 -1.765048 -1.7162482
 4450 0.5787945 0.2574074
 9173 -0.059504535 0.1451269
 2907 0.17774832 0.13210902
 2649 0.02274716 -0.10753026
 7519 -0.21435809 -0.22442627
 10976 0.94813615 0.9455162
 3335 -0.617231 -0.64635473
 10668 -1.8992634 -1.644087
 4012 -0.9676956 -0.91742116
 6792 1.162654 1.0142434
 8885 1.1788664 1.2325792
 11087 -1.0590228 -0.94622266
 8189 1.1748691 1.3151063
 10361 0.6420816 0.49012223
 10421 -0.38813633 -0.19587082
 9042 -0.48952636 -0.9059022
 4380 -1.1201637 -0.9956967
 6252 -0.05749031 -0.0013679862
 2896 -0.19977629 -0.2428543
 10744 1.0253601 1.1885077
 4916 0.046204098 -0.0021147542
 8750 -0.61653286 -0.5043476
 8559 0.5087794 0.8187986
 6052 -0.4965193 -0.37974465
 2562 -0.6559555 -0.73396856
 5737 -1.1398699 -1.1087393
 10065 -0.48672047 -0.6527969
 11605 0.5442117 0.5297418
 8247 -1.2112373 -1.1600971
 4824 -0.3557919 -0.16827112
 8560 -0.18466641 -0.7350001
 7443 0.014341885 0.20482033
 8338 1.5452912 1.2934644
 6150 -0.16655445 -0.30337572
 8613 2.8721468 1.6097196
 9267 -0.49204895 -0.4857536
 9419 -0.27096352 -0.9707348
 3981 -0.90599644 -1.2567416
 9814 1.8035178 1.3598124
 2108 1.0911051 1.122235
 8735 0.15844405 -0.7921539
 3716 1.4169797 1.4168912
 6784 0.8404761 0.3261137
 5551 1.7718028 1.6486672
 160 0.19176628 0.5841047
 3982 1.5175271 2.1550202
 9129 -0.39224273 -0.011571389
 10274 -1.6561847 -1.6478935
 1526 0.15489143 0.0851925
 4722 -0.33781746 -0.26051706
 7833 1.5488352 1.4598681
 10895 -0.55541855 -0.9667093
 9086 0.5421878 0.52614546
 11451 -1.6626139 -1.4563287
 6558 -0.91261256 -0.4885543
 10058 -0.5682704 -0.58771545
 5423 0.13834721 0.20244735
 2155 0.06824411 0.010745879
 7249 0.9245078 1.3503443
 8003 -0.3500238 0.32147878
 1412 -0.55011165 -0.5322272
 5714 -0.54657596 -0.49359578
 10524 0.665274 0.49865317
 11264 0.31116375 0.2842378
 8741 0.25642127 1.2149655
 5460 -0.95579225 -0.9865882
 1509 1.9014964 0.11102947
 7337 0.28375217 -0.20508566
 2024 0.9579469 0.9695023
 10847 0.19028014 0.00018837675
 694 0.64180195 0.7056562
 6802 0.3038907 -0.0042011365
 7540 0.045096595 -0.121778496
 1284 1.0659076 0.9447098
 1648 1.6104088 0.83010715
 8575 -1.4874911 -1.4241546
 956 2.1328583 1.5301808
 10135 1.5572945 1.4946556
 5957 -0.3838058 -0.21773612
 3151 -0.73749346 -0.482866
 1081 -1.3466734 -0.795992
 6706 -0.6360581 -0.56997055
 10206 1.2548265 0.25449705
 10142 0.71010035 0.64299256
 5700 0.15341309 -0.7015007
 2902 0.620236 0.48406264
 8052 0.27381766 0.420055
 10595 0.33045426 0.29381484
 4037 -0.46014962 -0.4989614
 306 0.41245565 0.5950754
 6624 1.3481903 0.95569366
 2492 0.08753554 0.13602577
 5054 -0.29038924 -0.334421
 5936 1.2643393 1.3133675
 11560 -0.22365083 -0.09253712
 2053 0.50572324 0.2762148
 2569 1.3429426 1.2302346
 7884 0.0177304 0.09306786
 3722 0.45542267 0.39821804
 959 0.4476404 0.36439633
 2407 -1.5837864 -0.9927433
 2392 -0.3233278 -0.7213596
 7991 -0.18678011 -0.25008458
 11671 -1.4939682 -1.5515794
 2950 -0.063462846 -0.121281125
 2628 0.4183718 0.41956335
 9950 0.14497572 0.08440841
 7551 -1.8525527 -1.6974772
 11414 -0.5723914 -0.6250393
 3409 -0.42627594 -0.16031888
 9445 0.25403893 0.5452786
 10633 1.5989918 1.5179769
 10844 -0.033479623 -0.090219714
 8847 0.77595496 0.73812836
 1783 1.7044253 1.2281792
 10902 -0.42971027 -0.32163706
 4648 -0.4297364 -0.45491713
 72 0.16489929 0.07384212
 3715 -0.8510284 -0.8186661
 10230 1.1161605 1.194717
 1718 -0.12791246 -0.16792199
 3939 2.038035 1.5648102
 2866 -0.20209168 -0.12486901
 5294 0.57713646 0.8907536
 5755 -1.8927362 -1.7592651
 4454 -0.62855816 -0.5308202
 8198 -0.08227203 -0.097025536
 3426 0.61693084 0.5932599
 10842 0.15979588 0.2688509
 6988 0.066518225 0.030610805
 2050 0.23694876 0.15390402
 459 -0.23278221 -0.5849995
 11803 0.3557943 0.9483624
 10438 -0.93298125 -0.92641395
 3373 -1.6124787 -0.68887085
 620 -0.5726724 -0.42094642
 6105 -0.45075327 -1.0781941
 10737 -0.018820817 0.0005612746
 1062 2.2487118 2.31356
 10994 -0.9380626 -0.9031729
 824 -0.5577734 -0.6029274
 9764 -0.20630853 -0.7304974
 5514 -0.053213872 -0.18963408
 4514 0.01727704 -0.03273966
 7834 0.5247465 0.5327155
 6808 -0.07884226 -0.050954677
 1645 -0.5906982 -0.35051906
 10834 1.5142816 1.500858
 347 -1.583063 -1.2989674
 866 0.4379667 0.2044374
 8821 -0.34102857 -0.28504127
 8080 -0.28051662 -0.36104178
 10180 0.44523513 0.7353396
 7118 1.2880226 1.2554259
 6372 2.8655353 1.0465378
 419 1.2665694 1.2291366
 1275 0.100531265 0.10309666
 10468 -0.26399302 -0.5367767
 9162 -0.02399527 -0.009723518
 8793 -0.7637902 -0.82579833
 2674 0.5787849 0.55980784
 11163 0.8702622 0.73884696
 8301 -2.1121912 -1.8420111
 6551 0.163591 0.017767293
 640 -0.6376519 -0.6966572
 8742 -0.49304184 -0.42306495
 9758 -0.6144783 -0.28907067
 7058 -0.037661634 -0.04106313
 8932 1.6856161 1.518591
 9275 0.9738053 0.6316307
 3933 -1.6474943 -1.6949351
 5097 1.1131113 1.1008552
 9347 -0.57987803 0.07388472
 615 -1.4083161 -1.324287
 8326 -0.8969856 -0.8737563
 7489 -0.859001 -0.5579544
 7208 1.0470064 1.2670372
 7358 0.2970399 0.3479467
 1673 -0.75781035 -0.65005976
 6492 0.7226088 1.2995402
 581 0.5764511 0.5334442
 1785 -1.2707494 -1.2609944
 406 -1.3471982 -1.5208741
 9902 1.0122613 -0.0072320253
 1838 -0.95280254 -0.95174104
 7103 -0.0599391 -0.10538826
 5370 1.4303416 1.36032
 4538 -0.27248633 -0.19480368
 11241 -1.3811352 -1.3124553
 6210 0.3844564 0.36829612
 6333 -0.23960233 -0.06254536
 11589 -1.2913932 -1.0709989
 1480 1.418254 1.6575702
 6216 0.67464745 0.6364564
 6630 -1.4779797 -1.3400764
 1243 0.7273354 0.7845233
 2789 1.7221532 1.5265201
 91 -0.69712836 -0.66632354
 4416 -0.1469834 -0.28753188
 4958 0.4296705 0.3381203
 2484 -0.65009344 -0.10670953
 6969 -0.40652335 -1.0343298
 1659 -0.84121627 -0.84910256
 1995 -1.1376265 -1.2010907
 8317 -2.6313567 -2.2913964
 3468 0.5356143 0.6261844
 11688 0.6073379 -0.23576921
 3292 -0.108078286 -0.19740036
 2696 0.12594925 0.07292791
 6066 -0.41224557 -0.48670536
 11838 0.060542483 0.041272968
 4119 0.18434611 0.06190802
 2310 -0.4131821 -0.32456762
 1000 -1.6626276 -1.4710528
 10815 -1.7489412 -1.9262203
 2570 1.4058552 1.119988
 10966 -1.1574749 -1.1549597
 3964 0.0561574 0.014505733
 3810 0.9163413 0.59321004
 8263 -0.7746933 -0.7116284
 6003 0.59422755 0.5215684
 8303 -1.0157253 -0.5817691
 3860 0.23839319 0.4335475
 8238 1.3082753 1.4431077
 5626 -1.7330222 -1.6134642
 9959 0.2266842 0.485921
 8417 -1.3207557 -1.4221483
 9087 1.0950125 0.9370743
 8385 0.64890677 0.042648196
 518 -1.1640786 -1.0384827
 5607 -2.1580682 -2.3860295
 2837 -0.19162084 -0.13979769
 11112 -1.0448027 -1.0910618
 6573 -0.21173419 -0.21965462
 2550 -1.2480521 -0.8290393
 11832 -0.2559632 -0.65193397
 8528 -0.0024374956 0.1313636
 10685 0.81058776 -0.053173557
 9072 -1.4010032 -0.86249655
 9424 -1.2040468 -0.9729597
 9170 2.487501 1.3915927
 2893 -0.042784747 -0.04300019
 11403 -0.4166788 -0.65582234
 8783 0.71704835 0.59801495
 1267 1.3404231 1.3343519
 10727 0.3393899 0.3010058
 7464 -0.2772615 -0.25830185
 131 -0.6825846 -0.69020694
 6644 1.4960954 0.7912126
 11387 0.57446396 0.8868701
 5879 0.7108402 0.7545144
 2353 -0.03372533 -0.010602474
 11435 0.90595895 0.3276329
 7265 3.0975163 1.5500983
 11 -0.9836769 -1.2795088
 4065 -0.35654 -0.45592636
 9607 1.1625967 1.1201609
 9009 0.18728264 0.30177468
 1804 -0.36099568 0.060966216
 6113 0.57590336 0.8528734
 9495 0.054855995 0.4680655
 402 -1.4255352 -1.3501495
 3172 0.1694228 -0.41527808
 3930 0.13451222 0.072739914
 5864 -0.56771934 -0.5452187
 2576 -1.2578679 -1.4350759
 6330 1.4534713 1.2896765
 6283 -1.1160165 -1.0211581
 2025 0.5206447 0.47000736
 768 -1.9605958 -1.9563805
 4227 -1.3452252 -1.3038448
 9984 -1.6145654 -1.6262643
 3490 0.32070816 0.34739643
 11648 1.6752173 1.7925199
 2698 0.029692883 0.057408262
 9705 -0.26697955 -0.35548604
 11195 0.41170663 0.1982364
 6494 0.22703809 0.3712709
 4581 0.53682905 0.2108731
 3166 0.027630987 -0.06199556
 4035 -1.9766656 -1.4810036
 2265 -0.1883616 -0.086010836
 1616 -0.1535578 -0.20928112
 5303 0.35003585 0.36660933
 6277 -0.84517735 -0.85011137
 3947 -1.2273488 -1.1974167
 11021 0.7291919 0.89267033
 9389 1.1957214 1.0523299
 3926 0.12100766 0.08938596
 5046 0.64394224 0.49309218
 5380 0.2029889 0.2157943
 4051 -0.46217072 -0.5005571
 9497 -0.5542263 -0.55607855
 7277 1.3581767 -0.54057455
 5104 -0.42834425 -0.7445528
 283 1.3805385 1.3705125
 6043 0.1696002 0.088338405
 3723 1.3338474 1.3830053
 2082 0.5480462 0.29747736
 10745 1.632319 1.5830952
 10190 0.5397092 0.6131703
 5119 1.4906257 1.4644912
 4310 -1.59441 -1.3726591
 4619 -2.165436 -1.7513218
 10691 -0.3845952 -0.049173526
 8304 0.061046727 -0.088508256
 1993 0.016086109 0.02827137
 8926 0.39926833 0.5185414
 10919 -0.7702647 -0.70828855
 1111 -0.53041863 -0.5781334
 8545 -0.78663427 -0.888912
 3989 0.15601727 0.358589
 5733 0.5726189 0.47699684
 6505 0.23853897 0.4385907
 8897 -0.032409254 0.04161714
 10984 0.6077601 0.8838507
 2173 -0.3668958 -0.36786664
 4880 0.7045262 0.6163955
 7094 1.6997863 1.2498502
 7995 0.02642447 -0.57375276
 1031 -0.2105836 0.57330436
 7008 -1.0020397 -0.95068187
 9762 0.036034886 0.31439197
 6911 -1.5747898 -1.6261286
 6462 0.54327834 0.88456947
 2422 0.41760445 0.61876816
 3867 0.42770076 0.5623842
 5815 0.5788105 0.1520664
 9772 0.6368421 0.36497712
 7049 -0.36702412 -0.08052894
 9641 -0.19405955 -0.1594719
 1791 -0.06812893 -0.033367716
 8893 -1.3502347 -1.0810825
 6162 1.415995 1.3624691
 9577 -0.5480062 -0.63432187
 7822 -0.053857468 -0.27219164
 625 -0.5527291 -0.19405481
 6618 1.8098465 1.5499376
 8236 -0.47499454 -0.69720423
 1251 -1.5868192 -1.5033044
 1855 1.9361943 1.5038099
 11108 0.25586018 0.45843405
 10819 -0.3910628 -0.21905869
 2118 -1.1814929 -1.1522769
 889 0.4428056 -0.044810094
 10960 -1.2233515 -1.1903654
 1393 0.09049591 -0.076141685
 6995 2.1812372 1.6390951
 10256 0.703459 0.9121857
 9977 -0.15337215 -0.06008602
 2878 -0.17372434 -0.16397816
 8869 -1.0507207 -1.0706536
 10186 0.34707594 0.7912573
 1466 -1.2653857 -1.0156766
 6611 -0.47474012 -0.39498916
 10640 -0.26163363 -0.36948463
 5580 0.08598751 0.022222595
 2567 -0.6766029 -0.9356403
 11830 0.39815485 0.385185
 7406 -0.20440066 0.025725933
 6077 -0.08042421 -0.09697046
 6418 0.053770956 0.20063579
 6203 0.16810215 0.0028581247
 3868 1.1447947 1.4045664
 11652 -2.3159196 -2.2377229
 7438 0.69278234 0.88018966
 4584 1.2581381 0.4603153
 11293 -0.031837627 0.014406422
 4604 -0.32344055 -0.40292037
 8460 -0.44035348 -0.60669214
 9026 0.76549375 0.7544496
 3236 0.31773356 0.2440942
 7363 0.37688726 0.4001524
 5241 -0.09345477 -0.18908566
 309 -1.3267021 -1.2993166
 5069 0.5114377 0.29803225
 6112 -1.6318963 -1.4912156
 7251 0.8592092 0.5636855
 9828 -1.477612 -1.5250903
 9640 -0.21975303 -0.114377715
 2491 -1.5063975 -1.6594797
 8607 1.4033953 1.3694211
 6795 -1.0896436 -1.061797
 10943 1.2216551 0.9760764
 1311 -0.09524942 0.28785488
 10179 -0.8973459 -0.83227926
 2017 0.7512837 0.76876324
 9949 0.82536757 1.1123846
 6703 0.13756746 0.31174028
 7318 -1.0184473 -1.1198114
 10366 0.9517039 0.7737537
 4284 0.21092018 0.097090684
 232 1.0372983 1.2434639
 6959 0.15673742 0.19448361
 11123 -0.9237384 -1.0075608
 3452 0.63289064 -0.06721562
 8797 1.0905207 0.98128814
 7454 -0.431262 -0.8305793
 5320 -1.2054243 -1.1269976
 7116 0.6262823 0.4336123
 2365 0.09737791 0.3768022
 8407 0.29838622 -0.17981729
 6963 1.0096827 0.65394586
 3651 -0.79893917 -0.84504896
 2527 1.2128799 1.0666553
 7580 -0.06964211 0.20454502
 8147 0.26020032 0.38540822
 1440 -0.8708493 -0.9245653
 5637 0.2780203 0.21731073
 9159 -0.16639172 -0.023503788
 7803 -0.36018384 -0.35247183
 1457 -0.153126 -0.09980681
 11223 -0.4213261 -0.5180476
 5699 -0.3323299 -0.3741994
 7927 -0.6922211 -0.9556927
 7257 0.23396823 0.5565204
 215 1.1443766 1.0948166
 6604 -1.0405111 -0.9754371
 11116 -0.7925706 -0.8294752
 5498 0.15452196 -0.14775756
 174 -0.642202 -0.5765973
 9720 -0.8576771 -0.7974197
 1661 -0.16217853 0.23387986
 10405 0.52307606 0.22849122
 5676 -0.31407952 0.3054994
 10671 -2.1656427 -1.7320331
 5849 -0.68486696 -0.76290375
 4729 -1.1723468 -1.1090384
 487 2.0056498 1.8354332
 6925 0.48036346 0.21607783
 1930 0.3618191 0.4055432
 648 -0.8127064 -0.7745525
 8468 -0.2539421 -0.39900184
 8328 -0.45606065 -0.64638114
 2048 -0.41242665 -0.45121905
 11829 1.2024443 1.1109875
 3301 -0.77393836 -0.8397863
 7586 -1.2918516 -1.381238
 3662 3.1406953 0.7805254
 11507 0.80969846 0.65083176
 2687 0.16457702 0.36895406
 415 -1.1214174 -1.0948876
 5058 -0.16030642 -0.2203187
 8220 0.4770923 0.46057385
 10296 -1.055357 -1.0820425
 1584 -0.16575408 -0.13883463
 10356 -0.09284968 -0.6936069
 5522 -0.4868965 -0.4695875
 10290 0.68734616 0.85321194
 6572 -0.8893972 -1.0821723
 11649 -0.7761813 -0.77079666
 4163 0.30391732 0.06201706
 10962 -0.6113616 -0.74989885
 7516 -0.77413225 -0.80326134
 7306 -2.4000993 -1.93619
 9890 0.12415781 -0.30121332
 6109 0.045466986 -0.13451394
 8461 -1.5385251 -0.7352691
 6606 -0.97641903 -1.0028687
 2869 -0.93198097 -0.9093051
 9783 -0.00605842 -1.5373198
 3487 -0.53932405 -0.47035366
 165 0.9619327 1.0317285
 1554 -0.69714576 -0.5538805
 10670 -0.9937568 -0.4722193
 4590 -0.54985404 -0.55897516
 4986 0.75616753 0.77219516
 4397 0.7749181 0.5364789
 4112 0.35221922 0.26382944
 4339 -0.21730974 -0.31727585
 8175 0.35605377 -0.5099425
 1925 -0.2791813 -0.536933
 10471 -0.52785665 -0.71780854
 9391 -0.4151271 -0.3365814
 7865 -1.6007867 -1.6142708
 10371 -1.5547745 -1.5852616
 5614 -0.6050613 -0.6226917
 4030 0.5412027 0.60787374
 2236 0.12803268 0.30129838
 329 -0.94384354 -1.0570214
 7194 -0.76663184 -0.7494668
 10305 0.9138224 0.46975046
 6338 1.1542588 1.4437075
 4874 -0.6650855 -0.67495036
 637 -0.95312345 -0.8786158
 10628 0.05174023 -0.33572552
 86 0.8303147 1.6301888
 6482 -0.6730521 -0.020569079
 6403 -0.40532094 -0.530541
 3067 -0.29898888 -0.022450652
 2529 -0.92767656 -0.77074313
 10237 -0.5887 -0.5189641
 5076 -1.5150094 -1.5024832
 4997 0.7208907 0.7395454
 9272 0.88815826 1.0176601
 8443 1.445561 1.0722111
 1064 3.6794925 2.9597616
 8016 -0.2048178 -0.5622503
 1003 0.29978022 0.13270429
 7938 1.9628468 1.5666333
 8370 1.0519855 1.1163276
 7760 0.33332294 0.38153544
 3214 0.73784566 1.0094937
 1833 -0.41979685 -0.44456092
 7222 2.1384697 1.6079911
 97 -1.2635548 -1.1441268
 9304 -0.10235054 -1.0950435
 299 -0.99767333 -0.98443085
 2954 -0.59888756 -0.62590957
 11056 1.5549163 1.3073758
 292 1.8790604 0.9585397
 7297 -0.8738963 -1.2110671
 1244 -0.11686908 -0.789725
 7659 1.4650213 1.2143546
 9286 0.82682943 0.7406359
 9941 -1.2933208 -1.4829412
 6555 1.2871797 0.52119285
 4208 -0.49649638 -0.19655609
 186 -0.09003279 -0.27949888
 5221 -0.36332023 -0.29453477
 1215 0.59820926 0.5748356
 3136 -0.34134075 -0.60581744
 10273 -0.5739151 0.07028198
 6275 -0.6400627 -0.904053
 10432 -0.36397347 -0.17238083
 2584 0.98833764 1.0200697
 3086 1.1811818 1.2836088
 6108 1.0611852 1.2338778
 1875 1.3902823 1.481793
 10932 0.09369281 0.06395188
 7697 -0.08389478 -0.3091709
 6384 -0.8443247 -0.9768546
 10490 1.7877433 1.3964719
 1764 -0.35310563 -0.3698187
 6881 -0.33084974 -0.29179204
 8296 -0.29134366 -0.2265554
 11198 0.400462 0.20800325
 9264 -0.12309373 0.5701158
 7966 0.22875573 0.15103844
 8001 0.2631575 0.39721686
 2543 2.2139242 1.559074
 1853 0.46555156 0.4012856
 5356 0.018302945 0.0076512005
 10890 -0.8967064 -0.62108624
 8398 1.277709 1.4678162
 3971 -0.44426045 -0.10076403
 10570 1.130526 1.0979389
 11248 -0.6519293 -0.61076814
 10338 -1.2635685 -1.4312738
 11707 0.10402384 0.047327682
 9646 -0.46546984 -0.35568532
 9512 -0.03442852 -0.17337564
 2426 0.3443026 0.31153056
 2666 0.5453769 0.4219051
 8387 1.0948361 0.97440284
 4898 -0.1983392 -0.45725557
 3162 -0.3115441 -0.4099559
 3465 1.336921 1.4402622
 7152 0.1066184 0.05707201
 5338 0.03487513 0.40283966
 11006 -0.40114215 -0.40388128
 11855 0.2746492 1.2058238
 9303 -1.1470283 -0.86014444
 6654 0.22209696 0.23819748
 8530 -1.63326 -1.5877708
 4576 -1.6743554 -1.5865539
 78 -0.26341042 0.016722001
 1918 0.9105008 1.2002794
 10121 -0.6216028 -0.8288058
 5084 0.10094016 0.013375273
 4469 -0.038516555 0.035143957
 3283 -0.18125956 -0.22845662
 8815 -1.0396621 -1.0018145
 10549 0.04044885 -0.1290566
 8371 -0.3585767 -0.5381385
 6747 -1.8996581 -1.8913647
 7398 -0.3365793 -0.31653112
 7710 1.1214486 1.5101947
 8982 -0.4821823 -0.4962421
 2285 -1.604752 -1.639491
 5145 0.20080782 0.1198077
 6634 -1.0126053 -0.77296394
 5701 0.87670875 1.0276935
 1755 -0.3617406 -0.14484793
 783 -0.7183629 -0.56369233
 10987 0.9714629 1.2178854
 15 -0.2003713 -0.033724643
 9798 0.02381799 0.27756524
 5449 -0.99245214 -0.9579707
 3341 -0.014003001 -0.058332212
 6684 2.3010504 2.177567
 5398 -1.4630665 -1.5579177
 2136 0.5833171 0.44820195
 3650 1.8727568 1.6017498
 1778 -0.23836786 -0.1801588
 6076 -0.4253605 1.1795619
 2860 -0.03607877 0.29424188
 3107 -0.4675982 -0.5195653
 7748 -1.0881318 -0.84230274
 4427 -0.2196233 -0.11649903
 8526 0.22250357 0.2110947
 11636 1.4749951 1.6106323
 4239 0.047877267 0.29056725
 791 0.82100266 0.8655154
 965 0.15419374 0.35960746
 8527 -0.9440466 -0.8299163
 7212 -0.35138023 -0.12113354
 3048 -1.2468263 -1.0724658
 8599 0.9128451 1.1251622
 377 0.21783061 0.45805144
 839 -0.5551912 -0.59053725
 838 -0.6238095 -0.5825082
 268 -0.67195374 -0.63693845
 3120 1.8918099 1.7305542
 10957 -1.9780624 -1.867834
 2149 0.05465338 0.052574668
 9716 -0.55973303 -0.5988117
 4292 1.016022 0.90105325
 2341 -0.087759115 0.31709224
 2821 1.0867256 0.8926091
 8329 2.2007551 1.3277285
 541 -0.07418122 0.018614892
 3230 -0.0104911765 -0.060338475
 5954 -0.32670942 -0.27511865
 7232 0.43064097 0.20279711
 3938 -0.06831092 -0.013825387
 4666 0.47963828 0.68524235
 11734 -1.1235664 -1.1318954
 10300 0.83515036 0.9522925
 8188 0.15703584 0.13895865
 6643 -0.464829 -0.4761243
 1970 0.30017444 0.2161775
 9164 0.12041495 0.18930978
 10562 0.8032318 -0.12072634
 9502 0.5226259 0.7649444
 10002 0.4515996 0.55264014
 3664 0.070801996 1.1242757
 7397 -0.67936933 -0.68781537
 5627 0.10208571 0.10674093
 8472 0.29270065 -0.27137917
 5295 -1.0693882 -1.0404274
 10929 0.7747718 0.91524464
 2555 -1.8263898 -1.6678007
 934 -0.8047549 -0.65203273
 3879 1.002533 1.0064896
 8221 -0.18303542 -0.27723935
 1962 0.55248815 0.48269784
 10563 0.8616699 0.63612586
 2692 -1.2537881 -1.1832486
 10858 0.8770897 0.56337994
 2658 -1.2613884 -1.2714057
 4170 -0.82659507 -1.0053736
 5541 1.4657859 1.2014849
 11096 0.53499866 0.28447032
 4521 0.12602489 0.3261939
 2476 -0.5490266 -0.9027917
 8209 0.46564278 0.3280505
 3655 0.057631623 -0.09681355
 11627 -1.1885587 -1.0790986
 8032 0.76105136 1.2030839
 10160 0.050473202 -0.07506159
 472 0.21987142 -0.02356838
 5106 -0.5112464 -0.6087979
 10420 -1.0104041 -0.903889
 840 1.3337883 1.1893656
 2314 -0.027211424 -0.014862027
 1835 1.3084551 1.3339089
 7376 -0.12680174 -0.33317274
 256 -0.5351883 -0.3949641
 11038 -1.9681687 -1.5690764
 9504 -0.023680346 -0.0830557
 8717 -0.2580086 -0.7371392
 9924 -1.7185578 -1.7042186
 6554 -0.9613174 -0.48133332
 6553 0.06310037 0.21400544
 11284 1.1020472 1.1012092
 1954 -1.8051175 -1.300408
 4152 -1.1829851 -1.2804681
 10829 1.1953597 1.3460214
 1628 -1.829478 -0.74805903
 9232 0.22893955 0.45714933
 7035 0.45405573 0.5852125
 2401 -1.3591626 -1.3371552
 7429 1.5564305 -0.2872057
 673 0.53694874 0.32330298
 9562 -0.29005784 -0.4119925
 2324 -0.52296823 -0.420861
 1895 0.7843483 0.8480995
 2185 0.20003541 0.124613814
 11592 -0.87851834 -0.97165495
 9837 1.1793294 0.9200899
 6818 -0.8126908 -0.87708914
 835 -0.43414396 -0.2340855
 1511 -0.46729243 -0.28239763
 9795 0.49052396 0.09444598
 7139 -1.6079016 -1.5243027
 3735 -0.899202 -0.8862652
 10766 0.118236154 0.10516035
 3182 -1.0739273 -1.0211654
 638 -0.08265205 -0.0018518642
 9138 1.1229215 1.0538155
 2835 0.27111307 0.22953784
 10499 0.26521894 0.24452645
 8177 -1.3146402 -1.0842046
 727 -0.56381696 -0.5536492
 7110 -0.17015521 -0.25660387
 9128 -1.0294595 -0.5952391
 9360 -1.4147742 -1.3014513
 11723 -1.2469336 -0.658228
 4384 -0.6492569 -0.5899589
 774 -0.6863806 -0.44995242
 10660 0.19593316 0.31485602
 5906 -1.051934 -1.0231917
 5235 1.3537636 1.2818239
 600 0.44888082 0.4658176
 5432 -0.55804753 -0.708574
 443 0.5143178 0.61499316
 11126 2.3379812 0.88012075
 2216 0.117157534 0.056525618
 9526 -0.45629993 -0.26429874
 10005 -0.28475776 -0.19169852
 726 0.91307336 0.92628133
 1862 0.91250724 0.7561745
 5716 0.5671753 0.34370106
 11775 -0.46791038 1.022444
 4764 -0.8856552 -0.7206917
 601 -1.6076298 -1.6578256
 6649 0.0975929 0.3742247
 1514 1.4019587 0.9763091
 10125 0.054552075 -0.06489061
 7415 0.81077665 0.79540014
 7925 0.88488895 0.7137402
 1084 0.49674633 0.4017435
 5662 -0.48461366 -0.52008647
 2225 -0.6284367 0.05905527
 484 0.8857388 0.5263299
 7690 1.5492188 1.0502124
 6807 -0.1982741 -0.2787549
 10463 -0.71845275 -0.21365291
 4255 -0.2568965 -0.1908991
 9999 0.40392983 0.4485344
 10414 0.3541257 0.18395787
 11533 -0.3250844 -0.119341604
 4734 -0.09506835 -0.6404826
 11173 -0.21360034 -0.164893
 9357 1.94902 1.4107134
 5378 0.7336036 0.81581414
 8162 0.76769227 0.031139426
 2191 0.011694608 -0.061911754
 3401 -1.8519301 -1.5680951
 4763 0.42252493 0.19989619
 1805 -0.5876961 -0.6018984
 1053 -0.38637516 -0.60577077
 2799 -1.0870179 -0.36074364
 4792 0.51453924 0.44184712
 5806 -0.7245711 -0.58518445
 3103 0.4077694 0.20283836
 3215 0.6179206 0.56054157
 5270 0.03533949 -0.023454346
 761 0.438167 0.4480959
 11814 -1.1825229 -1.4078811
 2627 0.18454048 0.09553012
 5578 -0.55934525 -0.48679495
 6486 -0.027078945 1.5042084
 3853 -2.0848033 -1.9959141
 3051 -1.611225 -1.5269724
 3536 -0.66244555 -0.3642223
 9476 -0.32806858 -0.2560707
 9443 -0.1829474 -0.25136077
 7955 -0.42188305 0.14178136
 6687 0.22156064 0.13759193
 8899 -1.2180423 -1.6332523
 460 0.11156318 -0.49636036
 2398 -0.794109 -0.7128841
 7418 -1.4112307 -1.3275794
 1773 0.029498061 -0.26025695
 10673 -0.56456506 -0.5171941
 2001 -0.03676729 0.018064719
 9838 1.5344477 1.2630901
 4066 -2.0947795 -1.7747653
 3243 1.683414 1.5868126
 11689 1.2624763 -0.09932595
 11674 0.1564986 -0.08389892
 1292 0.02856567 -0.14170587
 5495 0.51737124 0.6155122
 1107 -0.13474816 -0.0077677146
 5628 -1.7428691 -1.7527747
 10198 1.5809578 1.8253058
 11310 -1.3129867 -1.3166214
 6129 -1.3423277 -1.3033513
 10110 1.1107445 1.3700532
 11825 -0.5408093 -0.63363725
 379 -0.80842304 -0.35028455
 5459 0.01049726 0.0050045997
 9847 -0.9693367 -0.9773254
 4324 -0.5527424 -0.02152899
 6570 0.59867316 0.46694154
 4444 -1.2020857 -0.8820925
 7535 0.3885252 0.43915537
 3371 0.92483276 0.87992954
 7517 -1.0420083 -0.9592851
 6352 -1.7160627 -1.8166866
 8771 0.9785874 1.0385779
 492 -0.98959213 -0.9622359
 8025 0.3634689 0.5704555
 5345 0.19551556 0.09106402
 371 -0.6127762 -0.7062287
 7775 -0.1662872 0.14594829
 8675 0.17202424 0.15202163
 2969 -0.29207665 -0.29029995
 2071 -0.38694128 -0.40605125
 1552 1.2315992 1.1435422
 10141 0.4375271 0.46225625
 8908 0.14892532 0.12939814
 1527 0.38443485 0.52616435
 6223 -1.0284991 -1.5605896
 8285 -0.8963571 -0.73491126
 2503 2.01751 1.8394967
 10650 0.003136684 0.15788788
 9033 -0.56436384 -0.3684559
 3000 -0.18525638 -0.25284106
 3639 -0.024401413 -0.1771119
 630 0.89863276 1.3042709
 10587 -0.31957668 -0.16604254
 3034 -0.39542907 -0.6824247
 5569 0.05732862 0.32444867
 4005 -0.08725441 -0.08455338
 2588 -1.0238591 -1.1100914
 7878 0.11713828 0.41504538
 2099 0.99698585 0.9470189
 542 0.9467417 0.83815485
 2349 -0.24415061 -0.2860689
 10914 0.89525294 1.1600912
 878 -0.6378041 -0.87846494
 3361 -1.0015978 -0.8281587
 10480 -0.30175582 -0.15069482
 2948 0.10478937 0.2555164
 362 0.2415415 0.19935763
 7542 0.17734125 0.10595059
 8748 0.2713175 -0.015292764
 458 -0.25976977 -0.4106967
 8038 -1.7567638 -1.2092019
 6510 -1.5087504 -1.4558359
 8825 0.031114848 0.17200005
 8208 1.5839378 -0.43774265
 2431 0.15558958 -0.21456009
 226 1.7360194 0.1371381
 4891 1.0979624 -0.5775561
 598 0.9997376 1.2340505
 5978 -0.7267242 -0.62743616
 3064 -0.17442386 -0.0899734
 8673 -0.6665579 -0.8753537
 357 1.9272829 1.7334596
 7332 0.672625 -0.58796287
 6408 -0.45576546 -0.5034322
 5469 0.8036168 0.89995223
 2347 0.5789866 0.4259677
 3188 -1.3590329 -1.3552111
 7465 -0.031931598 0.016449533
 1519 -0.9255189 -0.91446865
 10430 0.37825376 0.40869877
 701 -0.15180534 0.024665812
 9331 -1.5778822 -0.68358576
 7242 -0.21955545 0.15125015
 9938 0.24255915 0.1977556
 901 -0.18098773 -0.17814371
 2020 0.26844013 0.36124167
 2946 -0.49099553 -0.2635097
 5111 0.58446354 -0.057675548
 2726 -0.7628826 -0.8494404
 3535 -0.33516192 -0.43090457
 6099 1.6001213 1.5417452
 4374 -1.724237 -1.853399
 11848 0.4750185 -0.4320432
 3839 -0.25395906 -0.29317832
 6503 -1.3536516 -1.4615772
 2851 -0.11193849 -0.065411694
 1371 0.68242335 0.19462815
 2922 1.1493723 0.98973805
 8392 -1.3299009 -1.331906
 7145 0.36034533 0.31116596
 8900 -0.1488106 -0.1633552
 914 -0.62742865 -0.86517155
 8431 1.4862833 1.7273642
 5147 -0.59360904 -0.39710188
 3164 -1.6663475 -1.5312986
 1332 -0.58952606 -0.6448659
 4961 0.034522615 0.16685614
 8676 1.0189117 0.9944663
 7175 0.33761176 -0.5807819
 8211 0.70081264 0.9286578
 10715 -0.8875893 -0.8549312
 8104 0.17898601 -0.17040041
 665 1.1411215 1.3227857
 11828 0.090619214 -0.13446242
 9522 1.0741534 -0.11449484
 10657 0.9564089 0.5184804
 7864 -1.1458764 -0.90423393
 9506 -0.7069519 -0.6558184
 5859 0.6189643 0.78218013
 4332 0.09336046 0.06870663
 6617 1.5245843 1.5850378
 8353 0.008877263 -0.13735506
 4610 0.9364262 0.90252954
 6767 -1.0162427 -0.9969755
 8245 0.48369008 0.51506275
 11075 -0.5074348 -0.51208526
 8065 0.6387362 0.32694533
 5051 -0.9544501 -0.931686
 2737 -0.52139634 -0.0020470433
 1936 0.7504659 0.6682052
 162 0.7927944 0.9470111
 10926 1.4657372 1.4562427
 723 -0.3694074 -0.4358648
 9707 1.1774105 0.4881971
 2340 -0.5706811 -0.7590135
 10106 -1.1484296 -1.1487482
 7158 -1.5681068 -2.3482375
 555 0.40134808 -0.10062448
 3807 -0.35130596 -0.43586713
 11527 1.3035011 -0.6921782
 725 2.3277507 2.0621777
 2461 -1.1113499 -0.716473
 4923 0.005069311 0.10259293
 350 -2.360495 -1.8706199
 3845 -1.3997207 -1.2914664
 4683 0.0030647148 0.21981052
 2518 -0.94577616 -0.99439496
 4934 0.8468571 0.8189638
 10070 -0.8561689 -0.635206
 8890 -0.011034843 0.03753037
 2286 -0.8716698 -0.7401236
 10630 -0.01650038 -0.025246568
 3423 -0.5502776 -0.545198
 5745 -0.40408692 -0.4153751
 4341 0.47625986 0.473497
 7947 -0.15631557 -0.07975296
 4160 -0.521841 -0.22557506
 616 1.231139 0.055533342
 164 -1.0744151 -1.0719267
 9019 -0.05063673 0.32840142
 2066 0.38738835 0.28712815
 7998 0.9092191 0.9886402
 5399 -0.054953508 0.10377107
 2049 1.7480428 1.4355274
 6698 3.0786068 2.405998
 7511 0.35768887 -0.19075087
 3728 -1.1985826 -1.1713362
 9355 -0.32687765 -0.5144367
 585 -1.4156556 -1.3310791
 7474 -1.1019348 -1.0615098
 606 -1.1846577 -0.9330917
 11755 -0.44937852 -0.49328774
 7051 0.161591 -0.12823352
 4599 -0.9204219 -0.97599715
 10247 -0.58264726 -0.37753165
 7296 -0.57699466 -0.52761286
 9531 1.2131686 1.1428529
 5780 0.4335454 0.9764777
 5274 1.0613768 0.9744096
 4976 -0.23954 -0.38009942
 773 -0.78823316 -0.5601832
 11784 -0.06536017 0.03336173
 1055 -0.5898382 0.004725689
 5779 -0.18839644 -0.08503167
 4996 0.23210573 1.2343107
 4021 0.01872605 0.124370664
 2219 -0.67231727 -0.6581976
 2838 1.0713727 1.1166424
 315 -1.2452041 -1.1172267
 2456 -1.118126 -1.0621437
 1644 -0.5672091 -0.7692513
 10396 -0.13382815 0.046769295
 7348 -0.47302294 -0.5802203
 6263 0.20146334 0.056581236
 9787 -1.5034357 -1.3747736
 4062 0.28945196 0.3593337
 10410 2.0973716 2.0904117
 10216 0.74664974 0.4107707
 6022 0.36303616 0.4794312
 1004 1.2800974 1.1379088
 4353 0.08437852 -0.027734496
 6485 0.043898787 0.13814116
 6133 1.1587205 0.77728105
 2757 -1.6182579 -0.8804849
 6647 -0.1810464 -0.24182293
 4551 1.2094973 1.4726202
 10634 -0.060017027 -0.10373064
 2303 -0.12306806 -0.05068595
 8425 -0.7565364 -0.90286607
 5816 -0.24727508 -0.12613708
 4633 -0.5853995 -0.61354446
 3734 -0.8769951 -0.85544735
 1582 -0.99467444 -0.73878676
 10024 -0.15718102 -0.1692459
 1975 -1.1091202 -1.4124615
 8434 1.140417 1.1408218
 2618 0.5598336 0.41525704
 7479 1.2123294 1.2824184
 7427 -0.47860262 -0.20033714
 4829 -1.6741858 -1.8350338
 7527 2.0853665 1.9620312
 2912 1.1587453 1.8350925
 861 0.3901759 0.41659698
 7203 -0.619093 -0.5965199
 629 1.3033233 0.94566613
 1026 0.07742179 0.9621332
 11545 1.507065 1.5003766
 3617 -0.16193329 -0.17407712
 5244 0.55688375 0.6379792
 4421 -1.0258839 -1.2384565
 4403 0.6201887 0.81148726
 6177 0.7124263 0.43513995
 950 2.7596116 2.4404607
 11852 -0.65770566 -0.66182715
 7875 0.22594756 0.7578349
 1148 2.040438 1.8813231
 1399 1.3794338 1.2413012
 4141 0.593671 -0.100243665
 3453 0.41359112 0.4676339
 4732 -1.0168841 -1.0088718
 10557 0.527413 0.6135823
 9821 0.37288448 0.4205655
 11290 0.42531386 0.45297366
 11693 -0.24213043 -0.20511374
 10672 0.044754628 -0.92739224
 1568 -1.827759 -1.744247
 9206 -1.7098137 -1.6196215
 11105 -1.0341085 -0.9948527
 10611 0.3412327 0.0891482
 9870 0.30018085 0.29273912
 2358 -0.25323203 -0.23090965
 2121 -0.078916065 -0.031794496
 5898 -0.416401 -0.45803714
 6200 -1.3881762 -1.3455923
 2613 -0.45378605 -0.72681373
 894 0.36992458 0.8311743
 2683 0.65887797 0.79940325
 1449 0.10634977 0.09266984
 2895 -0.36012793 -0.41930437
 1846 -0.10814567 -0.24126166
 1027 -0.2593086 -0.4508369
 2263 -0.16726956 -0.04379537
 8544 0.46944064 0.29732233
 9966 -1.6288254 -1.580017
 3915 0.05638981 0.21974587
 2244 0.6315402 0.4897912
 5041 1.0831835 0.74192524
 6279 0.0568748 -0.03379152
 3527 0.27354765 0.3132103
 8992 -0.33997652 -0.3012857
 8289 1.0508711 0.5143972
 11801 2.1828005 1.3439498
 3075 -0.59989834 -0.9332102
 1277 -1.6398486 -1.5726788
 6756 -0.78111964 -0.89770216
 9144 -0.4975484 -0.4584868
 7496 -0.7418061 -0.7112713
 5566 -1.539534 -1.8627436
 10400 0.97013444 0.4799945
 3223 0.25227728 0.24380937
 7742 -0.15213676 -0.24812025
 6592 0.14008501 0.23294309
 4117 -0.7309135 -0.6661982
 4297 -0.09217537 -0.12051853
 11705 0.35144728 0.29429218
 4140 0.28112963 0.23258746
 3833 -0.11829013 -0.55676013
 474 2.206067 2.1130168
 4927 1.521127 1.5830797
 10546 -0.5170209 -0.43313926
 9311 -1.091485 -1.2267119
 10053 -0.5800862 -0.51401097
 11692 1.4812721 1.2556919
 493 1.7661378 1.8254063
 9263 0.37166283 0.104223475
 303 -0.5392745 -0.56625944
 8033 0.93888557 1.0318238
 5801 0.39777392 0.304947
 610 0.009287076 -0.07881746
 1596 -1.457721 -1.2436086
 9671 -1.7208164 -1.8844159
 10025 -1.5023493 -1.5904953
 9440 1.196051 1.3561326
 9578 0.71505433 1.1020993
 3388 0.6113035 0.61272085
 5873 -0.5304338 -0.32326198
 311 -0.18949156 -0.2503034
 7918 -0.8208178 -0.8527057
 9972 -0.449004 -0.2772268
 3038 -0.22255112 -0.2512506
 10666 0.6883661 0.6043914
 2372 -0.2380236 0.3951902
 10760 1.8499179 1.7728835
 4513 -0.43542382 -0.20150957
 1390 -0.6141308 -0.5253014
 6081 -0.39765507 -0.22682124
 3874 -0.35431078 -0.34950668
 2158 -1.0373765 -0.95778495
 6400 2.515363 1.9544145
 10751 1.7676079 1.8137175
 9104 -0.9751561 -0.84773695
 4915 0.7536211 0.6926728
 5400 -0.30051538 0.104359925
 10440 -0.50719136 -0.08073887
 9057 0.7173995 1.1363934
 11419 -1.1424966 -1.0540739
 10554 1.7616253 1.9515331
 10327 1.3794708 1.8161508
 1274 0.39475718 0.5469648
 5899 -1.2329335 -1.3794113
 4280 -0.6252054 -0.6390933
 3464 1.4211837 1.4422135
 9338 -1.8703762 -1.7372373
 3417 -1.7144835 -1.6786847
 1857 1.7360973 1.5694139
 8887 0.27622885 0.25961888
 9874 -0.55400854 -0.41794997
 4520 -0.44592813 -0.58954793
 9699 -0.46747765 -0.27857468
 757 -0.26317984 0.016451716
 10301 -1.0411193 -0.97904783
 5191 0.002761252 -0.27676037
 5094 1.2091187 -0.116157375
 3591 -0.9448727 -0.98242766
 3577 0.8942486 0.875421
 4109 0.31526965 0.31002405
 3695 1.0204158 0.3272223
 5856 0.51016057 0.37123308
 6208 0.25293878 0.12878065
 19 0.6198078 0.31534153
 4532 -0.029586866 -0.43844986
 3170 0.5998201 0.55681914
 2634 -0.8316971 -0.7806639
 5927 0.56140727 0.83389765
