 1730 0.5617792 -0.10212
 4770 -0.36223543 -0.56810266
 3557 1.4560183 1.327843
 358 0.08535345 -0.029200561
 4907 0.30799937 0.27259296
 399 -1.4555215 -1.1429876
 3312 0.20484826 0.4080413
 2484 0.47451073 -0.31364867
 1045 -0.858177 -0.96772015
 4374 0.40080985 0.27348626
 635 -0.1685427 -0.1543254
 4670 0.879627 0.77100354
 4068 0.7628022 0.57811236
 4005 2.5100152 2.9258094
 3430 -0.087197445 -0.2155704
 1513 -1.6250237 -1.6842891
 875 0.58229196 0.30965856
 5038 0.28532785 0.35991493
 4017 -0.69659245 -1.0531131
 3442 1.8482267 2.0297966
 4849 -1.1095979 -1.1864296
 1014 1.7722689 1.386779
 4086 0.012017736 -0.29813012
 730 0.5988944 0.5549637
 5146 1.4559814 0.9874718
 390 0.5952971 0.7918679
 3658 0.12818946 -0.039081957
 460 -1.0502098 -1.0976527
 5180 -0.027905758 0.23699504
 819 -0.838598 -0.6410129
 890 0.5495409 0.4559099
 2555 -0.086171925 -0.44686902
 540 0.49280128 0.43763715
 2398 1.0904297 0.8319475
 5055 1.8588691 1.1868649
 5030 0.014264171 -0.23379256
 3945 1.264574 1.2119418
 3147 -0.04824069 0.36872914
 2827 -0.67378896 -0.62952006
 3342 -0.05302602 0.06506901
 4782 -0.27914405 -0.47163394
 4467 0.7716244 0.7047138
 2037 -1.5509926 -1.5775841
 1685 0.17775434 -0.22597396
 4855 0.7789562 0.5789446
 3146 -0.9466067 -1.1554452
 395 0.4758084 0.6258041
 5165 0.30614376 0.6773228
 1647 0.86279935 0.5778057
 3600 -1.6048311 -1.6536165
 4400 0.6957671 0.5775676
 3507 -0.65305364 -0.55237836
 2011 0.16060624 -0.112383954
 4795 0.7611983 0.5744747
 3138 -1.7345746 -0.95637345
 1767 0.5211107 0.6604785
 811 -1.213646 -1.1610852
 1228 0.3806925 0.24873365
 3788 -0.58143055 -0.8832886
 465 -0.92664886 -0.967512
 4370 2.0832298 2.0936003
 884 0.18035573 0.33311233
 1174 0.060191598 -0.1472708
 1511 -0.3043699 -0.1310604
 649 -0.08055203 -0.18105143
 42 -0.58751273 -0.58705217
 1386 0.91475403 1.0356631
 1610 0.85529274 0.6825475
 4920 -0.5618158 -0.5222922
 121 0.77920735 0.68796456
 3358 0.80648726 0.6483421
 576 -0.68337524 -0.8437685
 5121 5.5310416 5.4782906
 3846 -1.01614 -1.5762054
 2925 0.9736514 1.0988209
 2734 1.548975 0.9624011
 3120 -0.7228303 -0.65310955
 52 -0.3796097 -0.09958982
 1308 -0.09111034 -0.007716854
 4096 0.61393005 0.41401452
 5157 0.7126065 1.1642976
 4423 -0.7981086 -1.1450492
 2920 -0.9167559 -0.78397524
 1074 -0.0023183015 -0.08220916
 2802 -0.46786562 -0.30245623
 4788 0.6146218 1.009899
 59 -0.06948942 -0.13744378
 68 -0.38660285 -0.33534044
 3591 -0.85470116 -0.4276236
 4233 0.5440823 0.33603454
 4747 0.023466969 0.2660212
 652 0.37134504 -0.23785938
 1969 1.1959167 1.0743618
 3165 -0.9282197 -0.69898957
 255 -0.5954115 -0.63531816
 132 -1.4186245 -1.3513505
 522 -0.46028432 -0.5648806
 3914 -1.3500795 -1.0280972
 1452 -1.2090917 -1.0848604
 2094 -0.40196377 -0.4039956
 2546 -0.07252029 0.0593552
 3350 0.7610053 0.9591394
 3576 0.31242454 0.24996148
 4071 -1.9387997 -1.5686781
 2728 0.5532974 1.4633541
 4943 -1.0056231 -1.2594639
 147 0.11455936 -0.13005748
 1143 0.058428623 -0.1119228
 2104 0.8174518 0.13555223
 2874 3.318136 2.3896747
 4861 -1.4309511 -1.0782
 2595 -0.64486104 -1.489494
 4293 0.7499984 0.7622555
 2986 -0.19156808 -0.64228415
 4110 -0.9865312 -0.8110554
 175 -1.6459057 -1.4469652
 4950 -0.4800612 -0.13354017
 1272 -0.7505581 -0.5843728
 345 -0.6951072 -0.47377542
 1509 -0.5617709 -0.8998174
 4549 -0.3168455 -0.3181789
 296 -1.493468 -1.3385689
 4810 0.34038302 0.49081495
 1557 0.28128636 0.3153096
 282 0.38262814 -0.33029756
 1019 0.21861252 -0.14658391
 1788 0.5110198 0.21480347
 3750 -0.80198896 -1.0460981
 3495 -0.6739066 -0.84214795
 5222 1.3603116 0.9993601
 4970 -0.8297038 -0.8910581
 3372 0.29584643 0.08637233
 813 -1.2471045 -1.2567534
 340 -1.4850329 -1.5356855
 4599 0.66608024 0.90515697
 744 -0.27910885 -0.44868168
 425 0.17716263 0.5756523
 5128 1.2800905 1.0824691
 4526 -0.31457224 -0.06135352
 4783 -0.7534267 -0.5618661
 3539 -0.73182577 -0.4244231
 596 0.8886985 0.7067952
 1238 -1.1900854 -1.1157801
 3554 1.447039 0.9940617
 2862 0.7186577 0.069871165
 1710 -0.5811933 -0.5406525
 2482 0.7743852 0.09252827
 4626 1.1608655 1.6120923
 3126 -1.3439426 -1.3090823
 923 -0.7269085 -0.43441764
 574 -0.999508 -0.78566635
 1729 1.2067953 1.4262406
 3266 -1.3152328 -1.2256869
 2856 1.9130968 2.015476
 4137 -0.4086693 -0.63996416
 618 -1.4278128 -1.1788917
 4305 0.038685646 -0.07793284
 4371 0.6001296 0.2889247
 5208 1.6313231 1.9520864
 4289 2.2303224 2.358586
 3234 0.31175902 0.30801982
 4481 -1.1032301 -1.1949202
 4292 1.5781282 1.4749856
 4558 0.1534031 0.2980241
 818 -0.16319105 0.08609806
 2841 -0.57799184 -1.0104182
 3070 0.27224705 -0.16195643
 1024 -0.6091282 -0.68227404
 2401 -1.0972446 -1.2356087
 1411 -1.6664183 -1.4591045
 3332 1.5173105 1.4956855
 2577 -0.41296744 -0.67650753
 1202 -0.08659329 0.088781685
 1395 0.91190404 0.23947482
 4348 0.80743015 0.5965065
 3936 -0.85160065 -0.820683
 1121 -1.3109211 -1.3330775
 3268 0.9582802 1.1383032
 1701 -0.6148525 -0.46232376
 3429 -1.2456049 -1.2101626
 1748 -1.9035951 -1.3981826
 1594 -1.9367383 -1.6661255
 3069 -0.5802776 -0.50587636
 3910 1.5802424 1.2792759
 5257 1.0095961 0.94075054
 621 -0.7343 -0.13465014
 114 0.55998945 0.5961627
 274 -1.171329 -1.0624721
 3579 -0.35884708 -0.6185671
 1789 -0.48962414 -0.70443916
 450 -0.3864971 -0.57495207
 3619 -0.085277446 -0.19290666
 122 -1.145566 -0.8216258
 554 1.5560632 1.5901464
 2387 -0.015095832 -0.07894089
 4823 -0.80591583 -0.6090491
 3386 1.1536088 1.198318
 2210 -0.7671974 -1.2085804
 519 -0.8876712 -0.797297
 1709 -0.46413246 -0.41805744
 1752 -0.6649636 -0.41434148
 2390 -0.40017894 -0.42351827
 792 -0.9827839 -0.38676006
 1148 0.7888946 0.8459048
 1156 0.60032517 0.7326658
 1928 1.1317729 0.84243506
 2024 0.7967686 0.7198847
 3627 0.47352862 0.96997774
 2059 -0.27638695 -0.38151103
 3766 -0.1116991 -0.2876503
 3965 -0.08218584 0.3896809
 3815 -0.9400258 -1.2175394
 3464 0.37011796 0.23449083
 203 0.87058336 1.3225174
 1904 0.77315396 0.7129907
 3925 -0.05618262 -0.080701314
 2296 0.82135916 1.2680134
 1288 -1.0498278 -1.1895767
 361 -0.7956073 -0.7826083
 2129 0.04091626 0.09340224
 1490 -0.081484064 0.10678435
 2801 -1.6669003 -1.6160214
 2391 0.43175897 -0.0916167
 772 -0.81352156 -0.81799465
 1349 -1.103735 -0.95773387
 4839 -0.14507644 -0.2541566
 3148 -0.23761073 -0.45917282
 4818 0.08149931 0.32105875
 2676 -0.6483825 -0.7255807
 2945 -1.5404946 -1.4719248
 3206 -0.45292524 -0.54178935
 3463 1.00464 0.12790173
 2833 0.40435988 0.16297783
 3604 0.00030427327 -0.17584987
 1113 -1.1495895 -1.0252397
 2694 1.6373222 1.3332903
 3662 -0.9855059 -0.955093
 2575 0.32541952 0.33239087
 3578 -0.86995596 -1.2111598
 4504 -0.57116574 -0.26649237
 1850 1.9970073 1.2189267
 5216 3.1016095 2.3654182
 4707 -0.2355885 0.2974122
 4611 -0.5345003 -0.7399601
 1861 0.43718934 0.29617092
 4522 -0.6875072 -0.6742605
 2876 0.096816786 0.066140935
 2753 0.25959107 0.0161011
 4709 -0.425481 -0.3969687
 3558 0.23270313 0.613272
 2570 0.9234086 0.8665349
 3408 -1.1526161 -0.9427503
 2069 -0.54678845 -0.16938516
 0 -0.52817124 -0.40184388
 66 0.52150697 0.36945772
 1923 1.2820997 0.89844906
 2415 -1.3579072 -1.2456474
 5138 1.2715584 1.3003181
 4903 0.8000601 0.726539
 145 0.28665736 0.089809515
 691 -0.663295 -0.39481258
 152 -0.5144482 -0.65423924
 4730 1.0386693 0.9170316
