 6786 0.1640054 0.22845519
 1829 0.29149505 0.30623427
 422 0.5128908 0.5608202
 2567 -0.6766029 -0.7379887
 11621 -1.2467374 -1.5258341
 11818 0.06530437 0.48080873
 109 -1.6996752 -1.6649069
 3053 0.27151647 0.40274996
 5006 1.0309659 1.0597303
 6637 -2.1928256 -2.0984237
 6289 -0.1175411 -0.11218284
 8465 -0.8170076 -1.0146708
 5877 1.0020595 0.9027264
 2614 0.1309463 0.34876475
 4923 0.005069311 0.09268524
 860 0.15270348 -0.90428007
 9821 0.37288448 0.2749449
 4255 -0.2568965 -0.252547
 11266 -0.905935 -0.86633694
 4168 -0.6014757 -0.7769548
 7753 0.120365895 0.53492147
 586 0.11196337 0.32776272
 8328 -0.45606065 -0.66262907
 592 -1.1759343 -1.0602676
 10256 0.703459 0.58659214
 9298 1.0656229 0.775577
 10226 -0.6666606 -0.048770677
 11347 0.3674061 0.28867015
 5173 1.3382233 -0.6912486
 758 -1.1861521 -1.1237637
 6741 -1.0922093 -0.91534626
 7605 -0.43559158 -0.6200237
 121 -0.037450768 -0.0680252
 127 -1.6349328 -1.6585613
 5438 0.29698855 0.16910832
 479 0.06188056 -0.09232265
 224 -0.11020298 -0.0739312
 5825 0.5375474 0.4157305
 9605 0.40789822 0.25620985
 4550 -0.6207162 -0.8290236
 3627 -0.9042238 -1.0727935
 3213 0.20232375 0.16322725
 1870 0.3027369 0.19397077
 5133 -1.0784324 -1.0037736
 5584 1.9510434 1.8275026
 9197 -1.757237 -1.9319222
 2514 -0.9432389 -0.20352013
 4818 0.076217115 0.055343412
 8179 -0.99039024 -0.24551426
 11373 -1.1995256 -1.2587891
 10744 1.0253601 0.82259715
 8121 -1.2448162 -1.3863254
 3418 -0.39161882 -0.43269584
 8092 0.020977268 -0.2958362
 9249 1.6526983 1.453072
 2018 0.92869985 1.1857907
 5092 -0.70724255 -0.5069739
 1575 -0.53231966 -0.5188005
 8712 -0.78539747 -0.751925
 363 0.85659856 0.89014417
 268 -0.67195374 -0.62329924
 1835 1.3084551 1.3310611
 5803 0.11621231 -0.27413675
 5553 1.3280449 1.5251555
 467 -0.35431215 -1.094677
 1268 -0.5699325 -0.44496906
 3674 -0.012635586 -0.09493235
 10842 0.15979588 0.301464
 11604 0.63500845 0.5647319
 6584 1.4799752 1.6488469
 826 1.8716966 1.6918671
 2814 0.22161564 0.27632087
 6592 0.14008501 0.09644281
 4961 0.034522615 0.15151961
 9505 -0.6955074 -0.7683525
 5667 -1.3474728 -1.3153242
 5799 0.8450478 0.48754025
 7656 -0.2513535 -0.41625586
 6701 0.040943008 -0.016069185
 10157 -0.56786466 -0.601238
 9455 0.33671924 0.42761075
 978 0.585511 0.483545
 403 1.025382 -1.1851535
 1780 -0.29275003 -0.05942471
 2995 -0.3810366 -0.34397042
 10333 0.62416995 0.5394406
 9944 0.027712582 -0.08124529
 1050 0.70964974 0.24469432
 10619 1.7265795 1.463476
 3549 -0.38339463 -0.31900242
 6372 2.8655353 1.2207575
 6660 0.31716424 0.07148063
 7941 2.9893286 1.372516
 681 1.1332952 -0.40264753
 4748 -0.75118047 -0.70518786
 8894 1.0342673 0.46809077
 2223 -1.6619569 -1.7008281
 5841 -0.37182042 -0.4926726
 9810 0.34762833 -0.3866332
 8820 0.58163846 0.68904614
 9588 -1.1163924 -1.2174882
 6102 0.18169516 0.25472692
 7607 1.33281 0.78325826
 10937 0.107823536 0.06390914
 4347 0.23361205 0.33915165
 3868 1.1447947 0.6541397
 8094 -1.4061246 -1.3514038
 8927 1.0480483 1.3149099
 5 -0.40842617 -0.52263665
 1286 -0.5803007 -0.23448603
 6150 -0.16655445 -0.26015946
 5352 -0.020130932 -0.0016282126
 1417 -0.57488376 -0.53247184
 6152 -0.27868578 -0.47517124
 8204 -0.49574184 -1.2900804
 781 -1.6809096 -1.4546717
 6733 -0.6906956 -0.75136524
 9999 0.40392983 0.8119918
 7218 1.0261403 1.1263646
 2453 -1.9229935 -1.35517
 3515 1.1832135 1.1892303
 9495 0.054855995 0.2044502
 1115 -0.5628108 -0.5142081
 3837 -1.4886028 -1.2095485
 7935 2.0846546 0.9762317
 2336 -0.33137736 -0.30258498
 9984 -1.6145654 -1.5403026
 4708 -0.55865353 -0.6153511
 8229 0.79354984 1.1787655
 1350 -0.045047883 -0.3093605
 10693 1.9618621 1.7656643
 8457 -0.47222164 -0.5797583
 7418 -1.4112307 -1.3969505
 1934 1.0424548 1.0710461
 879 -0.122753136 -0.16962339
 8208 1.5839378 -0.2857801
 2451 -0.049473763 -0.107141495
 7091 -0.33194393 -0.30752313
 250 -1.9366888 -1.9276665
 3548 -0.3743077 -0.30828336
 2874 -0.07017111 0.0029123798
 8891 0.09575241 0.59709525
 10918 -1.0784806 -0.845742
 2727 -0.9967244 -0.9962232
 4808 1.2783531 1.0833082
 6600 -0.53348213 -0.6292932
 11450 1.8182211 1.7712549
 10859 1.8601613 1.8595116
 5901 1.2236354 1.1005623
 4558 0.7629446 0.76538014
 814 0.931189 1.1304557
 10094 -1.0734684 -1.0790898
 11183 0.80261844 0.8663249
 5022 -0.010144166 0.045385815
 6387 0.001413089 -0.15662508
 7092 -1.0201374 -0.7083741
 3770 -2.1505136 -2.1816084
 6363 -0.49495247 -0.72984636
 2174 0.64225763 0.6424687
 1184 -0.13310434 0.052936345
 4128 1.0016419 0.57713675
 5947 0.7015319 -0.2190321
 10980 -0.251133 -0.21761946
 9286 0.82682943 0.7336268
 6536 -0.8634951 -0.85946876
 2768 -0.8552723 -0.55015624
 8881 0.59544367 0.561152
 1202 -0.27925235 -0.36817655
 2420 -0.014207907 0.025822725
 3252 0.6483732 0.4777077
 2007 0.32316014 0.3995305
 4154 -0.20621318 -0.17944323
 1851 1.555499 1.3956615
 3164 -1.6663475 -1.5127611
 7038 -0.3937669 -0.5784805
 863 0.56896955 -0.6604641
 129 -1.4551264 -1.0879676
 2273 1.5982125 1.247247
 6435 0.7471104 1.3788884
 6820 0.4153812 0.31868702
 10467 0.6696825 -0.35656506
 2474 -0.06409865 -0.061333094
 1994 -1.0668899 -1.0657177
 2986 0.108420834 0.21100235
 7114 -0.713668 -1.0694188
 3760 -0.99206066 -0.90835035
 4946 0.5894143 0.56105214
 2836 0.5051796 0.67885303
 9912 -0.03921837 -0.078747794
 25 0.7451402 0.8422804
 4442 -0.98730016 -1.0268383
 7037 2.8534145 0.96091396
 8416 0.8289862 0.65397894
 10529 -0.5240652 -0.11100957
 4674 0.08483967 0.12563632
 1796 -0.6379907 -0.6437078
 1895 0.7843483 0.76509756
 1767 1.1643708 1.2455475
 5575 0.06304811 0.0738283
 8811 0.2104164 -0.023870822
 6576 0.003125224 0.0033241957
 3345 -0.21646124 -0.23676933
 2650 0.56028324 0.5899641
 376 0.50079036 0.27811575
 5113 -0.9035953 -0.9773923
 26 1.3110538 1.4237804
 8668 -0.98241633 -0.68698
 2047 1.2613853 1.1187744
 1536 0.797874 0.19518901
 9601 -0.40213186 -0.40698543
 6338 1.1542588 1.5474664
 1316 0.9098485 0.11178182
 7717 4.7536182 1.5021968
 9284 -0.06586304 -0.118553
 5416 2.1159098 1.9839002
 4684 -0.29672667 -1.0282027
 8588 0.015733138 -0.16985352
 10477 0.05900958 9.2666596e-05
 10416 2.5788715 2.8238695
 11802 2.2092443 1.8543041
 3828 -0.83573014 0.12626927
 10519 -0.06426367 -0.11938061
 8122 -0.41755113 -0.46813324
 27 1.1990279 1.5956683
 7265 3.0975163 1.4454125
 11588 -0.23345423 -0.11595337
 37 1.2528118 0.4397613
 3878 0.7838528 0.6749121
 1095 -0.62694454 -0.6403685
 4681 1.4775558 1.5327681
 7051 0.161591 -0.19306093
 2380 -2.5811753 -1.5499786
 4366 -0.28619164 -0.25889316
 8303 -1.0157253 -1.1086793
 1680 -0.5973982 -0.53792363
 305 -0.17383343 -0.6705178
 11636 1.4749951 1.4985561
 501 0.57848233 0.6440087
 8856 0.7741411 0.76826996
 5275 -1.6961148 -1.6651628
 8896 -0.21097049 -0.3574995
 6369 -0.07196943 -0.06493953
 674 0.23058109 0.20702933
 7162 2.709379 1.6693584
 9632 0.79381204 1.0579877
 8682 1.0105816 1.1701587
 7021 1.0619462 0.50941306
 7472 0.09549341 -0.2572125
 9104 -0.9751561 -0.86078954
 5682 -0.5766605 -0.92902076
 2194 -1.5866551 -1.2040737
 54 -0.622443 -0.7113422
 6039 -0.33837488 -0.016129192
 7286 -0.15623534 -0.20408393
 8281 -0.040964887 0.26891413
 1786 -0.04146959 0.016018849
 1696 -1.1800559 -1.2584223
 450 -0.72981614 -0.000674624
 2180 -1.753208 -1.725872
 8392 -1.3299009 -1.321103
 8043 0.3906705 -0.5394071
 9708 -1.0251409 -0.59089243
 8430 0.30295923 0.25425735
 10222 0.31773677 0.5769664
 464 -0.0951119 -0.16789487
 8337 -1.906189 -1.6617908
 1396 0.21301097 0.27293578
 5781 2.0284204 1.8649721
 2518 -0.94577616 -0.9963758
 10138 -1.2410839 -1.1367078
 5180 -0.41013464 -0.3064795
 8319 -0.20996612 -0.12025298
 5728 0.24215713 0.16236235
 4193 -0.59415865 -0.6684761
 6433 0.8910521 0.5595745
 11012 1.0938175 0.9277822
 774 -0.6863806 -0.5207874
 5255 0.76774496 1.6011759
 3817 -0.8043213 -0.6375867
 6954 0.3527207 0.27678502
 10955 0.21158259 0.24162255
 10317 0.23092306 0.3236575
 2997 0.5000147 0.60658085
 6679 -0.6745552 -0.64633656
 5592 -1.0274755 -1.1110902
 1467 1.793152 1.3548744
 8156 -1.041554 -1.0077658
 1885 0.8626399 0.9081122
 5152 -1.4609358 -1.4528447
 7744 -1.3017095 -1.1216645
 4995 0.31670675 0.21941356
 9924 -1.7185578 -1.9728544
 6213 -1.0761409 -1.029708
 7909 1.0606132 1.0254761
 5063 1.373061 1.1376355
 1768 0.13504258 0.20403567
 5672 0.07163125 0.105336145
 11652 -2.3159196 -2.285444
 7885 -2.5230608 -0.2449822
 10829 1.1953597 1.2620486
 4597 -0.6876752 -0.47364494
 8088 -0.55208004 -0.63108027
 2780 -1.3958724 -1.0964146
 7325 -1.6129353 -1.3448942
 11234 0.16029921 0.30590537
 7174 0.05967335 0.32821703
 5607 -2.1580682 -2.2449255
 9370 0.57131976 0.5549284
 6409 -0.14921124 -0.061434183
 4333 1.1521076 0.41383332
 6490 -0.20047764 0.13755415
 4175 -1.0374458 -1.0194594
 6320 1.6662738 1.3920964
 7249 0.9245078 1.0869714
 2803 1.8434548 1.5355949
 2262 0.5016861 0.063685104
 7255 -0.2817204 -0.02486403
 10329 -1.0136712 -0.96488476
 5402 0.4459585 0.20716259
 9335 -1.8499571 -1.6718388
 11618 -0.5899285 -1.2983938
 9990 0.5206928 0.67029446
 1480 1.418254 1.4363816
 9929 -0.947806 -1.0008876
 8458 -0.5048521 0.51967007
 5835 -1.908954 -1.7103269
 10632 0.53676534 -0.60804343
 5805 -0.028106226 -0.114299476
 2798 0.33974424 0.65791976
 6158 -0.5721159 -0.50777864
 8717 -0.2580086 -0.77718484
 1138 -0.20824115 -0.28763142
 83 1.6590439 1.160715
 2229 1.0743917 1.0101697
 8089 -0.14196709 -0.18653238
 4450 0.5787945 0.32194495
 7140 -1.6116 -1.4708073
 4521 0.12602489 0.413684
 3242 1.542886 1.3607453
 2862 -0.53837466 -0.5380826
 8527 -0.9440466 -0.94522643
 1873 0.81314385 0.41640264
 146 -0.09600441 0.34573078
 1683 0.32741505 -0.026284497
 4147 0.44980678 0.4200245
 8787 0.6937299 0.64611405
 11314 -1.4029621 -1.0476995
 9720 -0.8576771 -0.8088551
 6713 0.50618166 0.104346275
 698 2.4344678 1.8115975
 5537 0.6349722 0.5529322
 9439 0.26050013 -0.10788767
 4612 0.58490086 0.89724094
 9606 2.6095607 1.9619693
 3497 -0.09205389 -0.12907399
 5548 -1.2481726 -1.4650341
 7186 -1.0031618 -0.69802946
 7059 0.570811 -0.4982274
 8532 -1.6179993 -1.5001614
 149 -0.7521926 -0.75431234
 1526 0.15489143 0.8210486
 11039 -0.26954383 -1.4532311
 2777 0.95261014 0.8985883
 10717 0.6874002 0.9719725
 2975 0.18528171 0.28831854
 2434 -0.23027796 -0.097311184
 8419 0.11949035 0.16118579
 5892 -0.1426194 -0.5409285
 1733 -0.21662809 -0.11364606
 6214 -1.1170603 -0.9719088
 8546 -1.030743 -0.8457159
 9338 -1.8703762 -1.7827837
 7439 0.39922294 0.9997662
 5492 -1.4241811 -1.658601
 1494 -0.20363925 -0.06526087
 6425 0.59814 -0.07040362
 2074 -1.6148932 -1.2282429
 11163 0.8702622 0.89952487
 6108 1.0611852 1.0717227
 350 -2.360495 -2.143912
 416 0.5220488 0.54429674
 8550 -1.2329023 -1.0241266
 1482 -0.46425185 -0.25482896
 2762 -1.5868137 -1.5658886
 6127 -0.098393604 -0.1661732
 1489 -0.041739587 0.020164985
 11223 -0.4213261 -0.48506406
 1299 -0.3614495 -0.53305084
 4757 0.2002944 0.21709757
 9077 -0.34602195 -0.29451147
 9532 -0.49152225 -0.559961
 11609 0.20523416 0.458935
 11390 0.5482456 0.12354405
 9052 -0.5530642 -0.74620134
 9950 0.14497572 0.09483902
 11328 0.31538516 0.15015346
 3905 0.30481625 1.0545328
 4513 -0.43542382 -0.09928985
 6043 0.1696002 0.33799407
 2600 -0.9344096 -0.8860841
 10986 -1.9875674 -1.9154158
 8335 -2.0072591 -1.5488688
 11376 2.2984266 1.9890828
 756 -0.3436048 -0.25664386
 8279 -0.11369189 -0.5156172
 11032 -0.6977316 -0.44417804
 601 -1.6076298 -1.5512553
 539 0.07053337 -0.2936149
 3934 -0.88902223 -0.7964442
 3583 2.3913343 2.302644
 6656 0.39891124 0.47438404
 4321 0.026902126 0.0050162077
 10978 0.4972075 0.55174166
 2469 0.68314075 0.38515896
 5448 0.86849415 0.85687304
 3179 -1.8056108 -1.8551201
 591 -0.8132702 -0.8114517
 2864 -0.9722966 -0.9471595
 3057 1.7878803 1.3591175
 9308 -0.70452374 -0.55572385
 10128 0.82497567 0.7703876
 6772 0.49647036 -0.41632798
 10965 -0.6082486 -0.6259437
 6873 0.2388053 0.3650362
 2332 0.055072818 0.0183895
 8352 -0.097166464 -0.00868034
 1890 0.048050545 0.02760829
 9923 -0.35600552 -0.24507986
 9955 -1.5556153 -1.62802
 4743 -0.9550533 -0.96496
 11815 -0.10904689 0.08974184
 7465 -0.031931598 0.031488635
 4906 -0.8373996 -1.1330415
 7180 -0.12365436 -0.15221128
 3249 0.82306916 0.94016516
 2001 -0.03676729 -0.13698353
 3636 -0.18381654 0.59786725
 1077 -1.5319222 -1.3357061
 9716 -0.55973303 -0.53431845
 827 -0.14235581 -0.1830692
 3458 1.1091869 1.2889907
 2885 0.3976497 -0.008036338
 1030 -0.98865336 -0.42066836
 7869 -1.787701 -1.3425895
 8005 -1.3538983 -1.261363
 1853 0.46555156 0.5428292
 10031 -1.168929 -1.1472783
 5680 -1.0486706 -1.0576307
 6354 0.27136108 0.41600648
 9170 2.487501 2.0423827
 8437 -1.121367 -0.70890784
 5879 0.7108402 0.4964284
 11768 0.46482912 0.22936873
 2268 0.014784244 0.23028852
 1917 -1.2949476 -1.257027
 8480 -0.6599665 -0.39783323
 8200 -0.91119885 -1.0605767
 2217 -0.60098016 -0.6227709
 4746 0.9629829 0.5488242
 10601 -0.11797016 -0.7109238
 2988 -1.3217913 -1.2992523
 11402 -0.8500722 -0.85391116
 4590 -0.54985404 -0.51666546
 7246 0.7274917 1.4509876
 2448 -0.082659386 0.029638007
 7284 -0.7420839 -0.601796
 789 -1.5624886 -1.6170447
 3863 0.047122736 -0.00092158094
 6492 0.7226088 1.653217
 8675 0.17202424 0.23601708
 4043 0.34639475 0.32253549
 5963 -0.71341676 -0.7233225
 7629 0.33292046 0.4284099
 1422 1.4538325 1.3865552
 2478 -1.1461703 -1.0437818
 9451 0.658128 0.69698954
 881 0.2837352 0.20773514
 1521 -0.78826207 -0.7338855
 9202 0.2984903 0.55976045
 2040 -0.8258923 -0.6624113
 1305 0.39038813 0.3536906
 8763 2.0289228 0.6956093
 8249 0.6139485 0.886385
 10306 0.3226284 0.02895306
 2820 0.43616152 0.6473607
 5624 -0.31091058 -0.26202273
 10184 -0.57006454 -0.5707936
 5482 1.2391413 1.3155437
 2347 0.5789866 0.5851557
 9784 -0.89918774 -0.97560084
 6513 -0.63794667 -0.6208359
 7538 -0.567927 -0.5707847
 11414 -0.5723914 -0.5479899
 1368 0.22691432 0.2675958
 8185 1.1358196 1.1311713
 3738 -0.71119213 -0.7012248
 3901 1.6167237 1.6734765
 10679 -0.80943936 -0.78707993
 10622 0.49895126 0.79971594
 10921 -0.47587055 -0.52820605
 4459 -0.51296544 -0.47058734
 5515 0.81962657 0.87809235
 3661 1.7096351 1.6805041
 6222 1.7326629 1.6602666
 10609 0.6771467 1.0900632
 2228 -1.0714835 -0.93204856
 4277 0.6262007 0.7887241
 1655 -0.5970741 -0.68407387
 11447 0.30197185 0.3785299
 4315 -0.18306063 -0.06659205
 8030 1.6485837 1.5506738
 2784 -0.6061995 -0.8752763
 3584 1.9132829 1.2345235
 4482 -1.2379581 -1.0944307
 9282 0.7675529 0.61170584
 4580 0.48978272 1.0879124
 10341 0.88251716 0.62440133
 8199 -0.062082592 -0.07888234
 10023 -0.87354654 -0.7938017
 4172 -0.6804663 -0.5989214
 10418 1.7102833 1.638669
 8023 1.3814442 1.220253
 6969 -0.40652335 -0.5580071
 4379 -0.26260912 -0.37070084
 9022 0.05080967 0.047331594
 2592 -0.32801083 -0.42921385
 3015 1.6816056 1.4865042
 4135 -0.5608951 -0.51652646
 3945 -0.6300988 -0.6474475
 8906 -0.961013 -0.9454454
 8876 1.6347183 1.5622661
 206 -0.21609223 -0.13542469
 5236 -0.094602615 0.12124999
 8439 -0.08598464 -0.09754953
 9656 0.29626244 0.28236187
 11354 1.8896257 1.5946524
 4860 1.1178695 0.5378507
 2365 0.09737791 0.16819532
 6851 0.2114941 0.06887266
 5381 -0.36674222 -0.24555399
 6827 -0.38241363 -0.60963386
 2253 -0.41653028 -0.46537378
 6542 1.4874573 1.5313814
 9619 -2.2152638 -2.2170398
 411 -1.2944351 -1.3131574
 5300 -0.50350446 -0.5499695
 6646 -0.33560887 -0.49159506
 5783 -0.9289468 -0.9354625
 4729 -1.1723468 -1.3903193
 3355 -0.41017774 -0.3627899
 10847 0.19028014 0.027426539
 3970 -0.022687903 0.15405203
 2499 1.3516215 1.5057738
 6500 -0.581812 -0.4194612
 7587 -1.3146571 -1.2973843
 8741 0.25642127 0.9139867
 2730 -1.1649858 -1.1840936
 1005 2.5397446 2.4333916
 3216 1.0816231 1.0813602
 3732 -0.692272 -0.67433226
 10740 0.9462856 0.6824348
 1400 -1.1645632 -0.78865194
 2366 -0.21135922 -0.24211957
 8376 -0.83132946 -0.61135566
 2146 0.14535299 0.21379867
 4515 -1.2020793 -0.58551794
 3593 -1.7432102 -1.8199415
 5611 -0.5132551 -0.50461787
 11566 0.02751547 0.022815548
 9103 0.62789446 0.47320962
 3474 1.7505457 1.2177267
 7827 -1.1137933 -1.3530626
 7220 0.26125786 0.21722831
 7445 0.022791626 0.031033926
 9877 -0.704581 -0.7453184
 1978 0.3636912 0.41530445
 11516 -0.77040815 -1.068157
 8001 0.2631575 0.31736127
 8393 1.0613676 -0.16281103
 2155 0.06824411 0.07885765
 6382 1.5267231 1.0087384
 10809 0.19550823 0.21658404
 5488 0.4064625 0.032491088
 6291 0.06705914 0.121929094
 7892 0.040693637 0.17964646
 10453 -1.7761171 -1.4944677
 11071 -0.65664816 -0.6458309
 6872 1.6871454 1.6385151
 2649 0.02274716 -0.8740411
 3231 0.2119273 0.3463332
 128 -1.2195582 -1.0559032
 7649 -0.24980271 -0.26391512
 9325 3.9297915 2.658446
 10429 1.2024952 1.3060958
