 2711 -0.63719594 0.004576206
 364 -0.38874918 -0.66475654
 4335 -0.24823532 -0.09685385
 4048 1.6885004 1.693547
 3188 0.2558026 0.11153281
 1847 -0.65562934 -0.5334426
 2297 0.29468367 0.3438514
 474 0.8222398 0.47443914
 1019 0.21861252 -0.017144859
 1756 0.3046723 -0.5561062
 253 0.0604467 -0.10735625
 5145 0.46730646 0.8780472
 2630 -0.8110252 -0.14367819
 1511 -0.3043699 -0.0746291
 4615 0.69206333 0.7005398
 5231 -0.26821184 -0.32994127
 3825 -0.13551539 -0.106907904
 1843 0.1756814 -0.75437784
 2773 -0.5036854 -0.46937352
 3381 1.1652007 1.2984209
 2169 0.39214128 0.2431835
 4025 2.423583 1.7759254
 284 -0.82210934 -0.9433846
 2623 0.7235666 1.0086788
 1026 -0.23204625 -0.32026404
 2308 0.3364287 0.14616835
 1478 0.5928147 0.06390843
 393 0.19264087 0.20500693
 2090 -0.27164263 -0.40353477
 3690 -0.9329436 -0.70241714
 4524 -0.5716712 -0.5420678
 685 -1.2924366 -0.98036623
 5196 -0.027145995 -0.36367762
 1078 0.020243337 0.007555902
 2361 -1.0191888 -0.8434911
 2619 0.5730272 0.36363602
 1446 0.75173736 0.9194099
 2058 -0.7859688 -0.71075124
 2414 -1.3387135 -1.0655735
 2705 -2.0001333 -1.136296
 3383 1.7819936 1.280076
 2425 1.5198538 0.8012432
 1339 -0.9254633 -1.1993024
 349 -0.91465056 -0.55299586
 1023 -0.5556173 -0.8946593
 4605 0.8483762 0.7596227
 177 -0.9410043 -1.0562072
 3155 1.1652259 0.3449713
 4467 0.7716244 0.7954395
 5107 -0.32543835 0.06552133
 2134 1.4605563 1.9542022
 4732 0.09924992 -0.0011293888
 925 -0.3188979 -0.44437766
 4927 0.3499307 0.45702475
 3555 0.15286922 0.1831767
 3180 -0.271244 -0.23429018
 1389 -0.25303426 -1.1562637
 5197 -1.7796824 -1.5423093
 3570 -0.48814765 -0.43596166
 3540 -0.15660669 -0.3822156
 3576 0.31242454 0.008399576
 1146 -0.72407186 -0.40591887
 4731 0.867638 0.7216303
 1440 -0.15984006 -0.1397728
 1890 -0.07694002 0.027391344
 4815 1.2210416 1.3468261
 2198 -1.1534947 -0.737321
 536 1.0546141 0.95039046
 1181 -1.1913358 -1.2625511
 62 -0.34359443 -0.62749743
 4541 1.0764499 1.0342696
 832 -0.53092796 -0.5921813
 1415 0.059262928 0.6447145
 3528 -0.26219806 0.009344339
 426 0.31713113 -0.09033877
 3896 0.26564136 0.124239236
 154 -0.5041451 -0.6378523
 2013 -0.83436614 -1.3979634
 5214 3.851953 3.4804404
 1218 -0.9140691 -0.61709046
 646 0.32661733 0.033545583
 3049 -0.708237 -0.3173838
 1706 -0.8119577 -0.7040168
 173 -0.400736 -0.53491575
 4824 -0.7357602 -0.59260285
 884 0.18035573 -0.13244897
 3192 -0.19755024 -0.1698128
 2310 0.35295922 0.14878947
 1000 -0.022502478 -0.56155616
 236 -0.33642712 -0.420544
 1966 0.97228175 1.2204585
 1967 -0.35051292 -0.18527627
 4337 0.21460104 0.010215163
 3413 -0.47087952 -0.4121611
 1338 -0.87472576 -1.2039754
 579 -0.5342888 -0.66664207
 489 -0.56681556 -0.61674273
 2861 0.71713036 0.7311182
 3407 -0.2293716 -0.32810533
 3827 -1.2017229 -1.0975525
 4212 0.5361669 0.9221251
 246 -0.93462825 0.048140407
 2972 -0.51060337 -0.53641033
 4964 2.4663785 1.9114258
 488 -1.3060696 -1.0537223
 3541 0.15353683 0.18536583
 2613 0.9330523 0.8286158
 2938 0.46998382 0.5417231
 4091 0.669591 0.4637776
 4093 -0.43409413 -0.45293474
 2463 -0.74025255 -1.2179745
 4163 -1.6031755 -1.8509035
 517 -0.34345624 -0.25660306
 1482 1.1231222 1.1092327
 588 -0.6314263 -1.0636051
 4056 -1.3701262 -1.186362
 3992 -1.9328108 -1.8020817
 4157 -0.82568526 -0.84994096
 1342 0.9464865 0.71902025
 5219 -0.52020586 -0.44734323
 2378 -0.7314043 -0.827541
 1741 -1.3744879 -1.1071402
 2097 -1.2532498 -1.3850149
 3698 0.60811555 0.37430763
 3226 -0.23894186 -0.10274805
 3324 -1.73443 -1.1105008
 639 0.85648036 0.714997
 1057 -0.5262755 0.014872253
 1860 -0.49971554 -0.87784463
 3846 -1.01614 -1.4407068
 2353 -0.9933292 -0.58664095
 658 -1.0118803 -0.90589976
 3256 -0.79674464 -0.6913866
 3581 0.0028992286 -0.008691996
 2942 -0.81610316 -0.7771646
 3492 -0.9322533 -0.8717506
 3079 -0.86627233 -0.91038173
 1480 -0.6863214 -0.71275026
 2190 0.64450663 1.1646943
 660 -0.9854435 -0.9639871
 1044 -0.8086415 -0.7395193
 3997 -0.92825687 -0.8398785
 4830 0.44555622 0.4299726
 4416 0.27189362 0.0373874
 5056 2.2351449 2.336239
 1510 -0.21879107 -0.24329457
 4242 -1.2485557 -1.4810976
 916 0.33216 0.31603193
 2263 -0.68136775 0.063562274
 3929 -1.3690007 -1.3995553
 3065 -0.5615892 -0.69926524
 4768 0.7313569 0.26692158
 3244 0.22832757 0.04603383
 3660 -1.0099839 -0.81949425
 2290 1.1011763 0.92857265
 4466 -0.20536402 -0.12532133
 4981 -0.054867808 0.26911414
 2523 0.9691464 0.8836688
 955 0.91348255 0.61995894
 1426 0.4927471 0.73332274
 3731 0.28742042 0.25793463
 2196 0.27212563 -0.09041752
 1589 -0.36717474 0.012394637
 1082 -0.25586763 -0.46657038
 1692 -0.7246747 -0.5035275
 5149 -1.1043358 -1.2489254
 2559 1.7286222 1.3670392
 4710 -0.08596525 -0.22974646
 3722 1.1307217 1.1315255
 4811 0.39971521 0.25807065
 4307 -0.29710498 -0.22445977
 3029 0.16383794 0.17128834
 4631 -0.5688738 -0.74349666
 1113 -1.1495895 -0.95294774
 4092 0.0051839105 -0.13084069
 5216 3.1016095 2.2941875
 3714 -0.074392535 0.04571995
 4292 1.5781282 1.3148502
 5131 1.9603243 1.4512715
 3309 0.3724877 0.048568606
 2480 -1.1149232 -0.851422
 2677 -0.3584747 -0.91782
 1918 -1.0378098 -0.85478985
 715 -0.9440361 -1.0592729
 2161 2.1892185 1.9415219
 4050 -1.2514888 -1.0261654
 4309 -1.0136361 -1.2860434
 2935 -0.7378429 -0.52628976
 1403 -0.8403001 -0.10477728
 60 0.1453533 -0.2832545
 225 -1.2965343 -0.9861102
 1409 -1.7753925 -1.6880906
 4196 -1.0223972 -1.0159549
 3633 -0.5073959 -0.33003557
 1270 -0.82778656 -0.7059957
 1431 0.23902059 -0.2076109
 3638 1.0019562 0.8233987
 928 -0.8951889 -0.9014057
 2726 0.7795136 1.0661312
 657 -0.3146248 -0.6020889
 945 -0.403201 -0.48730314
 3416 -1.7682842 -1.248201
 4957 -0.39105192 -0.03226763
 1726 -0.05511061 -0.17622942
 4167 2.8636527 2.9647167
 4680 0.5489417 0.29669124
 3081 0.18191992 -0.23540181
 3695 -0.19726864 -0.08651085
 1053 -0.37062266 -0.2763796
 3733 0.5506805 0.70190686
 1117 -0.22119716 -0.05656585
 192 -0.99589074 -1.1521568
 874 0.41173407 0.18932948
 3502 -0.9584246 -0.82306564
 89 0.4374601 0.27659857
 3646 -0.5499602 -0.45375282
 1247 -0.3283719 -0.65045625
 2091 0.12650819 0.5347571
 365 0.1945087 -0.2233935
 888 -1.2145828 -0.9851928
 153 -0.5317275 -0.4279798
 2171 -0.88772464 -0.99233013
 1948 -0.79278934 -0.57870376
 4868 -1.2520416 -0.84569716
 1384 -1.3149761 -1.0828137
 1630 0.849661 1.102786
 300 -0.7527447 -0.6433178
 4051 -0.5802299 -0.5861524
 3198 -0.15335324 -0.18363602
 641 0.87303704 0.8065572
 1671 0.8556435 1.096084
 692 -0.894254 -0.92523307
 4342 -0.63280725 -0.46222532
 444 -0.5268591 -0.52735794
 1854 -0.30705574 -0.3179264
 1827 -0.24652435 -0.19255854
 1036 -1.0632817 -1.2650182
 4462 2.8452923 3.2309723
 1429 0.639032 0.69815934
 1816 0.53939915 0.09718004
 1594 -1.9367383 -1.6779363
 4610 2.1884248 1.9603066
 1098 -0.02726413 0.6070523
 3667 0.040919635 0.2269659
 3799 -0.96165574 -0.47401363
 5049 -0.94751495 -1.1146259
 3643 -0.19431883 -0.15821344
 2752 0.37769663 0.1275757
 3616 0.057236157 0.055687964
 2701 -0.7200178 -0.8609989
 1646 2.1438317 1.424191
 1329 0.8192917 0.83080983
 5013 1.4582235 1.5111599
 2946 -0.71266675 -0.7650708
 43 -0.5513396 -0.7780511
 3948 0.59190947 0.6764105
 4921 -1.0725678 -0.76304096
 3230 0.47859722 0.27898198
 1894 -1.1109046 -0.8387861
 4648 -0.12878135 -0.69290227
 497 -1.5858129 -0.8287115
 1048 -0.73729247 -0.72105336
 3129 5.0019255 3.2123787
