 10442 -0.6842211 -0.6589587
 9367 1.1578518 0.62979937
 9042 -0.48952636 -0.9206109
 10340 0.41872248 0.3653348
 10456 0.6158825 0.8022292
 10636 -0.6708119 0.2016675
 10271 -0.62183017 -0.73631734
 3250 -0.59930927 -0.64785063
 8248 1.2870297 1.1336652
 3900 0.52861774 0.62686574
 9055 0.9903546 0.8559916
 4676 0.5935395 0.75571495
 1157 -1.0650604 -1.1276652
 10455 0.8271815 0.24822132
 779 -0.36588043 -0.67561996
 8458 -0.5048521 0.6063214
 10058 -0.5682704 -0.5640558
 8366 0.42739868 0.54204345
 2210 0.57227695 0.45540142
 6936 -0.2086331 -0.018168792
 8435 0.029018572 -0.034064002
 6591 0.16083142 0.0043180436
 1688 1.4261715 -0.16611157
 3992 -0.21257031 -0.61871195
 7802 1.2639863 0.97932124
 5141 2.0709424 2.0131786
 2250 1.573401 1.5314465
 9907 -0.32324988 -0.2172895
 1245 -0.36302367 1.4838319
 7326 0.40632957 0.22520028
 9244 1.1497326 1.2788645
 7143 2.953291 1.1707584
 8192 -1.7373967 -1.7008191
 3384 -1.1511288 -1.4836833
 2429 1.065915 0.90127265
 10619 1.7265795 1.4701867
 11642 -0.09371331 0.43557966
 9763 -0.47339287 -0.454211
 11578 -0.02169867 0.022681624
 5742 0.14066994 -0.04667875
 11379 -1.3245549 -1.334279
 5553 1.3280449 1.376144
 9746 0.3368265 0.35834682
 170 -0.39895925 0.01701127
 4158 0.96547157 1.0813471
 1757 -0.2392159 0.055515334
 2076 -0.8931391 -0.86386913
 4246 -0.18486628 -0.07282159
 8882 0.90987694 0.16360192
 6942 0.34289896 1.1579924
 5635 -0.34367767 -0.3701256
 1387 1.9850028 1.9294461
 4590 -0.54985404 -0.48440528
 9412 -0.10860361 -0.16735515
 2770 -0.9677538 -1.1338497
 5932 -0.39099357 -0.40521413
 11448 0.5141276 -0.17803621
 899 2.892111 3.3697412
 3751 0.027823973 -0.10461977
 10275 -1.6093547 -1.4751543
 6047 -0.90155035 -0.92978346
 6875 -0.12187025 -0.06640193
 4021 0.01872605 0.2501222
 9383 -0.048850793 0.07028858
 8642 0.8487539 -0.13197914
 5622 -0.07298891 0.013652161
 1990 0.50165904 0.6358054
 143 -1.4277799 -1.0907378
 10095 0.9231564 0.07189812
 10544 -0.5964131 -0.63805795
 11793 -0.7166884 -1.0034261
 1609 1.2247612 0.83492064
 2655 -0.055931285 -0.48301268
 9698 1.5483406 1.290618
 7202 0.71077055 0.7766545
 157 -0.88584685 -0.4025396
 11612 -0.3330473 -0.24002849
 4594 0.89804554 0.55303943
 107 -1.9946804 -2.2243726
 5514 -0.053213872 -0.13027991
 5341 -0.20944217 -0.6247345
 10173 -0.1282228 1.0566853
 259 -1.8452654 -2.0612235
 3342 -0.6247809 -0.23456576
 11031 -1.07167 -1.0167214
 5882 0.052275185 -0.018700808
 7215 0.32785693 0.17716803
 2072 -1.5864662 -1.5862129
 9441 0.64566404 1.1636316
 8188 0.15703584 0.11549096
 6801 0.1420809 0.43037307
 7470 -1.6941739 -1.7407541
 1678 1.8510474 -1.3199688
 7730 -0.23377879 -0.028826326
 5982 -1.3044435 -1.3396988
 9980 -0.6924705 -0.5354932
 6131 0.19613944 0.318919
 8092 0.020977268 0.37185383
 1901 0.460461 0.49507523
 7901 0.68094224 0.38747358
 11255 -1.3079714 -1.5228798
 4435 0.26155767 0.1893778
 8871 1.6123616 1.7844741
 7499 -0.9610043 -0.7272674
 1689 0.00861139 0.045132264
 1663 -0.7046714 -0.094184294
 2418 0.615987 0.69702685
 1624 1.2017815 1.034036
 7407 -1.161618 -1.1307205
 10859 1.8601613 1.793391
 4202 1.2783769 1.3560992
 9183 -0.0011585514 -0.31140336
 1403 -0.8299405 -0.86121666
 8367 0.75606346 1.1437508
 7296 -0.57699466 -0.27214235
 7225 1.1931851 1.3520051
 7820 -1.0389452 -0.7187903
 9497 -0.5542263 -0.5930782
 9291 -0.7936579 -0.8177521
 4413 2.1084611 2.0915146
 8594 -1.0089551 -0.7913102
 4352 0.08341587 0.08137782
 10443 -1.131824 -0.8974012
 4562 1.1586485 1.1829153
 3146 -0.7690224 -0.8113123
 9272 0.88815826 0.85637504
 7172 -1.2476776 -0.47665453
 489 0.1269371 0.31160086
 8503 0.7177772 0.36825335
 1042 -0.2372136 -0.35328197
 3921 -0.037297662 -0.0025552958
 8232 2.0463555 1.8929602
 1664 -0.04990237 -0.10479379
 10528 1.007404 0.29209322
 5448 0.86849415 0.6693486
 870 -1.5794792 -1.6227027
 6676 -1.1781543 -1.2741392
 1218 0.37800944 0.55139416
 6033 -0.5605591 -0.5229874
 826 1.8716966 0.62699634
 9783 -0.00605842 -1.3601178
 10247 -0.58264726 -0.4079013
 10115 -1.6072048 -1.407493
 2478 -1.1461703 -1.1234895
 710 -0.60847914 -0.61627793
 6957 -1.0228136 -1.0555422
 7595 -1.172401 -1.176756
 9223 0.2545088 0.30369157
 10263 0.1973918 0.2309724
 675 0.22429363 0.20560975
 10529 -0.5240652 -0.56804615
 266 0.8546243 0.8865473
 1606 -1.8024913 -1.8546158
 11244 -0.1301944 0.11283274
 7861 -1.6539102 -1.7018332
 6649 0.0975929 0.35583258
 9174 -1.2470362 -1.437124
 11773 -0.16261081 -0.07855286
 6194 2.3572538 2.4674509
 1498 -0.1494409 -0.006598942
 11272 1.0156658 1.085637
 5290 0.702258 -0.06458645
 5388 1.6829212 1.4259454
 1306 -0.44078392 -0.39939755
 11585 -0.08148495 -0.20405988
 8137 0.6765058 1.0006181
 906 -1.6020555 -1.6147006
 3560 -0.4842506 -0.41408223
 9721 1.2688073 1.4013735
 8542 0.32319635 0.2961182
 5280 -1.0036353 -0.9011455
 5061 -1.081975 -1.0665001
 1706 -0.66126245 -0.6007876
 5905 -0.20499703 0.2525888
 7075 0.6902795 -0.5003745
 11017 1.3668084 1.2485831
 10701 -0.61771005 -0.63746077
 5073 -0.13245706 0.06144102
 5958 0.30745527 0.21409585
 8593 1.3262287 0.44971275
 11048 -1.028076 -0.9642178
 2240 -0.83356786 -0.22724158
 6803 0.4031973 0.018503338
 7544 0.4992955 0.29514462
 4598 0.17136781 0.15807725
 6520 0.13876207 0.1630268
 7071 1.4806156 1.4118396
 26 1.3110538 1.4354368
 10257 0.95404357 1.2100301
 8852 0.18569978 0.16739936
 401 3.9031394 2.9448726
 1327 -0.033457164 -0.1794489
 4779 -1.2326506 -1.3002757
 10476 1.2219108 1.3176382
 346 -1.0200453 -0.98803705
 2094 0.5026345 0.7103423
 7731 0.027562225 0.73058975
 2627 0.18454048 0.07370669
 7122 -0.28361177 -1.0391215
 1536 0.797874 0.8326342
 1095 -0.62694454 -0.6546802
 278 -0.8063928 -0.872478
 11112 -1.0448027 -1.079974
 10074 1.6747222 1.2922336
 3243 1.683414 1.5379013
 4328 0.48883063 0.29999548
 2529 -0.92767656 -0.84939367
 6747 -1.8996581 -1.9008794
 5173 1.3382233 -0.60903734
 13 -0.98335284 -0.8758719
 11089 -1.0344433 -0.5607046
 975 -0.5175192 -0.66666985
 8245 0.48369008 0.45978582
 7674 -0.8364191 -0.8243278
 3572 -0.5160115 -0.5221845
 11875 0.27299207 0.12833871
 1015 1.4211699 0.43941855
 5945 -0.19570337 0.08231667
 9212 -0.16421476 -0.088895336
 7103 -0.0599391 -0.17061706
 9726 -0.57702816 -0.5263676
 11165 0.68262136 1.0986801
 324 0.09005309 0.39316142
 5853 0.4930232 0.46913552
 6806 0.16556121 0.004978955
 1700 0.17438456 0.2250125
 10298 -0.7192403 -0.10253133
 3048 -1.2468263 -1.1589502
 7600 0.023720808 -0.84328663
 4586 0.0056336047 0.11535527
 11739 0.754934 0.5308485
 2915 -0.7951019 -0.8368474
 10033 0.59933096 0.7372841
 7196 0.7098111 0.70260376
 3595 -0.54967934 -0.63103604
 3546 -0.6230683 -0.6572859
 6026 -0.10022355 -0.25079283
 8025 0.3634689 0.69271576
 6235 -1.1678522 -0.837986
 6142 0.3388224 0.30740136
 1657 -0.9900272 -1.090016
 10364 -0.74664366 -0.62306356
 10276 0.3543971 -0.052954078
 2961 -1.3180681 -1.3685347
 6934 0.275081 0.30916208
 6286 0.007535977 -0.15606642
 10815 -1.7489412 -1.8389847
 9288 0.77743655 0.70415384
 536 -1.3437822 -1.1753801
 4744 1.4430829 1.2404767
 11284 1.1020472 1.2657717
 10279 0.2581751 0.3385238
 2726 -0.7628826 -0.814521
 1844 0.75522554 0.44906902
 3787 0.78981525 0.7410457
 3988 -0.3311046 0.30844343
 1136 -0.41889334 -0.43084013
 7638 -0.960137 -1.0299851
 3635 -1.1626378 -0.61073065
 5818 0.337956 0.4782666
 7369 -0.32027805 1.1306967
 5264 -1.6057022 -1.5689193
 5438 0.29698855 0.20032556
 11877 -0.8318745 -0.87184453
 4518 -0.9667999 -0.71589327
 9252 2.0216043 1.7452767
 9992 -0.12911394 -0.25750035
 6038 -0.75381076 -0.1239477
 1332 -0.58952606 -0.52800983
 3853 -2.0848033 -1.9826419
 4814 -0.61853147 -0.6803094
 11198 0.400462 0.23565282
 10291 1.3019714 0.9421767
 4739 1.4310687 1.152711
 1968 -1.4571655 -1.3936889
 11596 -0.92056906 -1.0428253
 529 1.3782419 1.0845809
 3711 -1.5360318 -1.3341963
 8322 -0.20849282 0.28441167
 11625 -1.6822752 -1.7390249
 7258 -1.3540019 -1.171718
 10301 -1.0411193 -0.9103562
 4773 -0.3343125 -0.1188857
 2905 0.24858165 0.18799557
 4442 -0.98730016 -0.92956305
 8312 -0.051892754 -0.30306563
 10244 -0.6622448 -0.5694827
 4043 0.34639475 0.33187652
 7676 0.5314176 0.52498096
 9221 -0.5027522 -0.48280376
 5370 1.4303416 1.2703334
 8484 0.21461628 0.12179108
 8083 0.021608489 0.7233243
 4557 0.28558943 0.23528533
 8784 0.77074796 0.776056
 6839 0.6149886 0.5375787
 7960 -0.0110440105 0.16357292
 4269 2.3817556 2.1402996
 9530 -1.1526309 -1.4780058
 4700 1.7336046 1.5150393
 10609 0.6771467 0.90544665
 5074 0.02737153 -0.14372773
 9802 1.2376469 1.4511548
 2509 -0.49539164 -0.7525223
 10837 0.4779642 1.1106519
 3832 -0.38183513 -0.5992162
 10104 -0.48411673 -1.2202207
 10583 -0.055424288 -0.024350397
 11524 -2.0239725 -1.5102197
 151 -1.6168437 -1.5802013
 4609 1.2939233 1.4451909
 4243 -1.1279116 -1.1088107
 7984 -0.22142895 0.4463846
 9464 3.4866574 2.6263287
 6882 -0.07691697 0.12403633
 2603 -0.13398996 0.06476328
 9669 0.46736866 0.39372373
 9397 -1.3608701 -1.2545332
 3977 1.0247344 1.0510522
 1072 0.2981616 0.28267217
 2006 1.1396981 0.1330934
 6729 1.1865392 0.8910184
 5525 -0.3536507 0.12097533
 8244 1.8516836 1.948078
 11780 -0.13611467 -0.18146586
 4584 1.2581381 1.2063638
 6783 -0.23405474 -0.21888615
 4954 -0.26617733 -0.3314344
 2974 1.3708111 1.4056889
 11606 0.41334358 0.47107732
 11075 -0.5074348 -0.52934223
 5785 0.68849903 0.8074224
 11138 1.9956533 1.6829264
 10079 0.96640944 1.8254339
 6699 1.9103854 1.6736397
 8122 -0.41755113 -0.4014091
 8112 -1.3229914 -1.3077043
 507 -0.944059 -0.90854776
 8426 2.1817334 1.4776272
 3245 -0.21624349 -0.084754735
 11237 -0.42061922 0.08496
 4928 1.4191562 1.8299848
 3439 0.56731606 0.20261039
 7990 -0.064875185 0.090231135
 11404 3.522056 3.4091716
 3267 -1.0090798 -0.8278654
 8517 0.45681578 0.70969844
 11613 -0.88453126 -0.8625201
 10206 1.2548265 0.25154698
 400 2.5723426 2.2845201
 1737 0.6039617 0.439331
 8095 -1.9659693 -1.9739687
 6154 -0.13512543 -0.18198702
 8465 -0.8170076 -0.6542778
 41 -1.6726354 -1.7507057
 515 1.2725965 1.3982702
 5237 0.92151624 1.0118526
 9368 0.14732641 0.047979996
 8054 1.291518 1.0555066
 1761 0.10703875 -0.012449905
 6870 1.733368 0.9409791
 6181 -1.2958539 -1.0538898
 10933 0.57835215 1.2376245
 4529 -0.051232655 0.049646676
 6452 0.22944975 0.41039222
 2469 0.68314075 0.53076255
 6704 -1.621022 -1.7297091
 10189 1.0758523 1.7006147
 1324 -0.3055656 -0.25068593
 4484 -2.4877107 -2.0230527
 3270 1.2109867 0.98303413
 10402 0.08590042 0.14871539
 5912 0.24670175 0.4456352
 6213 -1.0761409 -0.69020635
 3434 -1.5530839 -1.4468964
 6719 -0.8409101 -1.021005
 9948 -1.148795 -1.3623015
 10687 -0.64653534 -0.6380602
 4113 0.4070951 0.47154558
 9814 1.8035178 1.5197372
 183 0.31562307 0.24602707
 169 0.31492034 0.39049196
 6217 0.40542924 0.37404436
 7059 0.570811 -0.47429693
 7250 -0.105110586 -0.028966874
 10569 -0.1447959 -0.19272938
 11584 0.25593445 0.33297682
 9629 -1.2121266 -1.3472098
 6550 0.00046281976 0.12498619
 2586 1.8756108 1.8048356
 10841 1.1084695 1.3797044
 10413 1.0571802 1.0463967
 1053 -0.38637516 -0.37669307
 10957 -1.9780624 -1.9004093
 6321 1.1285031 1.2932287
 1142 1.1602507 1.268664
 8120 0.99506605 1.2088478
 4864 0.0986078 0.04976432
 4133 0.20084311 0.0981226
 9491 -0.22491007 -0.2850693
 7475 0.7925203 0.6701437
 3174 0.2812337 0.20363738
 9493 -0.54989433 -0.4556793
 7902 -0.13151506 -0.5942403
 1559 1.608901 0.8479386
 6774 1.5144178 1.6560571
 8199 -0.062082592 -0.069214076
 9132 -0.07445902 0.6387876
 8870 0.31986606 0.56992394
 2145 0.012333164 -0.15073101
 1598 1.040476 1.1563679
 4390 -0.27100798 -0.30810916
 3276 -0.34105423 -0.25481716
 2324 -0.52296823 -0.45465887
 4443 0.9374077 1.3485194
 5759 1.2945948 1.3453665
 361 -0.21988322 -0.28388503
 8239 -1.2063186 -1.0380943
 11561 0.26425034 0.27032095
 11559 0.32067055 0.5066763
 10011 -0.2586036 -0.17533791
 1098 -0.6299741 -0.6957284
 7404 -0.20128947 -0.13274486
 5953 -0.4048433 -0.3732009
 7949 -0.39928883 -0.41569483
 10384 -0.4310172 -0.29104263
 4283 0.7444819 0.91848004
 10716 0.92135715 1.2767135
 5118 -0.44450754 -0.49553722
 5059 -0.45008537 -0.20384832
 7965 2.0571067 2.0243077
 10394 0.25332108 0.1739329
 3447 -0.85733604 -0.9428079
 5297 -0.6390574 -0.58030254
 3944 -0.63170093 -0.65416867
 9154 1.676543 1.5458144
 1605 -0.32906836 0.045171976
 2434 -0.23027796 -0.13485001
 9453 1.9643668 2.125439
 8907 0.964249 1.2859247
 8815 -1.0396621 -0.97268116
 1570 0.28323644 0.35261613
 3737 -0.69291055 -0.7517723
 10246 -0.76875836 -0.6969637
 7077 0.6305789 1.146617
 49 -0.20411232 0.057497203
 6270 0.005091314 -0.040271632
 5873 -0.5304338 -0.4280253
 1269 -0.5131405 -0.6100795
 4051 -0.46217072 -0.33015883
 2205 -0.74049187 -0.66900575
 4425 0.40690255 0.48397303
 11535 -2.667199 -1.9102294
 10948 1.2012699 1.4021801
 9409 -1.6389657 -1.7511508
 9888 0.23008877 0.19809662
 4932 1.3928443 0.617046
 7275 -1.4371309 -1.4366885
 5568 -0.37412158 -0.012954682
 4325 -0.12293741 -0.30147296
 2104 0.90095365 0.8656507
 10481 -0.7164308 -0.65406066
 1223 0.035692003 -0.75321174
 4131 1.1512563 1.0883697
 458 -0.25976977 -0.46226543
 2266 0.0490329 -0.06509426
 1923 -0.16592368 -0.20117962
 7353 -0.34566578 -0.54229164
 11807 0.846709 0.2848652
 3109 -0.5614003 -0.58947086
 9789 -1.17095 -1.1856056
 2345 -1.1417787 -0.7722646
 6296 0.030370401 -0.050801404
 5576 -0.06588871 -0.15832621
 7811 0.7828411 0.4942181
 1703 0.14167842 0.22520335
 11051 0.34380844 0.14751305
 2470 -1.6011099 -1.6036434
 1702 -0.48965883 -0.48870236
 8445 0.19951925 0.3719399
 10134 0.29055303 0.13968526
 3555 0.15268514 0.20205207
 9600 -1.45269 -1.2083162
 4069 -1.1639379 -0.85475
 6405 -0.964209 -0.9968854
 2261 1.6388036 1.4369935
 4494 -1.0730017 -0.741025
 2716 -0.77501833 0.45273793
 11497 0.7560172 0.41751927
 4466 0.3133618 0.20969121
 8653 1.1917925 0.5923509
 1694 1.4241753 1.6841997
 6796 -1.1362251 -0.9060565
 5985 -0.19119269 -0.2456043
 6417 0.81889313 0.27958846
 600 0.44888082 0.41186172
 11047 0.24192107 0.4785192
 2409 -0.023676679 0.019131362
 356 -1.071109 -0.9716929
 6106 0.30853435 0.3230139
 11146 0.5148716 0.63571274
 10706 -1.5064809 -1.3520666
 4891 1.0979624 0.29310417
 6825 1.1725019 0.09302792
 1481 -0.3879516 -0.3653525
 7524 0.012198393 -0.11457127
 1935 0.994097 1.0035287
 7036 1.6911793 0.8263694
 8005 -1.3538983 -1.0638348
 3427 0.53583527 0.46722138
 3380 -0.78943783 -0.7324624
 2463 -1.6657956 -1.6909009
 9063 0.874667 0.26724488
 7760 0.33332294 0.30032277
 5143 1.2649912 1.2978455
 10109 0.66492385 0.5449511
 7601 -1.1144345 -1.4057411
 5841 -0.37182042 0.14408912
 1596 -1.457721 -1.2731127
 9794 -0.7138609 -0.12947361
 4036 -0.6004278 -0.4042641
 3118 0.658431 0.69799817
 9267 -0.49204895 -0.4758085
 38 -0.35641164 -0.34911293
 9982 2.5529983 0.1575918
 11711 0.422502 0.7635742
 9998 1.4758124 0.97921145
 4837 -0.3232737 -0.34581465
 2996 1.6204358 1.6701286
 6661 0.3167196 1.3389288
 5191 0.002761252 -0.41103315
 3675 1.1810181 1.169708
 5806 -0.7245711 -0.45199376
 8956 0.9822652 1.4993948
 2560 1.9919549 1.8916055
 9738 -0.38349044 -0.42851782
 8942 0.69459623 0.15763427
 4523 -0.002285764 -0.13930932
 5429 2.0546525 1.9283384
 9262 -1.1132128 -1.0307623
 181 -0.60859376 -0.5800642
 8988 1.8443931 1.7058684
 4252 0.67425 0.5666243
 8268 -1.3029486 -1.4164896
 6451 1.2803655 1.1115611
 7315 1.0270451 0.5557398
 7409 -0.22489035 0.050422803
 9139 0.755573 0.60085744
 5745 -0.40408692 -0.48113137
 11217 1.0674047 1.1240696
 11192 0.014445485 0.028510481
 7838 -0.58003616 -0.32431638
 3656 0.8045011 1.1952301
 8256 -1.6457428 -1.6441826
 6013 -0.6625244 -0.5377541
 8136 -0.11875449 0.014735058
 8099 -0.22214177 -0.5136859
 3337 -0.48625794 -0.52310556
 182 1.112965 1.0344286
 3131 -0.12239879 -0.20458236
 7432 -1.6082863 -1.5863241
 3235 0.03509516 0.059668213
 7512 -0.59002936 -0.56439704
 7038 -0.3937669 -0.75964975
 10446 -0.3232494 -0.95856506
 8291 -1.0685512 -1.0436708
 1814 -1.3106278 -1.2339381
 7203 -0.619093 -0.63141537
 9976 0.25904563 0.30546665
 10039 0.5118351 0.25629073
 6529 1.6498516 1.5260366
 250 -1.9366888 -1.8802458
 11214 0.7041993 0.57789004
 7688 0.06715128 -0.20155983
 2194 -1.5866551 -1.399537
 4970 -1.4871665 -1.3602227
 4301 -1.0961291 -1.2445523
 801 -1.2708741 -1.2617668
 7719 0.65376216 0.62931716
 4305 0.3928516 0.69861436
 844 1.5228922 1.3532265
 3631 -0.46676895 -1.0074275
 7285 -0.61220187 -0.668429
 1372 1.4285562 1.4867507
 9032 2.0550544 1.8559158
 47 -1.5931324 -1.6778079
 6434 0.4647003 0.2754678
 4048 0.54461735 0.42933452
 3065 -0.6742458 -0.74359757
 8851 0.98708206 0.91984427
 5464 0.34580982 0.32538617
 5224 1.6511791 1.5015037
 8019 0.10540271 0.09911069
 11144 -0.6689164 -0.3477813
 154 0.598581 0.29152107
 951 -2.0174682 -1.9238814
 1143 0.5999823 0.6279465
 3370 -0.8593104 -0.7616651
 6916 -0.34022406 -0.4172228
 8498 0.044607937 -0.06953687
 10061 -0.2967111 -0.41037244
 7746 1.2664824 0.57459015
 29 1.8213145 1.2315334
 10047 -0.87798756 -0.6591572
 69 -0.2083145 -0.33343545
 6144 -0.949079 -0.8799606
 4102 1.5577946 1.4662384
 11055 0.113308325 0.10767464
 10610 -0.11246657 -0.17392102
 10328 1.6779224 1.9762064
 2349 -0.24415061 -0.14319801
 2344 -0.21805649 -0.34684664
 5821 -0.097119704 -0.05843555
 1158 -1.490567 -1.4963286
 10827 1.8800958 1.9736587
 5654 -0.2639999 -0.008790888
 10490 1.7877433 1.6576557
 9871 1.5865461 1.3126115
 8964 -1.0043674 -0.9262924
 11635 0.48851067 0.55905706
 4883 0.59234077 0.5670783
 3412 1.4855003 1.2258046
 10094 -1.0734684 -0.9601696
 9218 0.21563761 0.16487761
 5482 1.2391413 1.3770821
 9723 0.4261784 0.3387187
 4392 -0.9673339 -0.92615473
 4669 -0.6166745 -0.69596606
 9702 0.68209606 0.60179317
 4071 -1.2863957 -0.9886212
 8855 -0.2929343 -0.18623303
 8564 -0.98928916 -0.8720482
 4308 0.37426198 0.45659143
 5024 -0.5046248 -0.60608757
 6706 -0.6360581 -0.6988015
 634 0.2988602 0.56752324
 4293 -1.4560924 -0.9755985
 5966 -0.021657413 -0.13297588
 10572 0.83251315 0.44444585
 2161 -0.7931504 -0.70053947
 7322 -0.8030006 -0.7622586
 7947 -0.15631557 -0.17761603
 6275 -0.6400627 -0.62353987
 3982 1.5175271 1.2490329
 9480 -0.28508645 0.23752983
 4162 0.58260244 0.7129764
 9846 -1.1517568 -1.1924063
 11387 0.57446396 1.1292368
 6922 0.33841625 0.253752
 10470 -1.201378 -1.0469291
 9677 0.07393656 -0.3237989
 1005 2.5397446 2.1781554
 9420 -0.82522947 -1.6242625
 3541 -0.55654854 -0.5246363
 10769 -1.6205201 -0.9674369
 7422 1.0704825 1.0736887
 6455 0.16785231 0.090514794
 11388 -0.628472 -0.70686615
 8523 0.64714694 0.9259212
 7082 1.8604937 1.5970756
 10920 -1.1396838 -1.2412755
 260 0.14069515 0.2513978
 11675 0.15660724 -0.05947736
 9897 -1.1403054 -0.8121443
 2206 0.19061202 0.18024708
 9560 -1.2884727 -1.4398894
 3577 0.8942486 0.7549764
 10315 -0.08677401 -0.1950154
 10142 0.71010035 0.701202
 4574 0.45999113 0.4754411
 8792 -0.408362 -0.4605711
 8970 -2.2967649 -2.2042515
 10549 0.04044885 0.047808155
 9514 1.1181458 0.5555196
 4035 -1.9766656 -1.4763116
 8894 1.0342673 0.9801842
 8246 1.0470957 0.98844707
 10997 -1.7383814 -1.7795986
 2535 1.3005426 1.2809964
 1744 0.16661601 0.40056908
 2002 1.2479179 1.3932152
 725 2.3277507 2.0559666
 4116 0.43323 0.46470487
 9575 -0.45656076 -0.40583974
 657 -0.7281631 -0.67243826
 1047 -0.52334917 -0.57988334
 6743 -0.029791774 0.06151317
 8504 1.6049863 0.72467315
 6347 -1.4035937 -1.169279
 6666 -0.36338854 -0.271645
 4060 0.5324518 0.30109733
 7386 0.40570566 0.44201738
 2294 -0.06912137 0.081566095
 6188 0.29660577 0.19236173
 1274 0.39475718 0.46729052
 6597 -0.86487037 -1.1492687
 11467 -1.2843677 -0.8685807
 10755 -0.9428781 -0.97108686
 8181 0.90863514 0.5804213
 6518 -0.6398128 -0.63018024
 781 -1.6809096 -1.608404
 4493 -1.2891301 -1.4195422
 4288 0.6182942 0.5594238
 2127 -1.5990297 -1.4439602
 2662 -0.9550561 -0.77716017
 11716 0.6010953 0.6547437
 6002 -1.2045653 -0.58095545
 5415 0.3306037 0.29224783
 5719 1.0379611 1.0382646
 6694 0.945625 1.3099089
 10165 0.48540223 0.8153241
 5751 0.31851193 0.64496803
 10907 0.029404547 -0.5244937
 5176 1.4614278 1.521283
 7755 -1.3835418 -1.4950835
 9372 -0.616476 -0.6127954
 432 -0.39897802 -0.5406792
 3543 -0.3505959 0.13004361
 277 1.0602267 0.88774407
 5492 -1.4241811 -1.4818884
 3184 1.602417 1.9787434
 6274 0.38651508 0.29094714
 2938 0.19332393 0.16328682
 8929 3.6244395 1.8922442
 6370 -1.0902721 -0.44363517
 11440 -0.37879363 -0.47306383
 6322 1.3079829 1.1176836
 10363 1.4588946 1.3210833
 3178 -0.4375279 -0.42647302
 4564 1.8959671 1.9978346
 1360 -0.39638942 -0.36394477
 4520 -0.44592813 -0.43716925
 11564 0.15727879 0.34827948
 2184 0.8890283 0.89462626
 10724 -0.48459026 -0.5939112
 6977 2.2522252 1.6260251
 7477 1.160323 0.684337
 1026 0.07742179 0.37146908
 3161 0.3214755 0.52496684
 5426 0.4443903 0.47003448
 5204 0.48965117 0.9255644
 2309 -0.638687 -0.5045205
 3637 -1.28643 -1.3273169
 7819 0.29382557 0.72844577
 5477 -0.4746874 -0.37401712
 3185 -0.1472424 -0.19541027
 2876 -0.24642016 -0.30524093
 7775 -0.1662872 0.26415157
 3330 1.0105354 0.44064713
 8091 -0.33846977 -0.0863516
 11097 -0.5206496 -0.4196049
 4416 -0.1469834 -0.6653254
 708 -0.5896741 -0.021682486
 10396 -0.13382815 0.17091502
 4019 0.79593354 0.41247523
 11327 -0.43739632 -0.24727604
 11304 -1.215571 -1.1899444
 3318 -2.2474384 -2.3126705
 5875 0.3510842 0.32962638
 4920 -0.38641503 -0.37917426
 11458 1.1204865 1.3137788
 2748 0.694042 0.7788243
 9837 1.1793294 0.7323963
 7451 -0.6562039 -0.10265452
 1942 -2.3462274 -2.2433197
 8072 -0.07343631 0.015098438
 87 -0.8441964 -0.8517676
 2518 -0.94577616 -0.93708324
 1468 -0.18458664 -0.8858416
 8827 -0.9765295 -0.73759556
 2568 -1.4299601 -1.603715
 3102 0.18262756 0.012713954
 5008 0.7811716 0.7444965
 3704 -0.5811551 -0.94542015
 5314 0.6881983 0.7426151
 7420 2.472361 1.1788753
 6687 0.22156064 0.1932408
 4382 0.65281695 -0.11327614
 6931 1.0545585 0.81618863
 4822 -0.36017698 -0.4785245
 6823 0.37031102 0.37613177
 3072 1.7298956 1.8339127
 7686 0.8888541 0.6447532
 1339 -0.34808475 -0.3254525
 2339 -0.23761103 0.042792976
 9782 -0.8467309 -0.9476143
 686 3.5881262 3.477555
 10469 -0.3288534 -0.612408
 5481 1.412711 1.4918479
 9659 -0.5746834 -0.51161104
 8422 -1.8364246 -1.8113487
 5908 0.7016781 0.7830106
 522 -1.4160284 -1.3173194
 2181 0.06613591 0.088652775
 11769 -0.23067494 -0.13047038
 7127 -1.6413971 -1.527731
 2744 0.07663884 -0.20725764
 2303 -0.12306806 -0.3315059
 9935 -0.7639108 -0.699055
 8680 0.13137628 0.4146849
 10452 -1.3004847 -1.236812
 6406 -0.40090102 -0.07651539
 3440 -0.1665595 -0.6655075
 10543 -0.8207848 -0.8279779
 7297 -0.8738963 -0.87665224
 5965 0.3108768 0.5139059
 3968 -0.91982 -0.87612927
 11010 0.23108487 0.26985252
 5687 -0.20047672 -0.23211008
 7779 0.04717637 0.056020513
 10465 -0.081800334 -0.33562803
 4140 0.28112963 0.26878726
 8740 -0.11458669 0.6903241
 6289 -0.1175411 -0.09066272
 652 0.14040086 0.1641634
 8313 -0.71067965 -0.34309572
 10092 0.03222235 0.32867068
 9512 -0.03442852 0.058278307
 302 -0.23766924 -0.27791524
 1374 -0.6904457 -0.63248336
 10912 -0.18249588 -0.1904808
 1910 -0.38370404 -0.42885816
 10989 -0.8881485 -0.81552744
 4833 0.50622016 0.6072229
 11681 0.14480244 0.023948222
 9634 1.8640312 1.7029874
 6999 -0.39746025 -0.13315439
 9882 0.1527131 0.1498573
 2534 2.279579 2.0151865
 1023 1.3062588 1.3246773
 1101 0.14483407 -0.37993795
 2927 0.33174878 0.28931248
 2924 0.24441661 0.28508192
 9684 1.4198222 1.6467313
 932 -0.04278887 -0.12554556
 6127 -0.098393604 -0.31644368
 10086 1.7755145 1.806152
 7042 -0.23462959 0.35333437
 9172 -1.0835171 -0.18725237
 2925 -0.47185355 -0.38341314
 1180 -0.6591607 -0.6152643
 2233 2.0490186 1.6862038
 10708 -0.7760681 -0.6854629
 8187 0.48616776 0.49716115
 9978 -0.2543716 -0.063733175
 11175 1.0367069 0.56984246
 10048 -0.5228761 -0.23722667
 10502 -0.4573671 -0.5083951
 6354 0.27136108 0.31352776
 764 0.9690375 1.1088425
 8681 0.08681172 0.084823266
 4393 -1.0174947 -0.3725323
 9003 0.32860002 0.35180604
 3620 -0.0113571 -0.444346
 10491 -1.1643409 -1.1492035
 4983 0.2497405 0.19624843
 9473 0.535199 0.068060115
 10024 -0.15718102 -0.25392798
 886 -0.14155224 -0.27274173
 4470 -0.7992761 -0.98572445
 7599 -1.3166466 -1.3277556
 11723 -1.2469336 -1.0880765
 2565 -0.13547474 -0.10138106
 1231 0.41766816 1.7807794
 1749 2.5255885 2.4690168
 10308 -0.48706108 -0.06564252
 10953 -1.1682203 -0.7074544
 4067 0.2858177 0.46997088
 635 -0.7382952 -0.5371183
 7097 1.4306804 1.6988794
 1608 -0.650627 -1.0041956
 7264 0.654464 0.63193125
 9470 -0.08382464 -0.11473787
 11265 2.83413 2.0612965
 4638 -2.4792004 -2.0578053
 3049 -1.110435 -0.99585223
 3111 0.66745466 0.78269804
 11485 -0.9625253 -0.92476106
 338 -0.7837023 -0.7123032
 8537 0.85306656 0.90158904
 9072 -1.4010032 -0.7580964
 6781 -0.00643156 0.12343912
 4134 1.1008278 1.2111636
 9245 0.38354328 0.101195246
 9350 0.056012087 0.06518787
 9147 1.0144162 -0.44803745
 5135 1.8529932 1.701073
 436 -1.4092394 -1.4979678
 10691 -0.3845952 -0.16700068
 3886 -1.1065078 -1.0051397
 10370 -0.08409006 -0.4512952
 1876 0.1745528 0.13497408
 5250 0.90343773 1.4170018
 5095 -0.9451092 -0.8714661
 10006 1.3068281 1.2762238
 10113 1.0333422 0.64495564
 6220 1.6905504 1.8074292
 11125 0.5818479 0.63229686
 4191 -0.44566363 -0.4036948
 7162 2.709379 1.8770071
 1508 -0.77726036 -0.7435656
 7417 -0.36973742 0.03499435
 4257 0.4410412 0.25050324
 1220 -0.3104673 -0.38976043
 4052 0.33040932 0.5084748
 1354 -0.7332766 -0.8928745
 10020 -1.1346139 -0.92892265
 5648 -0.2189004 -0.110874236
 10634 -0.060017027 -0.27541667
 9352 -0.5231841 0.1536106
 482 0.357952 0.104645506
 8425 -0.7565364 -1.131582
 8955 1.3419313 1.5579822
 3889 -0.12413064 -0.12759686
 7279 2.7137043 2.1863449
 5497 0.19765584 0.22521909
 5868 -1.1112821 -1.0895499
 4820 -0.85022575 -1.1280154
 4815 1.3499773 1.4322025
 11295 1.1396455 0.9722643
 2520 -0.4613236 -0.42157704
 6795 -1.0896436 -1.1481298
 2940 -0.3053075 -0.26816732
 8508 -0.0021482434 -0.07510754
 4482 -1.2379581 -1.0722268
 6180 0.9641642 0.86235607
 2113 0.59808224 0.680976
 8335 -2.0072591 -1.7011678
 8450 -1.0326926 -0.9170641
 7920 -0.5192914 0.0011392683
 8671 -0.8700118 -0.52690846
 1943 -2.520223 -2.1479757
 7518 1.4615887 1.0194212
 2941 -0.60406613 -0.5651482
 998 -0.8311007 -1.3942469
 9786 -1.5611917 -1.521147
 11792 0.7778216 1.0306436
 5632 -1.7076138 -1.7957782
 2842 0.405289 0.43636352
 7781 -1.2323513 -1.5850316
 10709 -1.2233094 -1.0924422
 953 -1.2198263 -1.2781329
 10867 0.19883898 -0.80905545
 2914 0.5868798 0.56061095
 1239 1.3169309 1.4595394
 4749 0.56283426 0.33955073
 158 0.1603588 -0.19958068
 5225 0.03314374 0.008928895
 10171 -1.2447063 -0.9744945
 8858 -0.17668653 -0.15216814
 7631 -1.7228392 -1.5311038
 911 0.10591475 0.13419776
 9732 0.5470565 0.21517731
 7982 0.5639876 0.47622967
 2209 0.74171776 0.69647896
 5305 -0.06896551 -0.06852402
 11680 0.90274006 0.9740436
 9057 0.7173995 -0.09056601
 1141 0.09500338 0.3025055
 5260 -1.144585 -1.5512767
 7088 0.34229663 0.89010155
 753 -0.3423483 -0.27553177
 11179 -1.4375838 -0.72961116
 2071 -0.38694128 -0.35099632
 2117 -0.04539627 -0.14235364
 9479 -2.0025578 -1.7775638
 7884 0.0177304 0.017573208
 10067 0.38162944 0.19762866
 817 0.60010517 0.37998086
 2031 0.32682416 0.27086538
 2380 -2.5811753 -1.8378053
 3196 0.23440096 -0.046849966
 2918 0.25498968 0.36708814
 145 -1.0334384 -0.8768957
 7794 1.3168094 1.0183985
 4059 0.21623813 0.052797213
 5443 -0.3309249 -0.35225946
 11728 -1.1107384 -1.3405266
 7158 -1.5681068 -1.8831816
 3503 0.03849376 0.036951065
 9658 0.087545164 0.04055293
 5037 0.43000975 0.2938993
 3426 0.61693084 0.6124096
 5313 0.21736717 0.19428833
 9178 -0.1757381 0.27084798
 4666 0.47963828 0.27902365
 3217 -0.4415884 0.18047716
 1209 -0.016198292 -0.023692273
 651 0.7690363 0.47974408
 6209 -0.5656034 -0.67463684
 1622 0.7814668 0.9672867
 3435 -1.5876315 -1.6008974
 473 2.19409 1.8882068
 4262 1.4914169 1.3150638
 6653 0.6056358 0.47235644
 4595 -1.1258295 -1.1185038
 2219 -0.67231727 -0.2680828
 230 1.63465 1.058048
 7177 -0.082211524 0.048320606
 4193 -0.59415865 -0.5445932
 11323 -1.0040355 -0.7601543
 7020 0.26200965 0.10985507
 3419 -0.8974573 -1.0874655
 2221 -0.0076252413 0.070840955
 8627 0.39275166 0.054268822
 11026 0.12220914 0.12707089
 6427 -0.3319728 -0.44935977
 11337 3.5267975 1.8936597
 7502 1.5387769 1.5681033
 9456 1.7999455 2.0768483
 5350 0.46134615 0.12939651
 8943 -0.9619596 -1.0043688
 10499 0.26521894 0.3040856
 11273 1.3412368 1.4023961
 9515 -0.8509972 -0.7717011
 656 -0.08387277 -0.29880875
 752 1.11803 0.8885468
 3123 0.20500816 0.59031665
 7685 1.0385447 1.0480928
 6830 -1.0660157 -0.88264525
 4234 -0.3098471 -0.33809215
 4727 -0.33886123 -0.35399932
 5773 -0.14363201 0.086677775
 10391 0.044709247 0.025195435
 4716 -1.6020381 -1.8303682
 5094 1.2091187 0.46385235
 10635 -1.0142858 -0.94501424
 9840 1.1920859 1.0051855
 6601 -0.064754166 -0.24261385
 5712 -0.09595765 -0.1892393
 4123 0.9461705 0.94796324
 2698 0.029692883 0.008434221
 3604 -0.2108733 -0.21595323
 1525 -0.1500735 -0.03709224
 172 -0.17253661 -0.46617347
 8779 1.2579217 1.3837789
 5700 0.15341309 -0.5752429
 6788 -0.7189043 -0.16644928
 5810 -0.83189785 -0.69259965
 9739 -0.7303671 -0.65826964
 3452 0.63289064 0.31149864
 4823 -0.9363473 -1.0128052
 1241 -0.29936296 -0.32178944
 10818 -0.3794542 -0.30472472
 3500 0.34650844 0.19670905
 3188 -1.3590329 -1.3836225
 11755 -0.44937852 -0.51719666
 624 -0.22350597 -1.0015949
 6560 -0.058716998 -0.044415116
 1145 0.112490535 0.13717495
 10994 -0.9380626 -0.9016949
 11406 1.51695 1.5540808
 5728 0.24215713 0.2871557
 7892 0.040693637 0.12004687
 7030 2.3812633 1.8637332
 9349 0.5495012 0.4462093
 740 -0.36011234 -0.43585533
 3756 0.26660377 0.39063495
 9390 1.7111148 1.9591852
 1048 0.55074024 0.7441801
 9316 0.3041309 0.18288694
 9386 0.5119891 -0.30714673
 7493 1.2025516 1.0473778
 5308 0.43175626 0.32873946
 2966 0.60996133 0.7271502
 4713 -0.14674549 0.059519112
 282 -0.7881924 -0.24527512
 7163 -2.515229 -2.187486
 1460 1.325653 0.7468193
 11650 0.2991545 -0.28051808
 11394 -0.7432299 0.31964755
 4959 -0.5455258 -0.83066463
 2494 -1.0306976 -1.1091214
 4220 -1.2941239 -1.1959418
 6017 -1.276673 -1.2341523
 3375 -1.0681399 -1.0657262
 3156 -1.3292063 -1.2709819
 1345 1.4333336 1.2237111
 2228 -1.0714835 -0.9749736
 7832 1.382081 1.4825593
 9357 1.94902 1.3170371
 408 -0.68838567 -0.7684269
 9727 0.09626536 0.30041814
 3925 0.22048752 0.28869832
 7414 0.699977 0.7558297
 10361 0.6420816 -0.1332313
 7969 -0.7952256 -1.0081533
 2185 0.20003541 0.7515639
 11636 1.4749951 1.5922903
 6672 -0.88335454 -0.83720046
 7994 0.31576565 0.5051867
 2634 -0.8316971 -0.892342
 1752 1.8276385 2.417541
 3064 -0.17442386 -0.11886706
 9735 -1.1800361 -0.9872074
 4033 -0.64187706 0.48698306
 8711 -0.9009792 -0.88840806
 2020 0.26844013 0.50556403
 4398 -0.8792312 -0.9528171
 205 -1.5964617 -1.7082596
 11431 0.53561753 0.2208484
 37 1.2528118 0.58069247
 2146 0.14535299 0.23272048
 2444 -0.035988923 -0.11412997
 5109 -1.6769229 -1.4712389
 4761 -1.2449102 -1.2510898
 1934 1.0424548 1.250363
 10795 -0.14124878 -0.9841609
 2902 0.620236 0.3112502
 868 0.85191506 0.5592567
 459 -0.23278221 -0.29752743
 8713 0.21330571 0.4052828
 7739 1.5311848 1.4212751
 4436 1.1810365 -0.2829762
 8606 1.2157274 -0.2922697
 9819 -0.2079221 -0.17082104
 286 1.8763287 1.7813612
 7236 1.2471217 0.57170665
 5597 0.08833178 0.270415
 3425 1.0080531 0.8977598
 241 1.4233533 1.2580923
 9994 0.975137 0.65884614
 9354 -0.32255217 -0.17748818
 8645 0.6079512 1.1071709
 1821 0.37627897 0.83523846
 8332 2.462985 1.4505332
 8866 -0.5857956 0.016690701
 5165 -0.0004232731 -0.016260028
 9428 -0.7624879 -0.8680684
 9343 -1.7808864 -1.7691033
 8734 0.40565526 1.1426314
 7325 -1.6129353 -1.2152973
 9676 1.583005 1.5898501
 55 -0.24772799 -0.1937283
 8614 1.0381641 1.1649806
 4057 -1.8051666 -0.42135024
 10392 1.1517959 1.0730869
 2635 -0.7067259 -0.30260372
 9838 1.5344477 1.2864993
 9146 -0.6105736 -0.40810192
 3402 -0.4595821 -0.87875026
 5336 0.007878862 0.0005712509
 2000 0.06817902 0.88290787
 11100 -0.93808144 -0.8448274
 5347 -1.7468389 -1.0740567
 636 -0.6528869 -0.7104155
 9373 -0.25307387 -0.16177994
 1465 -1.3748821 -1.0807889
 3959 -0.15465294 -0.26036954
 8298 -0.19655783 -0.15846834
 11617 -0.18475854 -0.22490995
 2472 -0.49866736 -0.810608
 1526 0.15489143 0.1227137
 8994 0.5410317 0.51468515
 9697 0.34998038 -0.90542465
 3939 2.038035 1.3106526
 11479 1.6480702 1.6184795
 4386 0.5196967 0.5514715
 7853 -0.038219053 0.03474836
 8327 0.17950079 0.064140186
 1924 -1.1301875 -1.1822404
 10000 0.3050523 0.32247198
 9268 0.03989968 0.058587804
 11778 0.10472336 0.39890325
 5124 -0.018138712 0.2389843
 7813 -1.4123204 -1.2600727
 2887 -0.034156688 -0.16296926
 175 -0.004066201 -0.13132219
 4738 -0.16521591 -0.20929727
 2626 -1.6390111 -1.6763772
 7858 -0.7484777 -0.9180136
 7931 0.79675823 0.4653647
 8415 0.17904514 -0.30409718
 78 -0.26341042 -0.25758374
 4420 -1.1388696 -1.2261664
 9733 0.2842532 0.38890326
 2993 2.6346898 1.6672518
 3302 0.531722 0.3029173
 10123 -0.29996485 -0.23495293
 9876 1.6101837 1.5790232
 11437 -0.9075559 0.07683407
 11258 0.37381825 0.49271762
 376 0.50079036 0.6723436
 7376 -0.12680174 -0.1095356
 1264 0.9419954 1.0999416
 456 -0.06578282 -0.17964071
 3424 1.0020915 0.5450144
 8280 0.8304554 0.8457254
