 10111 -0.25682178 -0.19691136
 304 0.9075987 0.5819652
 10383 -0.3537749 -0.5258502
 5284 -0.56121874 -0.5538533
 1038 -0.48946494 -0.6267476
 4909 1.0222191 -0.15078941
 2539 -0.048169605 -0.5159949
 5295 -1.0693882 -1.1207424
 1108 -0.80049086 -0.59494686
 9168 -1.0582398 -1.0257653
 1126 0.49629387 -0.070464045
 9474 1.5669572 0.35655072
 1109 1.0619181 0.61573195
 5026 -0.9397257 -0.6987449
 11071 -0.65664816 -1.2111572
 7850 0.3662977 0.8484664
 302 -0.23766924 -0.37893412
 3605 -0.24157667 -0.24438757
 4914 -0.46336988 -0.487475
 2534 2.279579 1.4471911
 1623 -0.8698839 -0.8280014
 5293 -0.428358 -0.7087834
 2781 -0.18946221 0.041172244
 10708 -0.7760681 -0.1147663
 1448 -0.51251525 -0.55637133
 1117 -0.5102604 -0.8706014
 10502 -0.4573671 -0.47720084
 5062 1.4695796 1.3067651
 7656 -0.2513535 -0.6421157
 10491 -1.1643409 -1.0184778
 4025 0.65536934 0.6577406
 9473 0.535199 0.57255435
 287 -0.90386486 -1.3607173
 4866 1.3777335 1.328473
 9470 -0.08382464 0.07793261
 5663 2.4684987 1.7233535
 2964 -0.23810793 -0.28448156
 7556 -0.1682785 -0.45046976
 2589 -0.23977928 -0.25123343
 338 -0.7837023 -0.6640216
 6476 -0.9431633 -1.3379995
 5713 0.9594642 0.7160046
 5292 -0.20210864 -0.24966261
 6058 -1.1254046 0.55162776
 1449 0.10634977 0.08379712
 10113 1.0333422 0.8854208
 4868 0.34247127 0.5935904
 2594 0.35698983 0.39961866
 4874 -0.6650855 -0.20421523
 2959 -0.5153354 -0.4845313
 1626 -0.7488806 -0.33865896
 5868 -1.1112821 -1.0687217
 1630 -0.37609503 -0.39995334
 5052 -0.7943671 -0.8954203
 2359 -0.8682483 -0.80780005
 10709 -1.2233094 -1.1802515
 7842 -0.33749747 -0.44169036
 7649 -0.24980271 -0.3908634
 5056 0.5712611 0.4861644
 9162 -0.02399527 -0.042027377
 1620 -1.0781817 -1.118084
 5714 -0.54657596 -0.3407015
 10492 -0.080293104 -0.33041683
 7847 -0.95828414 -0.39232448
 4027 -0.5036539 -0.25027215
 1622 0.7814668 0.91285336
 2969 -0.29207665 -0.53351295
 10499 0.26521894 0.21488263
 4869 -0.012678675 -0.35660288
 1041 -0.44134456 -0.45910832
 2356 -0.528657 -0.5307995
 4916 0.046204098 -0.07878967
 11068 -0.8769373 -0.7288697
 2355 0.25418654 0.3020401
 1616 -0.1535578 -0.26147756
 5712 -0.09595765 -0.24510059
 3604 -0.2108733 -0.12955332
 2962 -0.76062995 -0.6709397
 1633 -0.7963304 -0.69054604
 1450 1.2444913 1.2604336
 2966 0.60996133 0.47705802
 5659 1.021587 1.0661141
 1121 0.42166498 -0.34344113
 7548 1.3636554 1.4921976
 5186 0.31754607 0.06625095
 7843 -0.09516599 -0.5409045
 205 -1.5964617 -0.7650857
 7550 0.92632765 0.8182459
 7553 0.56656843 0.65967584
 286 1.8763287 1.6641966
 4296 0.8068697 0.3852097
 5028 -1.0159022 -0.78708005
 893 -0.22736618 -0.12216371
 5029 -0.52873266 0.71569395
 5300 -0.50350446 -0.45336553
 7541 2.0234137 2.111412
 1453 -0.883851 0.17284103
 1635 0.071236566 0.12935382
 5717 -1.7005833 -1.4919716
 7845 -1.2386512 -1.2043706
 1451 0.5650846 0.4207177
 4295 -0.1608831 -0.39830875
 7853 -0.038219053 -0.53606164
 4872 -0.5060779 -0.68944335
 9268 0.03989968 -0.21145093
 7858 -0.7484777 -0.6603439
 9264 -0.12309373 0.67520106
 4865 0.16402969 -0.623487
 7852 -1.4889767 -0.8517364
 2788 -1.4120893 -1.1821455
 2960 -1.2251269 -0.5776342
 6057 -0.22745787 0.07172415
 9158 -1.2116297 -1.1031511
 10714 0.47740036 0.10209024
 3602 -0.40557307 -0.107268095
 5871 -0.55847293 -0.6135088
 5181 -1.4427367 -1.0539511
 10712 2.0052764 1.4872984
 5299 -1.0472877 -0.7576606
 10385 0.44757894 0.5735841
 9258 -1.3456525 -1.4638841
 2965 -1.112202 -0.9897398
 2354 -0.14020179 -0.032924525
 10487 0.8091438 1.0464936
 5051 -0.9544501 -0.95173
 9164 0.12041495 0.22829331
 1613 -1.5978653 -1.5108057
 9471 0.43409777 0.4083157
 1619 0.28650075 0.2468583
 7549 -0.61915535 -0.66645527
 11074 1.1912144 0.63307905
 2593 0.40273705 0.44591722
 10387 0.7686783 -0.65269697
 6061 1.4017823 1.2767588
 4289 1.3520977 1.4720186
 7543 1.2004352 1.4111099
 4912 -1.0493573 -0.4636949
 1634 -1.0408229 -1.2630957
 1116 -0.23232657 -0.32834798
 7542 0.17734125 0.096579686
 7659 1.4650213 1.2588176
 2792 -0.25309497 -0.32938343
 2548 -0.31443158 -0.6078596
 11069 -0.55108666 -0.621771
 3542 -0.23900549 -0.27596882
 7552 -0.43870232 -0.90000236
 10117 0.6979701 0.9859433
 3539 0.49929917 0.9895382
 3536 -0.66244555 -0.39533928
 10488 -1.4628652 -0.29589838
 9266 -0.62545156 -1.0241102
 7540 0.045096595 -0.55100274
 9165 -0.53989154 -0.59082544
 7654 0.966288 1.2828299
 3601 -1.1220944 -0.97742724
 9261 -0.9436263 -0.80893266
 4907 -0.7086452 -0.97037446
 9166 0.11581762 -0.22901979
 1628 -1.829478 -0.8724228
 3538 -1.1081145 -1.1136049
 1010 -1.3628894 -1.1652291
 1618 1.6426047 2.0675116
 5862 1.3258418 1.229397
 5060 -0.53372467 -0.4911485
 1617 0.7511755 0.90378404
 2954 -0.59888756 -0.5222181
 5058 -0.16030642 -0.17570312
 201 -0.4893957 -0.47956273
 1627 -1.4418722 -0.9341247
 4297 -0.09217537 -0.20710084
 2544 -0.5774558 -0.25357863
 1113 -0.32015932 -0.49158028
 301 -1.1437535 -0.6815853
 1004 1.2800974 1.2369329
 9467 -0.30779526 0.15324485
 5865 0.1910067 -0.7880777
 5662 -0.48461366 -0.46489063
 1615 -0.4106774 -0.35551074
 5183 -1.0865521 -1.1573181
 1447 -1.0499171 -0.9631016
 10704 -1.1593745 -0.8452922
 5867 1.6425918 0.88154495
 9169 0.41011596 0.13756293
 2536 -0.9407356 -0.75584626
 7851 1.2389235 1.0916364
 10500 -0.85744745 -0.49756232
 1035 -1.7384552 -1.5185268
 5288 -1.7204615 -0.6537918
 2588 -1.0238591 -1.0777614
 202 1.2567532 1.087042
 2783 0.5454879 0.4068778
 7848 1.125588 0.8223647
 299 -0.99767333 -0.5689428
 4032 -1.3316534 -1.2954357
 10497 -0.8571027 0.5368836
 1446 1.4211562 1.7182058
 1444 -0.96367496 -0.79502356
 1621 0.21753998 0.209671
 1008 -0.4417681 -0.5281222
 11079 -0.29431638 -0.6990218
 3600 -0.9487214 -0.79636145
 347 -1.583063 -0.7507837
 10112 -0.21058406 -0.91965353
 3534 -1.0325551 -0.8400631
 4908 -0.19813521 -0.44904676
 285 -0.6859942 -0.3342246
 10495 1.11258 1.1093231
 342 -0.5298021 -0.6512853
 3606 -1.1897515 -1.356083
 1107 -0.13474816 0.17278278
 2357 -0.2769145 -0.39773318
 303 -0.5392745 0.061910763
 7655 1.2561737 0.9378592
 11078 -0.029776646 -0.23458746
 4876 1.2592882 1.2858461
 4913 0.69880027 0.7884958
 4029 -0.5579939 -0.34135094
 10106 -1.1484296 -1.1585943
 7555 -0.87159467 -1.1877278
 1110 -1.3947828 -0.74618745
 2782 -0.5465819 -0.33924326
 284 0.37458745 0.8228388
 10381 0.05011565 0.19788614
 10489 2.0145721 1.6066854
 7663 0.4763011 0.45769995
 5667 -1.3474728 -1.4182345
 2591 1.2536851 1.0593281
 9260 -0.6200337 -0.37988266
 5055 -1.1530155 -0.9595512
 7657 -0.80047435 -0.5995823
 5720 -0.91751105 -0.5472791
 5869 1.6361874 1.343268
 305 -0.17383343 -0.36043033
 5190 0.1997081 -0.09914875
 2789 1.7221532 2.1356163
 9163 -0.09546028 -0.97057223
 6475 1.3330594 1.3926132
 307 -0.9454567 -0.78489125
 11073 0.2971059 -0.72316384
 4911 -0.0041212095 -0.13584246
 5368 1.9023949 1.6412014
 10711 0.0062318207 -0.11329366
 345 0.023041455 0.26425612
 5296 1.0427477 0.6913036
 10379 0.93353736 1.1773448
 7855 -0.95857936 -1.5097883
 7664 -1.0155827 -0.7656634
 2785 0.45134565 1.0430171
 7856 -0.21233653 -0.47093853
 1114 0.344987 0.27554923
 5187 0.19566867 -1.7021294
 9259 1.1101215 1.2609345
 289 1.0616642 -0.16311401
 3535 -0.33516192 -0.46197018
 5371 1.387249 1.5243034
 2958 -0.115380645 -0.24495035
 10498 0.7357168 0.80370665
 9271 0.7026197 0.5448352
 4026 -0.11876457 -0.20557085
 5665 -1.1196085 -1.0643681
 1115 -0.5628108 -0.509748
 2967 1.3654273 1.4263302
 7647 -0.53054655 -0.6016048
 5188 -0.078791834 -0.17376454
 7551 -1.8525527 -0.9173267
 7650 -0.5293804 -0.20962015
 10702 0.029474225 -0.41346404
 894 0.36992458 0.47481135
 337 0.28669006 0.35310307
 5861 -1.0114117 -0.80698013
 306 0.41245565 0.9231944
 5294 0.57713646 0.7294588
 7545 2.0341742 1.1475936
 2542 -0.5640031 -0.017205857
 10707 -0.6136014 0.21245393
 7652 -0.08452737 -0.53910816
 341 -0.22925068 0.31150198
 204 0.97558576 0.92731214
 10494 -0.14280643 -0.20268741
 5184 0.0048075626 -0.040331632
 4915 0.7536211 0.58006895
 5863 -0.23527639 -0.3004569
 10705 1.2111475 0.8739766
 5064 0.52493304 0.5892805
 206 -0.21609223 -0.18488258
 1124 -0.36934915 -1.1218337
 5050 0.48613384 -0.2786425
 7849 -1.3072915 -0.7625741
 7846 -0.2629245 0.043579657
 2358 -0.25323203 -0.3114628
 11070 1.1223109 0.18054523
 2957 0.5954079 0.7069268
 1625 -0.5987757 -0.6068487
 1037 -0.64457244 -0.24202934
 1454 1.0341175 -0.38243532
 1631 0.33437726 0.35563454
 5661 0.3978482 0.48605725
 1457 -0.153126 -0.28683996
 5053 -0.5032537 -0.467702
 2955 0.87868994 0.78001964
 9257 1.239476 1.4613912
 5025 -1.1391717 -0.7883496
 10382 -0.09051916 -0.19378456
 7658 0.4102104 0.7995229
 1118 0.05206524 0.15868431
 2596 -0.04933074 -0.25503257
 2790 -0.45585483 -0.39144093
 10493 -1.5961647 -1.6593333
 10118 -1.6599808 -1.238051
 1011 -0.6941973 -0.42454067
 9157 1.284999 0.2283298
 5715 -1.4415797 -0.7922549
 2595 -0.56635284 -0.5857252
 11076 -1.0374444 -1.4497067
 10496 1.4514351 0.57030725
 344 -1.3838191 -0.98553336
 1122 0.66274273 -0.23336646
 9159 -0.16639172 -0.2563694
 10119 0.027256012 -0.08779037
 9265 0.35643974 0.25861996
 9160 -0.22691832 -0.14486992
 5049 0.13143541 -0.69587016
 1123 -1.1571957 -1.129523
 11072 -0.8614066 -0.69842196
 290 -0.541446 -0.21221587
 7554 -0.4963286 -0.32542497
 2549 1.2297491 1.292227
 10114 -1.2085758 -0.99731314
 2599 -1.1581662 -0.68789756
 5031 -1.0150707 0.059835766
 5185 -0.8596276 -0.82773995
 4028 -0.8889718 -0.8220004
 298 1.3660814 1.6219801
 2597 -0.18537739 -0.62110984
 5298 1.7059972 1.1566807
 1007 -1.0802977 -0.9803401
 2585 0.9618002 1.2799151
 9270 0.5983793 1.1760799
 4867 -0.920344 -1.1623694
 2537 1.5671327 1.4310454
 3599 -0.102789685 -0.8521198
 5291 -0.08039258 0.058464766
 10120 0.12109751 1.0807625
 2545 -0.25537965 -0.12586999
 6477 -1.1036528 -0.71762145
 1611 -0.5466626 -0.38987666
 7662 -0.2565119 1.1437268
 1112 -0.48107386 -0.81623554
 1629 -0.060927417 -0.13952231
 5182 -0.2565999 -0.47328642
 4910 -0.5917635 -0.6534343
 4292 1.016022 1.1943499
 3540 0.18890813 -0.46188954
 892 -0.49895847 -0.41264164
 4871 1.0522128 0.8246095
 2543 2.2139242 1.3811265
 200 0.007835314 -0.070932016
 5054 -0.29038924 -0.48124436
 2968 0.78893095 0.61219084
 2963 -0.7406262 -0.5616857
 891 -1.0770307 -1.1539837
 1456 -0.28020996 -0.67218614
 7646 -1.169198 -0.36583984
 1009 0.33208755 0.20257054
 10703 1.727423 2.3461704
 4291 1.080973 -0.286815
 1624 1.2017815 1.0849193
 7648 -0.94254535 -0.53431666
 5660 -0.6124036 -0.38554096
 2592 -0.32801083 -0.9451481
 5189 -0.92696655 -0.38029367
 10108 -1.1565645 -0.9690169
 9272 0.88815826 0.70592916
 1042 -0.2372136 -0.60281944
 1445 -0.68859196 -0.44338176
 283 1.3805385 1.4803425
 10115 -1.6072048 -0.9730965
 10715 -0.8875893 -0.8731476
 2546 1.1238402 1.6521686
 5290 0.702258 -0.58298945
 10501 1.3514991 1.4595402
 3533 1.3196814 0.8671131
 2598 -0.6820093 0.4340954
 1452 0.73232096 0.39274955
 5061 -1.081975 -0.9550054
 1006 -0.6693152 -0.65527093
 4294 -0.49259308 -0.3605583
 7544 0.4992955 0.45176408
 7661 1.6955067 1.4734913
 2787 -0.5994023 -0.61650634
 346 -1.0200453 -1.2315
 2590 -0.79542965 -0.6297835
 4875 1.0883296 0.8242706
 300 1.6953512 1.4017642
 5180 -0.41013464 -0.38738325
 7546 -1.0952948 -0.93881595
 7854 -0.48112613 -0.5145049
 7857 -0.7287921 -0.6074226
 2970 -1.1688612 -0.6701101
 2541 -0.5846931 -0.5704367
 2360 2.0142057 0.9718158
 2587 -0.29416144 -1.065286
 2956 1.3491439 1.6273359
 4290 -0.41536638 -0.7089484
 1111 -0.53041863 -0.569371
 10486 1.1844227 0.7326236
 10710 -0.48427764 -0.59346247
 1632 -0.48662055 -0.53020644
 2961 -1.3180681 -0.7302463
 5063 1.373061 0.86520696
 10380 0.7297205 0.42003557
 4918 -0.34283558 -0.5931325
 10107 -1.2021412 -0.55728114
 4030 0.5412027 0.19757077
 7651 1.5144324 0.8157151
 4870 -0.2162224 -0.46647868
 9468 -1.3863839 -1.1043445
 5027 0.41864365 1.0572709
 7660 1.3480922 1.6269182
 4031 -1.0074896 -1.3096443
 5370 1.4303416 1.5620922
 1612 1.45899 0.79894376
 2786 -1.1767242 -0.7658973
 5287 2.0168338 2.0354629
 5664 -0.88356906 -0.8321439
 339 -0.3446926 -0.6454997
 11075 -0.5074348 -0.42121175
 7653 -0.5892565 0.28254312
 4873 -0.5566072 -0.37834108
 10110 1.1107445 1.2406831
 2791 0.95154256 0.9694251
 11080 0.4761851 0.13857576
 6063 -1.0533414 -1.0332597
 5057 0.36838755 0.49685442
 5289 1.7410014 0.59759414
 2538 -0.5113578 -0.20153067
 10713 -0.44082654 -0.6610576
 1036 1.138631 0.9997239
 340 -0.953486 -0.8824166
 9472 1.051871 0.6559615
 5718 1.310401 1.4572076
 5666 0.06337037 -0.20933065
 3603 -0.29593867 -0.42680234
 9269 -1.5333731 -0.9956862
 2586 1.8756108 1.4247726
 6474 0.5909257 0.6240945
 3607 0.38916788 -0.21921992
 9156 -1.116842 -1.0074178
 10122 -0.39452326 -0.46347395
 10384 -0.4310172 -0.85885656
 11077 -1.3107717 -1.1350528
 10716 0.92135715 1.3325635
 5059 -0.45008537 -0.13013172
 9161 0.38302436 -0.046619892
 2784 -0.6061995 -0.67007196
 5297 -0.6390574 -0.6192659
 1120 -0.0038117876 -0.015027456
 7547 0.854379 0.8077539
 203 -0.38574713 -0.4699944
 1125 -1.322191 -1.0369735
 1458 -1.39856 -1.6420944
 1455 0.6065462 -0.17264548
 9469 -0.07031643 0.25344536
 9167 -1.0890464 -0.9893776
 10706 -1.5064809 -1.2559751
 10116 -0.5070488 -0.5832063
 6060 -0.5820224 -0.66008985
 10109 0.66492385 -0.013959125
 5286 1.2788941 0.38980874
 9267 -0.49204895 -0.59054303
 5369 -0.26535726 -0.44184902
 5191 0.002761252 -0.6609317
 5716 0.5671753 0.27329564
 1040 1.4428184 1.541757
 9262 -1.1132128 -1.1934353
 5864 -0.56771934 -0.35663763
 288 -0.19213425 -0.36962312
 6056 -0.14234115 -0.46124318
 2540 -0.88133895 -1.1081744
 4917 -0.3758351 -0.33818743
 9263 0.37166283 -0.8850547
 2547 0.4840348 0.54792726
 343 -0.7319404 -0.5272535
 7844 -0.3060758 -1.3788441
 2779 -0.6191925 -0.3640922
 10490 1.7877433 2.1070435
 207 -0.5779459 -0.31723544
 5024 -0.5046248 -0.30924475
 10121 -0.6216028 -0.7649962
 6059 -0.5671198 -0.05278174
 5285 0.12973382 0.09777588
 4293 -1.4560924 -1.2239348
 6473 0.9849147 0.83843446
 1039 -1.0876175 -0.5386586
 2780 -1.3958724 -0.89230156
 1005 2.5397446 2.2777715
 3541 -0.55654854 -0.48203978
 5870 0.72032046 0.8844886
 1614 -0.17748828 0.021148302
 2535 1.3005426 0.4530308
 1119 1.4912584 1.4771332
 6062 -0.29962242 -0.40519395
 3537 -0.555777 -0.54149616
 5719 1.0379611 1.0865651
 5866 -0.3124247 -0.41698956
 10386 0.6278665 0.6542386
 5030 1.016335 1.063311
 9816 -0.053640645 -0.16890183
 9818 1.3410219 1.5386637
 9821 0.37288448 0.8755138
 4624 1.0001497 0.4142196
 4628 -0.029861908 0.02924208
 4626 -0.14989288 -0.27216998
 9811 1.0054609 0.39489833
 9814 1.8035178 1.4605821
 11421 -0.49832815 -0.49829212
 11419 -1.1424966 -0.86517024
 9820 -0.12192022 -0.5131787
 4631 -0.549397 -0.56831586
 11418 -0.57141227 -0.2919596
 9815 0.71814805 -0.8907325
 11423 -1.6333586 -1.0784286
 11424 -0.3943578 -0.7282275
 11422 -0.9025859 -0.7712593
 4625 -0.20635712 -0.12345852
 4623 0.36412212 -0.50691617
 9823 -0.1468523 -0.0004752949
 11417 -0.6706826 -0.63142943
 4629 0.35928872 0.71853626
 4627 0.81399184 0.1939336
 11416 -0.18186831 -0.19837055
 9812 0.37357208 -0.16615821
 9822 -0.14869049 -0.25362974
 11425 1.6792713 0.57305455
 4630 -0.94065994 -0.8524064
 9813 -0.551287 -0.49617633
 11420 -0.320284 -0.27470624
 9819 -0.2079221 -0.12663212
 9817 -1.1338053 -0.92060995
 8588 0.015733138 -0.13141216
 8589 0.19360676 -0.5705904
 8585 1.9517488 1.5513183
 8584 -0.032665044 -1.1160425
 8587 -0.97900397 -0.323728
 8582 0.064037345 -0.049047202
 8581 -0.02296157 -0.17842337
 8583 0.96055156 0.4430047
 8586 -0.44433334 -0.2186507
 8590 -0.75832653 -0.23175505
 7309 -1.1411535 -0.943632
 7310 -0.41377527 0.12710941
 7300 0.14532319 -0.012463532
 7308 1.1566187 -0.38808623
 7301 -2.1979675 -1.4558753
 7299 0.2688206 0.75580823
 7306 -2.4000993 -1.8770164
 7307 -0.19259861 0.6442442
 7305 -1.0273045 -0.6974517
 7304 1.0296379 -0.20380855
 7302 -1.5914894 -1.2893486
 7303 0.24136822 -0.1309717
 4071 -1.2863957 -0.4747264
 4069 -1.1639379 -0.23088297
 4070 -0.14905675 -0.0074836537
 1547 1.2407284 1.0406832
 1535 0.7125652 0.58681643
 1541 0.3555376 0.40756354
 1542 0.30875528 0.24302298
 1533 0.8341419 0.75799644
 1544 1.7608438 1.6057802
 1536 0.797874 -0.39465725
 1531 2.5992324 2.463525
 1548 -0.38397816 -0.35758653
 1532 1.1036117 1.2712858
 1537 0.66656077 0.6903511
 1538 0.47102168 0.445918
 1540 0.44857138 0.1050559
 1539 0.10324272 0.06257896
 1543 0.5953383 0.7744812
 1545 -0.76231873 -0.831617
 1534 0.8315606 1.2302028
 1546 -0.041093696 0.22013226
 8377 -0.55290514 -0.12593442
 8359 -0.53226876 -0.520116
 4601 2.0742428 1.4729804
 8376 -0.83132946 0.55921876
 8363 0.97792274 0.8780402
 4604 -0.32344055 -0.38245866
 8367 0.75606346 1.3611563
 4602 0.2932292 0.78449583
 8360 0.17069212 0.37518397
 8375 1.5315937 1.0609968
 4600 -0.75728595 1.1571203
 8368 2.1921065 1.28253
 4603 0.9475338 0.9279933
 8366 0.42739868 1.2039062
 8370 1.0519855 0.51466304
 8374 0.5726588 1.0029153
 8362 2.1183357 1.113555
 8373 1.7171612 0.870738
 8365 1.1737758 0.58370817
 8361 -0.23256172 -0.38490507
 8364 1.2761326 1.2163746
 8369 -0.93988156 -0.3525549
 8371 -0.3585767 0.76633644
 8372 0.24607694 -0.16808827
 8378 0.47347185 0.6994165
 4608 1.5631808 0.49103713
 4606 -0.8279726 0.8676758
 4607 2.4985552 1.6502019
 4605 0.5574105 1.0801371
 8358 -0.7811683 -0.64403296
 3429 0.25155944 0.2693843
 3430 0.6826237 -0.21163523
 3432 -0.79258573 -0.61545944
 3431 0.7318928 0.75971866
 11651 -1.4851614 -1.2074136
 11658 -1.6681696 -1.6359859
 2687 0.16457702 -0.4282596
 2692 -1.2537881 -1.1577488
 2690 -1.6706941 -1.9117482
 11656 -0.9451885 -1.4708813
 11650 0.2991545 0.5438192
 11654 -1.6632423 -1.9414407
 11653 -1.245194 -1.1480443
 11657 -1.7100773 -2.3558397
 2691 -1.5200694 -1.4874866
 2693 -1.439053 -1.16866
 2689 -2.2931669 -1.8273625
 11655 0.36595985 -1.2272397
 11652 -2.3159196 -1.8891449
 2688 -0.40127003 -0.88462055
 2027 -0.45534188 -0.15390956
 2033 1.306952 1.3008531
 2029 0.23345114 0.7438015
 2032 -0.2131731 0.39893273
 2031 0.32682416 0.5390909
 2034 2.1060834 2.1798012
 2035 -0.033436075 0.39892986
 2030 0.75456405 0.6214329
 2028 -0.06428201 -0.15296906
 9804 -1.5431728 -1.5895485
 9803 -0.85301006 -0.4138799
 9808 -0.9633032 -0.80981755
 9800 0.20935015 0.003600072
 9806 0.06768899 0.3114996
 9798 0.02381799 1.0661205
 9799 -0.62880015 -0.50214815
 9807 0.74107003 1.0784843
 9802 1.2376469 1.6670084
 9805 -0.5489597 -0.527405
 9797 -0.8700842 -0.7827835
 9801 1.400385 0.9066076
 9810 0.34762833 0.9818721
 9809 -0.7634038 -0.8178421
 9964 -1.7105967 -1.2273239
 9965 -1.7679558 -0.87878585
 9963 -0.11149109 -1.0160207
 9962 -1.3166369 -0.80850434
 3161 0.3214755 -0.9822496
 9466 1.80172 1.0639552
 2048 -0.41242665 -0.4052462
 3160 2.5216928 0.7820419
 11196 0.6967466 0.6449535
 187 0.10511896 -0.52580607
 8270 -0.36328128 -0.44684705
 9462 -1.6706597 -1.4775035
 3158 -1.1221788 -0.20808205
 3102 0.18262756 -0.06536278
 8269 0.27873495 -0.9093369
 5724 1.6315389 -0.6310909
 5725 0.2203862 -0.12875962
 11198 0.400462 0.5341215
 185 -0.7739026 -0.86477304
 4457 0.24139482 -0.6438806
 4463 0.6512341 0.31822053
 11193 -0.5551674 -1.0122063
 3157 -0.5873207 -0.6673144
 4041 2.505596 -1.192506
 11197 0.70038587 -0.03951703
 11202 -0.13566223 0.094459325
 6654 0.22209696 0.35649383
 6648 0.24425478 -0.3911716
 2049 1.7480428 1.179586
 11201 0.42283022 0.52625704
 4460 0.010655867 0.13705602
 9464 3.4866574 2.6049104
 5721 0.9666139 0.3363475
 4042 0.6406564 0.36315906
 2060 0.24707352 1.066929
 3061 -0.38110855 -0.40455648
 2051 1.8847601 1.0597726
 4034 0.48154157 0.50739175
 11194 0.05349683 0.07268497
 2059 -1.4473932 -0.7141739
 183 0.31562307 -0.22998998
 4456 -1.016648 -0.92567945
 9458 1.0320051 0.41085488
 3095 0.35498798 0.85638213
 3097 -0.28123403 -0.100690424
 11199 2.842868 2.1430688
 3063 -0.643464 -0.26662377
 188 0.3537214 0.14613293
 2055 -0.73287 -0.73587656
 9465 -0.074310035 -0.35891715
 4040 0.10762871 0.20949721
 9459 2.700154 2.2505586
 9460 -0.8255632 -1.1913879
 5729 -1.4095644 -0.84890664
 5726 0.6757279 0.883265
 5727 0.3428733 -0.34118792
 3092 0.42036402 0.63069
 3060 -1.2476624 -0.7491021
 3062 -0.07204369 -0.15636075
 6651 -0.5503491 -0.6685177
 6656 0.39891124 0.56794274
 3093 -0.46813133 -0.38555682
 191 2.3670459 1.5213088
 5730 -0.2632101 0.09438131
 6653 0.6056358 0.7655028
 3096 0.21155003 -1.0215535
 186 -0.09003279 -0.27208492
 8267 -0.21533677 -0.95166886
 9457 0.2999315 0.2909694
 3067 -0.29898888 -0.3449022
 9456 1.7999455 1.1909567
 3162 -0.3115441 -0.45881358
 2057 0.2296079 0.44621763
 3099 2.1594527 1.6132696
 4037 -0.46014962 -0.8721831
 2058 0.9265105 0.36208776
 2052 0.53773123 0.76098466
 4036 -0.6004278 -0.39041048
 3094 -0.010571855 -0.25756726
 5722 0.21343957 -0.013659656
 3068 0.1500154 0.46711335
 5728 0.24215713 0.380911
 4462 -0.92871535 -1.0152414
 8268 -1.3029486 -1.282652
 3101 0.3432666 -0.17075136
 11192 0.014445485 0.24670589
 3100 0.43863827 0.45533735
 3098 0.058555305 -0.77645195
 3156 -1.3292063 -1.2945606
 2050 0.23694876 -0.29389217
 9454 -0.85353404 -0.92480004
 3064 -0.17442386 -0.62659824
 4033 -0.64187706 0.27406287
 2053 0.50572324 -0.5915412
 3065 -0.6742458 -0.6992059
 9463 -0.28417605 -0.27448863
 5723 -0.7086288 -0.84544814
 3155 0.5577529 0.59872186
 4458 -0.39260945 -0.63915646
 184 -1.5009998 -1.0480983
 11205 1.9579474 0.68648195
 5732 0.14506419 -0.6703583
 4038 0.29125026 -0.18492693
 11203 0.27635857 -0.6264236
 11195 0.41170663 -0.0080598
 2056 0.5219608 0.5370457
 189 1.2419986 0.102525234
 5731 -0.41834006 -0.4360834
 6657 -1.0363841 -0.9122907
 6650 -0.44559073 -0.73835516
 11206 0.42817155 -0.2648083
 9461 1.9269873 0.25291324
 2054 0.24241155 -0.3214466
 4459 -0.51296544 -0.6370896
 3163 -0.592838 -0.87815464
 6652 0.67154956 -0.20170191
 6649 0.0975929 0.3934389
 3070 1.0371466 0.29360884
 6655 -0.32893223 -0.78349805
 11200 -0.2182999 0.4919597
 11204 -0.60314196 -0.46019414
 4035 -1.9766656 -0.5753517
 192 1.3466891 0.9131942
 3091 -0.05483295 -0.6667572
 4461 0.2753432 -0.032650024
 3159 0.635531 0.34500754
 8266 0.26999778 0.6562139
 4039 -0.21632189 -0.6137438
 6647 -0.1810464 -1.0578384
 3090 -1.4651916 -0.5316881
 3069 -0.741736 -0.79953456
 190 -0.111995794 -0.6754868
 9455 0.33671924 0.17015679
 11207 -0.80817646 -0.89843047
 3066 2.2174263 1.811364
 3395 -1.5406749 -1.0662817
 3396 2.8683975 1.4126831
 5493 -0.5174147 -0.6758951
 5491 -1.3783133 -1.1890891
 5492 -1.4241811 -1.0458955
 3397 2.9377131 -0.6069659
 3398 -0.6695311 -0.37638676
 5567 -0.6870783 -0.37319496
 5566 -1.539534 -1.633776
 5490 -0.5982646 -0.47150144
 5565 -1.5405062 -1.1588992
 11360 -0.07580351 0.59376264
 11355 -0.9939154 -0.8582723
 11349 0.849426 0.35452756
 11346 1.9956299 1.241873
 11348 0.06397042 0.05452461
 11351 -0.53517365 -0.3161834
 11358 0.17570476 0.09558372
 11352 -0.7582509 -0.66435146
 11347 0.3674061 0.6173309
 11359 1.3016707 1.7776005
 11350 -0.97400737 -1.0669465
 11357 0.4499544 0.6632451
 11353 2.030617 1.4956268
 11354 1.8896257 1.3509398
 11356 -0.5036149 -0.47376755
 11314 -1.4029621 -1.0212475
 5597 0.08833178 0.07643069
 8971 1.457812 0.71438074
 5595 -0.7175424 -0.61877394
 5601 -1.3286462 -1.2293853
 8966 -0.7140191 -0.7177615
 5602 -0.7707208 -1.174745
 8964 -1.0043674 -1.0092083
 5603 -0.813498 -0.9419453
 5604 1.1863604 -0.13266294
 5593 -1.6202248 -1.2858173
 11306 1.187548 0.09426958
 11304 -1.215571 -0.8390583
 5592 -1.0274755 -1.0261136
 11315 -0.7329585 -0.75256324
 8969 -1.2780464 -0.9158424
 8965 -1.4044679 -1.2073841
 11309 1.3288403 1.391744
 8963 -0.7753768 -1.3556927
 11312 -1.9057786 -1.1452531
 11310 -1.3129867 -0.89626753
 11311 -0.8046949 -0.7038088
 5599 -1.8861874 -1.3216611
 11316 -2.2196577 -1.6523345
 8962 -1.391094 -0.96472967
 8977 -1.8030492 -1.3490657
 11307 -0.7841795 -1.1879985
 8970 -2.2967649 -1.8824534
 11319 1.0193197 0.052191656
 8976 0.19565262 -0.32188365
 5607 -2.1580682 -1.8626093
 5605 -1.2497147 -0.93994844
 8975 0.401757 0.5119349
 8968 1.1762626 0.2735381
 5606 1.5077865 0.9526372
 11313 -1.6222404 -1.0930898
 8974 -1.8638624 -1.2003784
 11320 0.08485663 -0.9782299
 5596 -1.3855408 -0.14757207
 5600 1.010567 -1.4370495
 11305 -1.8817382 -1.2473058
 5598 -1.9701692 -0.9973339
 8967 -1.070453 -1.2727827
 5591 -1.0509604 -1.0688981
 11308 -1.3700739 -1.190671
 5594 -1.2860711 -1.2143928
 8972 0.12466388 0.21427879
 5590 -1.3922675 -1.4058353
 8973 -0.0489003 -0.55801594
 11318 0.42853644 -0.7518922
 11317 0.90805477 -0.54663515
 8978 -0.4533657 0.2333639
 5996 1.5513119 1.3438387
 5998 1.1825455 1.0766333
 8993 -0.34141865 0.45626304
 5995 -0.338291 -0.3183946
 8984 0.49089253 0.96842027
 5989 2.2401874 0.75652885
 5987 -0.43601698 -0.25805524
 5993 1.68997 1.4227909
 8986 1.4359672 -0.2914625
 8981 0.23536314 0.8892635
 5988 0.45623955 0.2725025
 8988 1.8443931 0.4491441
 8985 1.9938473 2.0237687
 8990 -0.59374565 -0.066634595
 5991 0.112827465 0.12553267
 5994 1.1645372 0.76598334
 8979 0.6931275 1.2378649
 5999 1.9358524 2.0141118
 8980 1.2157811 1.3159541
 8983 -1.4241183 -0.0919984
 6000 0.30857697 1.1325299
 5992 -0.005494126 0.68405724
 5990 -0.47053245 -0.36629102
 8982 -0.4821823 -0.34407827
 5997 1.0869278 1.2309672
 8987 -0.46325666 -0.3325957
 8992 -0.33997652 -0.32188633
 8991 1.0951506 1.2901201
 8989 1.5748385 0.89218104
 4223 -0.6545812 -0.4311593
 4224 -0.9175014 -0.78567266
 4221 -1.2326598 -1.0220708
 4225 -0.7231615 -0.480763
 4220 -1.2941239 -1.231793
 4222 -0.819097 -0.75144565
 4219 -1.2709695 -0.9867927
 5747 -0.9413677 -0.5600351
 10891 -0.17259254 0.23367685
 10895 -0.55541855 -0.20316535
 10896 0.9081134 1.8776029
 10890 -0.8967064 -0.640404
 5755 -1.8927362 -0.9599116
 5750 1.3881507 1.1596905
 5748 -0.39476714 -0.042351663
 5744 -1.2146621 0.2651822
 5746 -0.84011155 -0.88274515
 10892 -0.48374087 -0.61656296
 5754 0.8617254 0.7020334
 10901 -1.1519988 -0.70462537
 5745 -0.40408692 -0.41952533
 5753 -0.4700603 -0.5881989
 10893 -0.82971084 0.4098942
 10887 0.90762615 0.8203224
 10897 0.5979718 0.8754628
 5749 -0.49558783 -0.3411459
 10900 0.20847231 0.20030332
 10889 -0.41977257 -0.13961811
 10894 -0.8436316 -0.88652205
 5751 0.31851193 0.94422543
 10898 -0.031708356 0.6531558
 10899 -1.8902677 -1.2651749
 10888 1.3625264 0.8682933
 5752 -0.9043361 0.56331265
 10886 1.0184395 1.43132
 11582 -0.40774727 -0.5096847
 11584 0.25593445 0.6810514
 11588 -0.23345423 0.19179203
 11585 -0.08148495 -0.05108711
 11583 -0.48625475 -1.1829039
 11587 -0.8701887 -0.72811997
 11586 0.17687552 0.29432547
 11581 -0.5325851 -0.5204184
 11589 -1.2913932 -1.1327556
 10341 0.88251716 0.3223355
 9625 -0.015010113 -0.5629047
 9402 -1.638808 -1.3693815
 81 -0.52128816 -0.3641661
 11862 -1.0433279 -1.032323
 83 1.6590439 1.4400954
 9400 -0.908624 -0.78669906
 8639 1.3259073 1.0226293
 11106 -0.9470872 -0.91026974
 7196 0.7098111 0.7052785
 10335 1.2426834 0.7211838
 8255 0.93980837 0.717944
 11097 -0.5206496 -0.21440339
 7224 4.6051307 1.7251416
 796 1.9832764 1.756248
 87 -0.8441964 -0.69368386
 798 -0.007690793 -0.8115779
 11105 -1.0341085 -0.88979745
 4272 0.44930804 0.6042069
 76 -1.6469195 -1.3712715
 9408 2.2039456 1.8962867
 11109 -1.5124406 -1.1962029
 9630 0.35919794 1.834294
 84 -1.7074548 -1.5490752
 11863 -1.687759 -1.3966633
 1937 0.7402724 0.78595114
 11865 2.0266056 2.0477192
 8257 -0.037205983 -0.56946075
 8262 -0.4721011 -0.41334614
 11110 0.37072495 0.1606502
 1932 0.13579804 -0.10459207
 8254 -0.597775 0.1672999
 2468 -0.7336117 -0.74947274
 7443 0.014341885 0.0831321
 11798 0.69545394 0.9728391
 11797 0.9928584 0.25903964
 4269 2.3817556 1.8307266
 11107 0.63777214 1.1729019
 8265 -0.603555 0.44026056
 2465 2.4360685 1.8662479
 1256 0.41191977 0.88019407
 11098 0.8274822 -0.4576995
 8258 2.7756796 2.1695924
 2462 1.3924276 1.309988
 1254 3.2075963 2.1023297
 9634 1.8640312 2.5269942
 1927 -0.6720977 0.13118567
 9397 -1.3608701 -1.3573995
 7197 0.51280236 0.1814895
 10345 -0.24328056 -0.019737214
 11866 0.4545554 -0.7085818
 4115 1.1143218 1.2969252
 1940 0.78656334 0.7878226
 1258 1.5052552 1.5422851
 1259 1.0480354 -0.10063431
 11808 1.2157431 1.1058056
 1261 -1.5119125 -1.3954039
 10338 -1.2635685 -0.87686765
 10336 0.7801113 -0.76378465
 1936 0.7504659 1.145145
 8648 -1.1203222 -1.4609298
 9632 0.79381204 0.312801
 7201 -0.6164118 0.0007265508
 7200 0.51609915 0.79947114
 4122 3.3165963 0.91302264
 2469 0.68314075 0.25542787
 2466 -0.4520817 -0.5027435
 7199 0.33723998 1.176428
 7221 -1.1238396 -1.0591546
 789 -1.5624886 -1.410793
 790 1.8276367 1.1053218
 7220 0.26125786 0.90590775
 11809 2.2837 1.9468375
 2464 1.1558491 -0.09935263
 7436 -0.50141686 -0.678561
 7441 0.23295149 0.4474388
 8264 -1.7096895 -1.4079176
 4119 0.18434611 -0.27774772
 7442 -0.66564566 -0.38305756
 9629 -1.2121266 -0.95128334
 9623 0.08068425 -0.8665931
 4120 -1.474609 -1.3627081
 10346 -1.0430717 -1.0193495
 797 -0.65077186 -0.3393083
 9407 -0.91776913 -1.0337604
 11868 -0.28904337 -0.32228866
 7195 1.4486572 1.2560328
 10349 -1.5237687 -1.4541119
 4267 -1.2139987 -0.6011106
 7198 -0.07292061 0.93348193
 8261 -0.65472925 -0.06763853
 9627 -0.4127058 0.04354253
 11858 -0.5482748 -0.38360953
 9406 0.42778373 0.30477282
 9405 1.5901936 0.5791513
 794 0.8325182 -0.8067689
 11800 -0.16611896 -0.31070456
 11799 0.4254115 0.81924736
 8651 -2.4823396 -0.670257
 80 0.19836865 -0.35899392
 8646 0.10705984 -0.049207687
 11805 0.12982458 -0.07915546
 787 -1.3903083 -1.286138
 1928 -0.1484214 -0.30886057
 7227 0.6461921 0.9775623
 9621 1.481459 1.4242184
 1933 -1.0239426 -0.79966104
 4121 -1.4948369 -1.393891
 88 -0.58926845 -0.33253863
 1255 -0.026762187 0.2909088
 1263 0.60108024 0.48656863
 1253 1.8099556 1.4392353
 11861 -0.22234575 -0.27279884
 7193 0.98346114 1.244257
 7191 1.0445855 1.0189985
 9409 -1.6389657 -1.6243186
 8650 -0.37444752 -0.054662235
 11804 -0.8624596 -0.69049394
 10347 1.5902445 0.828351
 11807 0.846709 0.3521497
 4277 0.6262007 -0.13543391
 10339 2.593596 1.8719288
 7194 -0.76663184 -0.7815255
 7190 -1.0964276 -0.73793447
 11856 0.3148892 0.45139724
 2470 -1.6011099 -1.3077288
 85 -0.8929691 -0.8159002
 4276 0.25252852 -0.15891212
 11111 -1.7614138 -1.4134063
 10343 1.6233829 1.6302046
 11811 1.1185703 0.98125005
 1257 -0.54475063 -0.28118816
 7440 -0.19083652 0.5204853
 8653 1.1917925 -0.07034427
 4271 -0.2250728 0.74343455
 86 0.8303147 1.5193123
 4274 -0.39841464 -0.61419415
 11801 2.1828005 1.2440078
 1931 1.7433552 1.0039775
 1935 0.994097 0.26184422
 8641 1.0540175 0.73627114
 2463 -1.6657956 -1.4728872
 8649 1.2805929 0.11334398
 1939 1.2254819 1.1315534
 11857 1.8724974 1.1753182
 10340 0.41872248 0.2369244
 4123 0.9461705 0.20535019
 7229 -1.2980373 -0.7531316
 7228 0.5344848 0.32482108
 7188 1.597843 1.2516626
 11103 0.9541875 1.2934481
 8260 0.50929743 -0.08307107
 10337 0.16100423 0.5221902
 9399 -0.2877617 -0.15659279
 9631 1.3718004 -0.100880206
 4268 0.4452608 0.49204153
 11102 -1.2635049 -1.1360387
 8647 0.45027024 -0.765201
 11810 0.32492042 0.26829123
 2467 -0.5948747 -0.53890634
 11803 0.3557943 0.8935782
 7222 2.1384697 1.5274036
 8256 -1.6457428 -1.2458177
 11806 0.9462526 0.51707053
 1930 0.3618191 0.6323439
 7432 -1.6082863 -1.3960669
 7230 -0.7276777 -1.087277
 1938 1.2621931 1.21958
 77 1.0740494 0.05204559
 7439 0.39922294 0.9564111
 11864 0.53022486 0.08943036
 792 -0.24717516 -0.28801343
 9620 -1.5385045 -1.3808786
 1252 -0.8949778 -0.7401166
 7192 1.6567317 1.0586702
 10348 -1.7824248 -1.6851747
 7189 0.59201807 0.6340363
 8644 -1.2074862 -0.8647474
 8642 0.8487539 0.005873155
 11869 2.1528933 2.197309
 7202 0.71077055 0.79485416
 1934 1.0424548 1.1413254
 7444 0.98358625 1.8136418
 4273 -1.4743844 -1.45348
 4266 -1.7686846 -1.7158054
 7433 1.7199891 1.2898673
 11101 -1.2379842 0.10839969
 7438 0.69278234 0.69595456
 4270 -1.0274673 -1.1995271
 11099 0.54823095 0.60973907
 8645 0.6079512 1.1908855
 799 0.66991764 0.87918866
 7434 1.8866162 1.9760209
 793 1.8604891 2.659895
 7225 1.1931851 1.330327
 7445 0.022791626 -0.53779197
 8643 0.34888983 0.800287
 4275 1.0256274 1.2010301
 11104 -1.466774 -1.3147668
 11100 -0.93808144 -1.0458121
 2471 -1.4898834 -1.4295596
 2472 -0.49866736 0.13673383
 11859 -0.7599066 -0.7705946
 11802 2.2092443 1.9995466
 79 0.86157453 -0.03856752
 9404 0.5266273 -0.6569146
 8263 -0.7746933 -0.5126357
 82 -0.23188421 -0.3317093
 9398 -0.37343994 0.12667894
 7226 -1.4102043 -1.3612329
 11108 0.25586018 -0.037620068
 78 -0.26341042 -0.22148874
 11867 -1.4622042 -1.0374539
 9401 0.8151063 0.08796883
 7223 -0.007441422 -0.026455976
 1264 0.9419954 1.3142122
 4118 -0.54649895 -0.0930292
 11860 -1.7270542 -1.6410576
 7437 -1.0325211 0.068987064
 4124 -0.16822763 -0.1652779
 800 -1.1353501 0.113589
 4116 0.43323 0.27908897
 8640 0.0401188 -0.28380165
 8652 -0.46664333 0.23157997
 795 0.9741262 1.0347135
 791 0.82100266 0.66209424
 1260 -1.5495231 -1.4694215
 10344 0.41799042 0.6566713
 788 0.4041526 2.2252765
 4125 -0.8802635 -1.0104011
 9626 0.81111723 0.81225467
 9624 0.80057305 1.0306108
 7435 -1.3357688 -0.9569379
 8259 1.0995686 0.8925077
 4117 -0.7309135 0.17704463
 9628 0.3368742 -0.7646998
 9633 -1.4039806 -1.3166558
 11796 -0.68719155 0.085335925
 1929 -0.76823854 -0.46113738
 10342 0.7161742 -0.055312693
 1262 -0.65578496 -0.3680587
 11812 -1.1283525 -0.27505118
 9635 0.3057037 -0.52892745
 9622 -0.34093413 -0.32913944
 7218 1.0261403 -0.49560413
 9403 -1.4172431 -1.1404932
 7219 1.1310769 0.023482084
