 10442 -0.6842211 -0.6484021
 9367 1.1578518 0.42583343
 9042 -0.48952636 -0.31939346
 10340 0.41872248 0.4056379
 10456 0.6158825 0.61407775
 10636 -0.6708119 -0.036324196
 10271 -0.62183017 -0.7941902
 3250 -0.59930927 -0.56736565
 8248 1.2870297 1.3884676
 3900 0.52861774 0.78162694
 9055 0.9903546 0.4091061
 4676 0.5935395 0.72957104
 1157 -1.0650604 -1.0772369
 10455 0.8271815 0.2820516
 779 -0.36588043 -0.55204076
 8458 -0.5048521 0.67755455
 10058 -0.5682704 -0.52466935
 8366 0.42739868 0.73863846
 2210 0.57227695 0.4714748
 6936 -0.2086331 -0.17226604
 8435 0.029018572 0.010004364
 6591 0.16083142 -0.077111505
 1688 1.4261715 0.6998586
 3992 -0.21257031 -0.29822454
 7802 1.2639863 0.653715
 5141 2.0709424 2.0422652
 2250 1.573401 1.1650019
 9907 -0.32324988 -0.39867267
 1245 -0.36302367 1.1004673
 7326 0.40632957 0.45639566
 9244 1.1497326 1.0374537
 7143 2.953291 1.4628459
 8192 -1.7373967 -1.7513349
 3384 -1.1511288 -1.409159
 2429 1.065915 0.8966399
 10619 1.7265795 1.3247381
 11642 -0.09371331 0.20909032
 9763 -0.47339287 -0.42209205
 11578 -0.02169867 -0.031781726
 5742 0.14066994 -0.1435155
 11379 -1.3245549 -1.3598976
 5553 1.3280449 1.5424497
 9746 0.3368265 0.2999771
 170 -0.39895925 0.18792292
 4158 0.96547157 0.8908183
 1757 -0.2392159 -0.03279593
 2076 -0.8931391 -0.93660134
 4246 -0.18486628 0.025686704
 8882 0.90987694 0.10489157
 6942 0.34289896 0.9516186
 5635 -0.34367767 -0.25995794
 1387 1.9850028 2.0259778
 4590 -0.54985404 -0.42277172
 9412 -0.10860361 -0.034332283
 2770 -0.9677538 -0.9396724
 5932 -0.39099357 -0.3787314
 11448 0.5141276 0.5217342
 899 2.892111 3.299441
 3751 0.027823973 0.1289338
 10275 -1.6093547 -1.7731578
 6047 -0.90155035 -0.7396901
 6875 -0.12187025 -0.09079244
 4021 0.01872605 0.11185155
 9383 -0.048850793 -0.018548153
 8642 0.8487539 0.13049646
 5622 -0.07298891 0.0015463158
 1990 0.50165904 0.23385993
 143 -1.4277799 -0.81630784
 10095 0.9231564 -0.03308571
 10544 -0.5964131 -0.61328405
 11793 -0.7166884 -0.9557715
 1609 1.2247612 1.0734822
 2655 -0.055931285 -0.08533818
 9698 1.5483406 0.43806988
 7202 0.71077055 0.6996071
 157 -0.88584685 -0.4133229
 11612 -0.3330473 -0.33229694
 4594 0.89804554 0.8113423
 107 -1.9946804 -2.216307
 5514 -0.053213872 -0.14393863
 5341 -0.20944217 -0.93583554
 10173 -0.1282228 0.11712325
 259 -1.8452654 -2.056935
 3342 -0.6247809 -0.17936537
 11031 -1.07167 -1.0844653
 5882 0.052275185 0.016060732
 7215 0.32785693 0.45709172
 2072 -1.5864662 -1.6031551
 9441 0.64566404 1.2875454
 8188 0.15703584 0.25182408
 6801 0.1420809 -0.019523256
 7470 -1.6941739 -1.6648973
 1678 1.8510474 0.62353647
 7730 -0.23377879 -0.22745475
 5982 -1.3044435 -1.4017093
 9980 -0.6924705 -0.64524025
 6131 0.19613944 0.40533134
 8092 0.020977268 0.025585212
 1901 0.460461 0.5707139
 7901 0.68094224 0.5128137
 11255 -1.3079714 -1.4245721
 4435 0.26155767 0.30639708
 8871 1.6123616 1.8024466
 7499 -0.9610043 -0.8762054
 1689 0.00861139 0.03426192
 1663 -0.7046714 0.027001187
 2418 0.615987 0.69509417
 1624 1.2017815 1.0668079
 7407 -1.161618 -1.1711762
 10859 1.8601613 1.835861
 4202 1.2783769 1.2668712
 9183 -0.0011585514 -0.40493473
 1403 -0.8299405 -0.8427109
 8367 0.75606346 1.1837204
 7296 -0.57699466 -0.42630687
 7225 1.1931851 1.0223342
 7820 -1.0389452 -0.38122782
 9497 -0.5542263 -0.7166943
 9291 -0.7936579 -0.6539487
 4413 2.1084611 2.0922813
 8594 -1.0089551 -0.9965504
 4352 0.08341587 0.01653456
 10443 -1.131824 -0.76827
 4562 1.1586485 1.0790946
 3146 -0.7690224 -0.6969836
 9272 0.88815826 0.7747625
 7172 -1.2476776 -0.6030516
 489 0.1269371 0.25212678
 8503 0.7177772 1.0509194
 1042 -0.2372136 -0.3324636
 3921 -0.037297662 -0.02412296
 8232 2.0463555 1.9823773
 1664 -0.04990237 -0.09877279
 10528 1.007404 0.43093565
 5448 0.86849415 0.5314849
 870 -1.5794792 -1.5797448
 6676 -1.1781543 -1.1809528
 1218 0.37800944 0.51963735
 6033 -0.5605591 -0.64800304
 826 1.8716966 1.0527847
 9783 -0.00605842 -1.256203
 10247 -0.58264726 -0.48490676
 10115 -1.6072048 -1.2268443
 2478 -1.1461703 -0.9750158
 710 -0.60847914 -0.51657563
 6957 -1.0228136 -0.9659082
 7595 -1.172401 -1.1848891
 9223 0.2545088 0.18852782
 10263 0.1973918 0.15776771
 675 0.22429363 0.21563387
 10529 -0.5240652 -0.8672779
 266 0.8546243 0.99140614
 1606 -1.8024913 -1.5237082
 11244 -0.1301944 0.17628312
 7861 -1.6539102 -1.5168221
 6649 0.0975929 0.16752905
 9174 -1.2470362 -1.4996024
 11773 -0.16261081 -0.13947448
 6194 2.3572538 1.3750111
 1498 -0.1494409 -0.3953714
 11272 1.0156658 0.82847214
 5290 0.702258 0.114685506
 5388 1.6829212 1.4085509
 1306 -0.44078392 0.039526813
 11585 -0.08148495 -0.1192996
 8137 0.6765058 0.6009918
 906 -1.6020555 -1.6449678
 3560 -0.4842506 -0.4789596
 9721 1.2688073 1.2964301
 8542 0.32319635 0.35301992
 5280 -1.0036353 -0.9217889
 5061 -1.081975 -1.0906296
 1706 -0.66126245 -0.58600765
 5905 -0.20499703 0.32019868
 7075 0.6902795 -0.31873837
 11017 1.3668084 1.2522901
 10701 -0.61771005 -0.5087514
 5073 -0.13245706 -0.3401483
 5958 0.30745527 0.19781941
 8593 1.3262287 0.26199105
 11048 -1.028076 -1.0039806
 2240 -0.83356786 -0.599549
 6803 0.4031973 -0.013148762
 7544 0.4992955 -0.035028882
 4598 0.17136781 0.27220726
 6520 0.13876207 0.36838225
 7071 1.4806156 1.3498495
 26 1.3110538 1.3609335
 10257 0.95404357 1.080881
 8852 0.18569978 0.19144502
 401 3.9031394 2.929792
 1327 -0.033457164 -0.0436754
 4779 -1.2326506 -1.2654098
 10476 1.2219108 1.110373
 346 -1.0200453 -1.0766486
 2094 0.5026345 0.79674596
 7731 0.027562225 -0.048958384
 2627 0.18454048 0.11638993
 7122 -0.28361177 -0.51328456
 1536 0.797874 0.42763987
 1095 -0.62694454 -0.66955304
 278 -0.8063928 -1.1866772
 11112 -1.0448027 -1.1765274
 10074 1.6747222 1.8607143
 3243 1.683414 1.5989325
 4328 0.48883063 0.3670632
 2529 -0.92767656 -0.89790004
 6747 -1.8996581 -1.7531159
 5173 1.3382233 -0.47538313
 13 -0.98335284 -1.1255082
 11089 -1.0344433 -0.5164583
 975 -0.5175192 -0.6897231
 8245 0.48369008 0.45914635
 7674 -0.8364191 -0.75691944
 3572 -0.5160115 -0.5269461
 11875 0.27299207 -0.0752402
 1015 1.4211699 0.6069252
 5945 -0.19570337 -0.23680964
 9212 -0.16421476 -0.25190493
 7103 -0.0599391 -0.12637633
 9726 -0.57702816 -0.5665888
 11165 0.68262136 0.94405955
 324 0.09005309 0.24028134
 5853 0.4930232 0.47155696
 6806 0.16556121 -0.16594425
 1700 0.17438456 0.50355506
 10298 -0.7192403 -0.63026106
 3048 -1.2468263 -0.9213734
 7600 0.023720808 -0.60915846
 4586 0.0056336047 0.14653298
 11739 0.754934 0.559097
 2915 -0.7951019 -0.7839708
 10033 0.59933096 0.6058821
 7196 0.7098111 0.7624372
 3595 -0.54967934 -0.6213426
 3546 -0.6230683 -0.9523681
 6026 -0.10022355 -0.22583291
 8025 0.3634689 0.34896287
 6235 -1.1678522 -1.0273707
 6142 0.3388224 0.54640055
 1657 -0.9900272 -1.1851392
 10364 -0.74664366 -0.69105333
 10276 0.3543971 0.49301726
 2961 -1.3180681 -0.9794573
 6934 0.275081 0.31264192
 6286 0.007535977 -0.099248014
 10815 -1.7489412 -1.8560829
 9288 0.77743655 0.72302145
 536 -1.3437822 -1.243778
 4744 1.4430829 1.3426774
 11284 1.1020472 0.9086024
 10279 0.2581751 -0.0447293
 2726 -0.7628826 -0.83506674
 1844 0.75522554 0.7117889
 3787 0.78981525 0.93695986
 3988 -0.3311046 -0.2735156
 1136 -0.41889334 -0.480226
 7638 -0.960137 -1.0018675
 3635 -1.1626378 -0.3071577
 5818 0.337956 0.6934462
 7369 -0.32027805 1.6661865
 5264 -1.6057022 -1.3677814
 5438 0.29698855 0.4129627
 11877 -0.8318745 -0.73529977
 4518 -0.9667999 -0.55699384
 9252 2.0216043 1.6693738
 9992 -0.12911394 -0.06724625
 6038 -0.75381076 0.59108025
 1332 -0.58952606 -0.45330462
 3853 -2.0848033 -2.0990412
 4814 -0.61853147 -0.649739
 11198 0.400462 0.34183884
 10291 1.3019714 1.0711007
 4739 1.4310687 1.165709
 1968 -1.4571655 -1.447946
 11596 -0.92056906 -1.1229
 529 1.3782419 1.115047
 3711 -1.5360318 -1.4265542
 8322 -0.20849282 0.13490242
 11625 -1.6822752 -1.6643195
 7258 -1.3540019 -1.1350241
 10301 -1.0411193 -0.90494746
 4773 -0.3343125 -0.07762977
 2905 0.24858165 0.30930704
 4442 -0.98730016 -0.99093705
 8312 -0.051892754 -0.36842418
 10244 -0.6622448 -0.50205797
 4043 0.34639475 0.4940953
 7676 0.5314176 0.6415015
 9221 -0.5027522 -0.5315073
 5370 1.4303416 1.3411162
 8484 0.21461628 0.2792957
 8083 0.021608489 0.84719944
 4557 0.28558943 0.47380227
 8784 0.77074796 0.96488625
 6839 0.6149886 0.06050404
 7960 -0.0110440105 0.15846714
 4269 2.3817556 1.8282653
 9530 -1.1526309 -1.2504922
 4700 1.7336046 1.5998691
 10609 0.6771467 -0.010523386
 5074 0.02737153 -0.061860465
 9802 1.2376469 1.31717
 2509 -0.49539164 -1.1099694
 10837 0.4779642 1.3591845
 3832 -0.38183513 -0.3983644
 10104 -0.48411673 -0.594896
 10583 -0.055424288 -0.05356648
 11524 -2.0239725 -1.0455065
 151 -1.6168437 -1.5819641
 4609 1.2939233 1.3328941
 4243 -1.1279116 -1.0781659
 7984 -0.22142895 0.22555345
 9464 3.4866574 3.3444083
 6882 -0.07691697 0.063543335
 2603 -0.13398996 0.11175154
 9669 0.46736866 0.4589375
 9397 -1.3608701 -1.2867135
 3977 1.0247344 0.50250316
 1072 0.2981616 0.30532905
 2006 1.1396981 0.27918226
 6729 1.1865392 0.99367523
 5525 -0.3536507 0.5239508
 8244 1.8516836 1.8983202
 11780 -0.13611467 -0.31685254
 4584 1.2581381 1.0483412
 6783 -0.23405474 -0.32815272
 4954 -0.26617733 -0.23190263
 2974 1.3708111 1.3396885
 11606 0.41334358 0.28510293
 11075 -0.5074348 -0.5414856
 5785 0.68849903 0.68481165
 11138 1.9956533 1.6413869
 10079 0.96640944 1.5010613
 6699 1.9103854 1.860618
 8122 -0.41755113 -0.567946
 8112 -1.3229914 -1.1643882
 507 -0.944059 -1.0814672
 8426 2.1817334 1.415796
 3245 -0.21624349 -0.27618128
 11237 -0.42061922 -0.075655065
 4928 1.4191562 1.275414
 3439 0.56731606 -0.120960794
 7990 -0.064875185 0.24269903
 11404 3.522056 3.3393655
 3267 -1.0090798 -1.0220506
 8517 0.45681578 0.63141304
 11613 -0.88453126 -0.8722361
 10206 1.2548265 0.51544803
 400 2.5723426 1.7832594
 1737 0.6039617 0.6459425
 8095 -1.9659693 -1.9125953
 6154 -0.13512543 -0.0416454
 8465 -0.8170076 -0.15267813
 41 -1.6726354 -1.5211033
 515 1.2725965 1.2791917
 5237 0.92151624 1.0103941
 9368 0.14732641 0.21194214
 8054 1.291518 0.96888226
 1761 0.10703875 -0.013619177
 6870 1.733368 1.5508544
 6181 -1.2958539 -0.9545757
 10933 0.57835215 1.3301698
 4529 -0.051232655 -0.08643589
 6452 0.22944975 0.39219615
 2469 0.68314075 0.40899098
 6704 -1.621022 -1.6015456
 10189 1.0758523 0.97480845
 1324 -0.3055656 -0.20191202
 4484 -2.4877107 -2.066161
 3270 1.2109867 0.9989893
 10402 0.08590042 -0.02623909
 5912 0.24670175 0.24179855
 6213 -1.0761409 -0.45458624
 3434 -1.5530839 -1.5127227
 6719 -0.8409101 -0.79090035
 9948 -1.148795 -1.2300609
 10687 -0.64653534 -0.6434384
 4113 0.4070951 0.66097754
 9814 1.8035178 1.4233346
 183 0.31562307 0.15616621
 169 0.31492034 0.21730796
 6217 0.40542924 0.4302411
 7059 0.570811 0.042136155
 7250 -0.105110586 -0.25014657
 10569 -0.1447959 -0.15256482
 11584 0.25593445 -0.13657513
 9629 -1.2121266 -1.3243023
 6550 0.00046281976 0.08065456
 2586 1.8756108 1.4996053
 10841 1.1084695 1.4495955
 10413 1.0571802 0.6473122
 1053 -0.38637516 -0.3378378
 10957 -1.9780624 -2.1026742
 6321 1.1285031 1.1136377
 1142 1.1602507 1.0204574
 8120 0.99506605 1.0939238
 4864 0.0986078 0.07649088
 4133 0.20084311 0.2362282
 9491 -0.22491007 -0.29841647
 7475 0.7925203 0.64376986
 3174 0.2812337 0.43262222
 9493 -0.54989433 -0.6947186
 7902 -0.13151506 -0.29743165
 1559 1.608901 0.86292523
 6774 1.5144178 1.5331851
 8199 -0.062082592 -0.12810075
 9132 -0.07445902 0.97467256
 8870 0.31986606 0.9625245
 2145 0.012333164 -0.13347998
 1598 1.040476 1.0438981
 4390 -0.27100798 -0.37613866
 3276 -0.34105423 -0.2747889
 2324 -0.52296823 -0.5980049
 4443 0.9374077 1.2185011
 5759 1.2945948 1.4396986
 361 -0.21988322 -0.11507275
 8239 -1.2063186 -1.0993918
 11561 0.26425034 0.3967001
 11559 0.32067055 0.46496737
 10011 -0.2586036 -0.2480484
 1098 -0.6299741 -0.6791281
 7404 -0.20128947 -0.15970436
 5953 -0.4048433 -0.42694446
 7949 -0.39928883 -0.5430264
 10384 -0.4310172 -0.4749079
 4283 0.7444819 0.83932704
 10716 0.92135715 1.2247331
 5118 -0.44450754 -0.43370876
 5059 -0.45008537 -0.23201534
 7965 2.0571067 2.1137064
 10394 0.25332108 0.3612901
 3447 -0.85733604 -0.83083713
 5297 -0.6390574 -0.60864836
 3944 -0.63170093 -0.6246928
 9154 1.676543 0.9914162
 1605 -0.32906836 -0.32247487
 2434 -0.23027796 -0.062541224
 9453 1.9643668 2.1837282
 8907 0.964249 1.2867318
 8815 -1.0396621 -1.1017898
 1570 0.28323644 0.149198
 3737 -0.69291055 -0.73260725
 10246 -0.76875836 -0.73497117
 7077 0.6305789 1.0682563
 49 -0.20411232 0.16802174
 6270 0.005091314 -0.21316078
 5873 -0.5304338 -0.37521777
 1269 -0.5131405 -0.6420238
 4051 -0.46217072 -0.45361206
 2205 -0.74049187 -0.7132609
 4425 0.40690255 0.4283799
 11535 -2.667199 -2.2690985
 10948 1.2012699 1.2309195
 9409 -1.6389657 -1.7557827
 9888 0.23008877 0.19670084
 4932 1.3928443 0.7827267
 7275 -1.4371309 -1.4655868
 5568 -0.37412158 -0.3907368
 4325 -0.12293741 -0.7045517
 2104 0.90095365 0.8454588
 10481 -0.7164308 -0.5370539
 1223 0.035692003 -0.8467682
 4131 1.1512563 1.024407
 458 -0.25976977 -0.38211286
 2266 0.0490329 0.090320475
 1923 -0.16592368 -0.13736296
 7353 -0.34566578 -0.41421685
 11807 0.846709 0.61875945
 3109 -0.5614003 -0.5375011
 9789 -1.17095 -1.2503756
 2345 -1.1417787 -0.5250925
 6296 0.030370401 0.28788197
 5576 -0.06588871 -0.025501452
 7811 0.7828411 0.60035634
 1703 0.14167842 0.22735545
 11051 0.34380844 0.78507966
 2470 -1.6011099 -1.6501858
 1702 -0.48965883 -0.4292014
 8445 0.19951925 0.5012762
 10134 0.29055303 0.19498035
 3555 0.15268514 0.24359998
 9600 -1.45269 -1.3894243
 4069 -1.1639379 -0.67329496
 6405 -0.964209 -0.8943129
 2261 1.6388036 1.7596781
 4494 -1.0730017 -0.7688931
 2716 -0.77501833 0.96175295
 11497 0.7560172 0.8926975
 4466 0.3133618 0.24134445
 8653 1.1917925 0.2597245
 1694 1.4241753 1.3625996
 6796 -1.1362251 -0.84363645
 5985 -0.19119269 -0.116810106
 6417 0.81889313 0.80222875
 600 0.44888082 0.41443983
 11047 0.24192107 0.46428016
 2409 -0.023676679 -0.0028775781
 356 -1.071109 -1.2191682
 6106 0.30853435 0.39618275
 11146 0.5148716 0.75350124
 10706 -1.5064809 -1.2212787
 4891 1.0979624 0.5110555
 6825 1.1725019 0.2843078
 1481 -0.3879516 -0.4751242
 7524 0.012198393 -0.23491797
 1935 0.994097 0.9025659
 7036 1.6911793 0.8961434
 8005 -1.3538983 -1.2875813
 3427 0.53583527 0.45287648
 3380 -0.78943783 -0.2723043
 2463 -1.6657956 -1.7144713
 9063 0.874667 0.0768929
 7760 0.33332294 0.33214423
 5143 1.2649912 1.2323954
 10109 0.66492385 0.41408768
 7601 -1.1144345 -1.179987
 5841 -0.37182042 -0.4402227
 1596 -1.457721 -1.3305886
 9794 -0.7138609 -0.21625084
 4036 -0.6004278 -0.35774186
 3118 0.658431 0.59573424
 9267 -0.49204895 -0.49101683
 38 -0.35641164 -0.23844814
 9982 2.5529983 0.2446138
 11711 0.422502 0.81470925
 9998 1.4758124 1.1700073
 4837 -0.3232737 -0.36296105
 2996 1.6204358 1.8153343
 6661 0.3167196 1.776989
 5191 0.002761252 -0.8783975
 3675 1.1810181 1.1627228
 5806 -0.7245711 -0.66630536
 8956 0.9822652 1.1369768
 2560 1.9919549 2.0648758
 9738 -0.38349044 -0.2696471
 8942 0.69459623 0.62321836
 4523 -0.002285764 0.025954194
 5429 2.0546525 2.050698
 9262 -1.1132128 -1.107708
 181 -0.60859376 -0.5530557
 8988 1.8443931 1.5922025
 4252 0.67425 0.525704
 8268 -1.3029486 -1.2212085
 6451 1.2803655 1.16714
 7315 1.0270451 1.1205688
 7409 -0.22489035 -0.047282644
 9139 0.755573 0.4199091
 5745 -0.40408692 -0.41388622
 11217 1.0674047 1.3472697
 11192 0.014445485 0.1916577
 7838 -0.58003616 -0.102346085
 3656 0.8045011 0.8264403
 8256 -1.6457428 -1.6062316
 6013 -0.6625244 -0.44967243
 8136 -0.11875449 -0.06442375
 8099 -0.22214177 -0.70629424
 3337 -0.48625794 -0.59597343
 182 1.112965 1.0856119
 3131 -0.12239879 -0.25230476
 7432 -1.6082863 -1.5255991
 3235 0.03509516 0.05101357
 7512 -0.59002936 -0.8338603
 7038 -0.3937669 -1.0095199
 10446 -0.3232494 -1.1156081
 8291 -1.0685512 -0.6045993
 1814 -1.3106278 -1.0807168
 7203 -0.619093 -0.5704079
 9976 0.25904563 0.32279003
 10039 0.5118351 0.29371732
 6529 1.6498516 1.3469388
 250 -1.9366888 -1.931067
 11214 0.7041993 0.69547856
 7688 0.06715128 -0.1273664
 2194 -1.5866551 -1.6148436
 4970 -1.4871665 -1.5785936
 4301 -1.0961291 -1.1404517
 801 -1.2708741 -1.2150191
 7719 0.65376216 -0.014799096
 4305 0.3928516 0.5157777
 844 1.5228922 1.2587928
 3631 -0.46676895 -0.20393482
 7285 -0.61220187 -0.69440705
 1372 1.4285562 1.4463018
 9032 2.0550544 1.5030854
 47 -1.5931324 -1.5672495
 6434 0.4647003 0.13906813
 4048 0.54461735 0.6600595
 3065 -0.6742458 -0.73634136
 8851 0.98708206 0.7276369
 5464 0.34580982 0.35310704
 5224 1.6511791 1.1833525
 8019 0.10540271 0.09195492
 11144 -0.6689164 -0.50418955
 154 0.598581 0.5246962
 951 -2.0174682 -1.9200459
 1143 0.5999823 0.7278282
 3370 -0.8593104 -0.8543398
 6916 -0.34022406 -0.32779428
 8498 0.044607937 -0.0063035637
 10061 -0.2967111 -0.47165653
 7746 1.2664824 1.1596137
 29 1.8213145 0.9447752
 10047 -0.87798756 -0.77936596
 69 -0.2083145 -0.5569802
 6144 -0.949079 -0.7487856
 4102 1.5577946 1.4709028
 11055 0.113308325 0.058901086
 10610 -0.11246657 0.1669532
 10328 1.6779224 1.4664536
 2349 -0.24415061 -0.23622087
 2344 -0.21805649 -0.3041763
 5821 -0.097119704 -0.13285527
 1158 -1.490567 -1.538175
 10827 1.8800958 1.8502123
 5654 -0.2639999 0.025076754
 10490 1.7877433 1.7388731
 9871 1.5865461 1.3241916
 8964 -1.0043674 -0.90853924
 11635 0.48851067 0.18907204
 4883 0.59234077 -0.23007375
 3412 1.4855003 1.1035346
 10094 -1.0734684 -1.122982
 9218 0.21563761 -0.45330223
 5482 1.2391413 1.3177505
 9723 0.4261784 0.16488011
 4392 -0.9673339 -1.075675
 4669 -0.6166745 -0.60983163
 9702 0.68209606 0.5033605
 4071 -1.2863957 -0.7873108
 8855 -0.2929343 -0.13188082
 8564 -0.98928916 -0.78235215
 4308 0.37426198 0.5959052
 5024 -0.5046248 -0.5126839
 6706 -0.6360581 -0.60568196
 634 0.2988602 -0.03798432
 4293 -1.4560924 -1.168272
 5966 -0.021657413 0.012160189
 10572 0.83251315 0.8995093
 2161 -0.7931504 -0.73725134
 7322 -0.8030006 -0.8100385
 7947 -0.15631557 -0.08616673
 6275 -0.6400627 -0.6865558
 3982 1.5175271 1.5300124
 9480 -0.28508645 0.22759637
 4162 0.58260244 0.7688975
 9846 -1.1517568 -1.1276015
 11387 0.57446396 0.9818237
 6922 0.33841625 0.17065637
 10470 -1.201378 -0.8013281
 9677 0.07393656 -0.36158094
 1005 2.5397446 2.1426518
 9420 -0.82522947 -1.5285912
 3541 -0.55654854 -0.51401764
 10769 -1.6205201 -0.010630704
 7422 1.0704825 1.1659691
 6455 0.16785231 0.5102779
 11388 -0.628472 -0.9202327
 8523 0.64714694 0.85249794
 7082 1.8604937 1.6087126
 10920 -1.1396838 -1.2068986
 260 0.14069515 0.26391107
 11675 0.15660724 0.073827714
 9897 -1.1403054 -1.232141
 2206 0.19061202 0.24080852
 9560 -1.2884727 -1.4218754
 3577 0.8942486 0.85700697
 10315 -0.08677401 -0.1580275
 10142 0.71010035 0.41326353
 4574 0.45999113 0.33524793
 8792 -0.408362 -0.4560854
 8970 -2.2967649 -2.2628236
 10549 0.04044885 0.14850235
 9514 1.1181458 0.62215763
 4035 -1.9766656 -1.4183406
 8894 1.0342673 0.9141442
 8246 1.0470957 0.87330496
 10997 -1.7383814 -1.8202686
 2535 1.3005426 1.0086772
 1744 0.16661601 0.1604892
 2002 1.2479179 1.2444983
 725 2.3277507 2.1495075
 4116 0.43323 0.40998372
 9575 -0.45656076 -0.454087
 657 -0.7281631 -0.65948683
 1047 -0.52334917 -0.63877237
 6743 -0.029791774 -0.06872242
 8504 1.6049863 1.5208523
 6347 -1.4035937 -1.3661729
 6666 -0.36338854 -0.47759447
 4060 0.5324518 0.22828647
 7386 0.40570566 0.45361325
 2294 -0.06912137 -0.10841399
 6188 0.29660577 0.14669988
 1274 0.39475718 0.51463366
 6597 -0.86487037 -1.0729648
 11467 -1.2843677 -1.4850975
 10755 -0.9428781 -1.0193154
 8181 0.90863514 0.1890721
 6518 -0.6398128 -0.7318128
 781 -1.6809096 -1.6289725
 4493 -1.2891301 -1.2681545
 4288 0.6182942 0.26481348
 2127 -1.5990297 -1.3344314
 2662 -0.9550561 -0.49396744
 11716 0.6010953 0.6136761
 6002 -1.2045653 -0.56859386
 5415 0.3306037 0.12994379
 5719 1.0379611 0.91436255
 6694 0.945625 1.0872787
 10165 0.48540223 0.91710216
 5751 0.31851193 1.1053776
 10907 0.029404547 -0.81133795
 5176 1.4614278 1.6516172
 7755 -1.3835418 -1.3356991
 9372 -0.616476 -0.64917666
 432 -0.39897802 -0.38184816
 3543 -0.3505959 0.04610329
 277 1.0602267 0.9677743
 5492 -1.4241811 -1.4419961
 3184 1.602417 1.5732994
 6274 0.38651508 0.41214556
 2938 0.19332393 0.1574671
 8929 3.6244395 1.5415928
 6370 -1.0902721 -0.6934019
 11440 -0.37879363 -0.5709422
 6322 1.3079829 1.1697223
 10363 1.4588946 1.2888732
 3178 -0.4375279 -0.48509327
 4564 1.8959671 2.0265963
 1360 -0.39638942 -0.43889228
 4520 -0.44592813 -0.7798373
 11564 0.15727879 0.3027052
 2184 0.8890283 0.6431994
 10724 -0.48459026 -0.5818048
 6977 2.2522252 1.4473028
 7477 1.160323 1.0664808
 1026 0.07742179 0.08023998
 3161 0.3214755 0.21394175
 5426 0.4443903 0.3697299
 5204 0.48965117 0.9592649
 2309 -0.638687 -0.5525424
 3637 -1.28643 -1.3117998
 7819 0.29382557 0.6580209
 5477 -0.4746874 -0.5721377
 3185 -0.1472424 -0.109392665
 2876 -0.24642016 -0.23039714
 7775 -0.1662872 0.46447858
 3330 1.0105354 0.6204044
 8091 -0.33846977 0.03217105
 11097 -0.5206496 -0.4199125
 4416 -0.1469834 -0.09372636
 708 -0.5896741 -0.56684345
 10396 -0.13382815 -0.059557356
 4019 0.79593354 0.78456336
 11327 -0.43739632 -0.42417863
 11304 -1.215571 -1.1332426
 3318 -2.2474384 -2.0564227
 5875 0.3510842 -0.6656819
 4920 -0.38641503 -0.5464321
 11458 1.1204865 0.9073347
 2748 0.694042 0.85740054
 9837 1.1793294 1.2406454
 7451 -0.6562039 -0.03598257
 1942 -2.3462274 -2.1172514
 8072 -0.07343631 0.10942307
 87 -0.8441964 -0.83923584
 2518 -0.94577616 -0.90734655
 1468 -0.18458664 -0.9539017
 8827 -0.9765295 -0.8741835
 2568 -1.4299601 -1.4326577
 3102 0.18262756 0.145458
 5008 0.7811716 0.69225675
 3704 -0.5811551 -0.7554062
 5314 0.6881983 0.32082242
 7420 2.472361 1.6473048
 6687 0.22156064 0.21311928
 4382 0.65281695 -0.18907204
 6931 1.0545585 0.75923514
 4822 -0.36017698 -0.41991743
 6823 0.37031102 0.11280939
 3072 1.7298956 1.9415107
 7686 0.8888541 0.49564156
 1339 -0.34808475 -0.38966522
 2339 -0.23761103 -0.117104016
 9782 -0.8467309 -0.90518314
 686 3.5881262 3.2452765
 10469 -0.3288534 -0.5619226
 5481 1.412711 1.417246
 9659 -0.5746834 -0.47501484
 8422 -1.8364246 -1.7841263
 5908 0.7016781 0.4292253
 522 -1.4160284 -1.2779007
 2181 0.06613591 -0.12955713
 11769 -0.23067494 0.29953125
 7127 -1.6413971 -1.6358372
 2744 0.07663884 -0.13108444
 2303 -0.12306806 -0.5900532
 9935 -0.7639108 -0.8104614
 8680 0.13137628 0.12718824
 10452 -1.3004847 -1.0187153
 6406 -0.40090102 -0.62766284
 3440 -0.1665595 -0.2603355
 10543 -0.8207848 -0.8503402
 7297 -0.8738963 -1.0013733
 5965 0.3108768 0.39518815
 3968 -0.91982 -0.8423253
 11010 0.23108487 0.14980273
 5687 -0.20047672 -0.29650807
 7779 0.04717637 0.25647783
 10465 -0.081800334 -0.12786564
 4140 0.28112963 0.16019681
 8740 -0.11458669 0.49705213
 6289 -0.1175411 -0.052426957
 652 0.14040086 0.23841298
 8313 -0.71067965 -0.43957177
 10092 0.03222235 0.038543455
 9512 -0.03442852 -0.07466378
 302 -0.23766924 -0.26900044
 1374 -0.6904457 -0.64747006
 10912 -0.18249588 0.92208827
 1910 -0.38370404 -0.2879466
 10989 -0.8881485 -0.8638882
 4833 0.50622016 0.4864009
 11681 0.14480244 0.11084369
 9634 1.8640312 1.7134814
 6999 -0.39746025 -0.20747334
 9882 0.1527131 0.20449302
 2534 2.279579 1.2857018
 1023 1.3062588 1.2783397
 1101 0.14483407 0.17264593
 2927 0.33174878 0.15741925
 2924 0.24441661 0.27665284
 9684 1.4198222 1.5376713
 932 -0.04278887 0.018996298
 6127 -0.098393604 -0.013490528
 10086 1.7755145 1.7218007
 7042 -0.23462959 0.20152432
 9172 -1.0835171 -0.7216114
 2925 -0.47185355 -0.4430069
 1180 -0.6591607 -0.78297895
 2233 2.0490186 1.5983285
 10708 -0.7760681 -0.5995863
 8187 0.48616776 0.56437576
 9978 -0.2543716 0.06375174
 11175 1.0367069 0.9615542
 10048 -0.5228761 -0.082667045
 10502 -0.4573671 -0.51754016
 6354 0.27136108 0.37124166
 764 0.9690375 1.176609
 8681 0.08681172 0.0075332373
 4393 -1.0174947 -0.5449117
 9003 0.32860002 0.5871586
 3620 -0.0113571 -0.3505285
 10491 -1.1643409 -1.0302964
 4983 0.2497405 0.2438263
 9473 0.535199 0.33008686
 10024 -0.15718102 -0.11223855
 886 -0.14155224 -0.34533814
 4470 -0.7992761 -0.76296705
 7599 -1.3166466 -1.2776024
 11723 -1.2469336 -0.59561265
 2565 -0.13547474 -0.19867241
 1231 0.41766816 1.041643
 1749 2.5255885 2.2035308
 10308 -0.48706108 -0.39763936
 10953 -1.1682203 -1.0250459
 4067 0.2858177 0.34586087
 635 -0.7382952 -0.6635973
 7097 1.4306804 1.6189619
 1608 -0.650627 -0.973128
 7264 0.654464 0.5903093
 9470 -0.08382464 0.34755343
 11265 2.83413 2.2775292
 4638 -2.4792004 -1.9249287
 3049 -1.110435 -1.0686016
 3111 0.66745466 0.6975576
 11485 -0.9625253 -0.90407175
 338 -0.7837023 -0.68801504
 8537 0.85306656 0.46328864
 9072 -1.4010032 -1.0140166
 6781 -0.00643156 0.055310987
 4134 1.1008278 1.0993271
 9245 0.38354328 -0.1615442
 9350 0.056012087 0.3336657
 9147 1.0144162 -0.12822658
 5135 1.8529932 1.7897224
 436 -1.4092394 -1.5297668
 10691 -0.3845952 0.1742253
 3886 -1.1065078 -1.0982232
 10370 -0.08409006 -0.9816418
 1876 0.1745528 0.089500844
 5250 0.90343773 0.8252006
 5095 -0.9451092 -0.99386567
 10006 1.3068281 1.161109
 10113 1.0333422 0.69324535
 6220 1.6905504 1.8822163
 11125 0.5818479 0.69840384
 4191 -0.44566363 -0.47308537
 7162 2.709379 2.1511168
 1508 -0.77726036 -0.74573153
 7417 -0.36973742 0.92745984
 4257 0.4410412 -0.19626868
 1220 -0.3104673 -0.2301254
 4052 0.33040932 0.4288799
 1354 -0.7332766 -0.91714865
 10020 -1.1346139 -0.7819459
 5648 -0.2189004 0.42182037
 10634 -0.060017027 0.275232
 9352 -0.5231841 -0.4548225
 482 0.357952 0.3550499
 8425 -0.7565364 -1.2295859
 8955 1.3419313 0.8887472
 3889 -0.12413064 -0.19172287
 7279 2.7137043 2.3711948
 5497 0.19765584 0.54339457
 5868 -1.1112821 -1.092438
 4820 -0.85022575 -1.1477776
 4815 1.3499773 1.2862806
 11295 1.1396455 1.0115606
 2520 -0.4613236 -0.38585562
 6795 -1.0896436 -1.1652929
 2940 -0.3053075 -0.24913526
 8508 -0.0021482434 -0.04863172
 4482 -1.2379581 -1.0849819
 6180 0.9641642 1.0045803
 2113 0.59808224 0.78361917
 8335 -2.0072591 -1.7347814
 8450 -1.0326926 -0.63083655
 7920 -0.5192914 -0.4444978
 8671 -0.8700118 -0.24694124
 1943 -2.520223 -2.5294943
 7518 1.4615887 1.2142519
 2941 -0.60406613 -0.3816578
 998 -0.8311007 -0.7964032
 9786 -1.5611917 -1.3372273
 11792 0.7778216 0.7548206
 5632 -1.7076138 -1.7334186
 2842 0.405289 0.39584833
 7781 -1.2323513 -1.474435
 10709 -1.2233094 -0.91300696
 953 -1.2198263 -1.4184949
 10867 0.19883898 0.7072757
 2914 0.5868798 0.55810535
 1239 1.3169309 1.2245383
 4749 0.56283426 0.3130552
 158 0.1603588 0.2704778
 5225 0.03314374 0.04073759
 10171 -1.2447063 -0.5180819
 8858 -0.17668653 -0.19605559
 7631 -1.7228392 -1.1128516
 911 0.10591475 0.118521154
 9732 0.5470565 0.2877473
 7982 0.5639876 0.60470635
 2209 0.74171776 0.82506645
 5305 -0.06896551 -0.067344196
 11680 0.90274006 1.1453891
 9057 0.7173995 0.11150328
 1141 0.09500338 0.46497282
 5260 -1.144585 -1.7129937
 7088 0.34229663 0.5264137
 753 -0.3423483 -0.34251192
 11179 -1.4375838 -1.0763963
 2071 -0.38694128 -0.36314273
 2117 -0.04539627 -0.059271313
 9479 -2.0025578 -1.6632354
 7884 0.0177304 -0.019216143
 10067 0.38162944 0.28760052
 817 0.60010517 0.52784115
 2031 0.32682416 0.28644896
 2380 -2.5811753 -2.2037504
 3196 0.23440096 -0.14348617
 2918 0.25498968 0.33286938
 145 -1.0334384 -1.0362983
 7794 1.3168094 1.0332216
 4059 0.21623813 0.21399647
 5443 -0.3309249 -0.35597298
 11728 -1.1107384 -1.1751392
 7158 -1.5681068 -1.7169039
 3503 0.03849376 0.06009239
 9658 0.087545164 -0.23542526
 5037 0.43000975 0.41716072
 3426 0.61693084 0.6064023
 5313 0.21736717 0.31487125
 9178 -0.1757381 0.3183763
 4666 0.47963828 0.48531166
 3217 -0.4415884 -0.27958456
 1209 -0.016198292 -0.03118717
 651 0.7690363 0.59570295
 6209 -0.5656034 -0.8860537
 1622 0.7814668 0.63781065
 3435 -1.5876315 -1.5564225
 473 2.19409 2.1278543
 4262 1.4914169 1.2591898
 6653 0.6056358 0.42762884
 4595 -1.1258295 -1.118614
 2219 -0.67231727 -0.45194504
 230 1.63465 0.8115565
 7177 -0.082211524 0.06250237
 4193 -0.59415865 -0.6089241
 11323 -1.0040355 -0.8131496
 7020 0.26200965 0.27688652
 3419 -0.8974573 -0.9421472
 2221 -0.0076252413 0.098804355
 8627 0.39275166 0.16358119
 11026 0.12220914 0.17492354
 6427 -0.3319728 -0.11099947
 11337 3.5267975 1.4962894
 7502 1.5387769 1.2215652
 9456 1.7999455 1.8823981
 5350 0.46134615 0.25956702
 8943 -0.9619596 -1.2965444
 10499 0.26521894 0.38312405
 11273 1.3412368 1.2692032
 9515 -0.8509972 -0.8103285
 656 -0.08387277 -0.22588739
 752 1.11803 0.8633213
 3123 0.20500816 0.34498382
 7685 1.0385447 1.2313939
 6830 -1.0660157 -1.1318568
 4234 -0.3098471 -0.4635025
 4727 -0.33886123 -0.3847833
 5773 -0.14363201 -0.06656095
 10391 0.044709247 -0.11648532
 4716 -1.6020381 -1.7087249
 5094 1.2091187 -0.35436448
 10635 -1.0142858 -0.98087925
 9840 1.1920859 1.0298033
 6601 -0.064754166 -0.02725058
 5712 -0.09595765 -0.1405802
 4123 0.9461705 1.0699066
 2698 0.029692883 -0.038144834
 3604 -0.2108733 -0.22027585
 1525 -0.1500735 -0.09355711
 172 -0.17253661 -0.60971385
 8779 1.2579217 1.1706809
 5700 0.15341309 -0.44976828
 6788 -0.7189043 -0.09447423
 5810 -0.83189785 -0.7774043
 9739 -0.7303671 -0.69019085
 3452 0.63289064 -0.042858608
 4823 -0.9363473 -0.9410649
 1241 -0.29936296 -0.33139595
 10818 -0.3794542 -0.6126494
 3500 0.34650844 -0.15560594
 3188 -1.3590329 -1.391961
 11755 -0.44937852 -0.40326014
 624 -0.22350597 -0.81121725
 6560 -0.058716998 0.059796654
 1145 0.112490535 0.22979063
 10994 -0.9380626 -0.89123243
 11406 1.51695 1.5014098
 5728 0.24215713 0.07758516
 7892 0.040693637 -0.005003169
 7030 2.3812633 1.5825903
 9349 0.5495012 0.52333194
 740 -0.36011234 -0.35891643
 3756 0.26660377 0.21606958
 9390 1.7111148 1.7947968
 1048 0.55074024 0.7149241
 9316 0.3041309 0.049675256
 9386 0.5119891 -0.14711407
 7493 1.2025516 1.3602574
 5308 0.43175626 0.39688018
 2966 0.60996133 0.60538244
 4713 -0.14674549 -0.036693804
 282 -0.7881924 -0.2625925
 7163 -2.515229 -1.8109752
 1460 1.325653 0.6053058
 11650 0.2991545 0.4087554
 11394 -0.7432299 0.003111504
 4959 -0.5455258 -0.78527874
 2494 -1.0306976 -1.2521353
 4220 -1.2941239 -1.2777649
 6017 -1.276673 -1.2244339
 3375 -1.0681399 -1.0797045
 3156 -1.3292063 -1.261092
 1345 1.4333336 1.3130856
 2228 -1.0714835 -0.9675576
 7832 1.382081 1.42215
 9357 1.94902 1.2222457
 408 -0.68838567 -0.5623694
 9727 0.09626536 0.121499866
 3925 0.22048752 0.29556778
 7414 0.699977 1.0599337
 10361 0.6420816 -0.4849988
 7969 -0.7952256 -1.0053693
 2185 0.20003541 0.11650172
 11636 1.4749951 1.6874292
 6672 -0.88335454 -0.85717195
 7994 0.31576565 0.61963874
 2634 -0.8316971 -0.8708532
 1752 1.8276385 1.7648532
 3064 -0.17442386 -0.10930588
 9735 -1.1800361 -1.1110787
 4033 -0.64187706 0.5558363
 8711 -0.9009792 -0.8498822
 2020 0.26844013 0.35787055
 4398 -0.8792312 -0.7931033
 205 -1.5964617 -1.7412965
 11431 0.53561753 0.3992063
 37 1.2528118 0.7007764
 2146 0.14535299 0.18458721
 2444 -0.035988923 0.0011078417
 5109 -1.6769229 -1.3122554
 4761 -1.2449102 -1.3052455
 1934 1.0424548 1.2550211
 10795 -0.14124878 -0.18060029
 2902 0.620236 0.57226694
 868 0.85191506 0.617479
 459 -0.23278221 -0.4207712
 8713 0.21330571 0.2701456
 7739 1.5311848 1.0841411
 4436 1.1810365 0.04784707
 8606 1.2157274 -0.7971291
 9819 -0.2079221 -0.14967
 286 1.8763287 1.7363832
 7236 1.2471217 0.4320555
 5597 0.08833178 0.14889531
 3425 1.0080531 0.5158597
 241 1.4233533 1.3299205
 9994 0.975137 0.6228488
 9354 -0.32255217 -0.3146143
 8645 0.6079512 0.8129254
 1821 0.37627897 0.4174181
 8332 2.462985 1.3777963
 8866 -0.5857956 -0.33610973
 5165 -0.0004232731 -0.016932182
 9428 -0.7624879 -0.8780424
 9343 -1.7808864 -1.876883
 8734 0.40565526 1.0571306
 7325 -1.6129353 -1.2034341
 9676 1.583005 1.3922511
 55 -0.24772799 -0.17815849
 8614 1.0381641 1.2087836
 4057 -1.8051666 -0.52026325
 10392 1.1517959 0.9707336
 2635 -0.7067259 -0.6665434
 9838 1.5344477 0.85844535
 9146 -0.6105736 -0.53818846
 3402 -0.4595821 -1.1163172
 5336 0.007878862 -0.05953584
 2000 0.06817902 0.24279654
 11100 -0.93808144 -0.9606101
 5347 -1.7468389 -1.0710258
 636 -0.6528869 -0.7036156
 9373 -0.25307387 0.2930245
 1465 -1.3748821 -1.2772447
 3959 -0.15465294 -0.087998144
 8298 -0.19655783 -0.30589727
 11617 -0.18475854 -0.6067745
 2472 -0.49866736 -0.7224798
 1526 0.15489143 0.37428802
 8994 0.5410317 0.49433923
 9697 0.34998038 -0.83086723
 3939 2.038035 1.6407148
 11479 1.6480702 1.6367311
 4386 0.5196967 0.49890116
 7853 -0.038219053 -0.5938248
 8327 0.17950079 0.29083425
 1924 -1.1301875 -1.3278251
 10000 0.3050523 0.38588637
 9268 0.03989968 0.1005013
 11778 0.10472336 -0.26673147
 5124 -0.018138712 0.23449191
 7813 -1.4123204 -1.1694155
 2887 -0.034156688 0.025602527
 175 -0.004066201 -0.099602185
 4738 -0.16521591 -0.11831484
 2626 -1.6390111 -1.5156556
 7858 -0.7484777 -1.0693336
 7931 0.79675823 0.40965044
 8415 0.17904514 0.02712527
 78 -0.26341042 -0.2803382
 4420 -1.1388696 -1.1701298
 9733 0.2842532 -0.17263296
 2993 2.6346898 1.6375533
 3302 0.531722 0.23998377
 10123 -0.29996485 -0.22348526
 9876 1.6101837 1.2769887
 11437 -0.9075559 -0.6818388
 11258 0.37381825 0.54518723
 376 0.50079036 0.5200986
 7376 -0.12680174 -0.04460039
 1264 0.9419954 1.0133299
 456 -0.06578282 -0.025820948
 3424 1.0020915 0.35812667
 8280 0.8304554 0.32732362
