 1280 -0.63051176 -0.64239824
 1505 -0.7419008 -0.523173
 3394 -0.104333214 -0.28223163
 3367 1.5858333 1.6217617
 5031 3.2066395 2.786632
 4178 0.24878117 0.48160738
 533 -0.644953 -0.5034486
 823 -0.40150765 -0.26449564
 24 -0.8557554 -0.8334502
 2105 -1.5966419 -1.4192365
 1724 -2.0090687 -0.78170305
 543 0.22024189 0.25158182
 544 0.34350032 0.33275083
 1411 -1.6664183 -1.1552613
 644 -1.3155676 -0.9480939
 4415 -0.9048332 -0.5769905
 568 -0.48359522 -0.42909837
 3280 0.32183775 0.46336427
 1777 -1.378706 -1.1071644
 694 0.40088254 -0.10889344
 344 -0.77865577 -0.71098626
 25 -0.0015257358 -0.2748574
 379 -0.37587067 -0.7944596
 3871 -0.19174603 -0.36489865
 1734 -0.5248551 -0.6803735
 520 0.07695684 0.33356807
 3433 1.2527376 0.63173085
 1258 -0.4096565 -0.3182179
 3823 -1.1786597 -1.0487622
 2448 0.2977793 0.36745325
 3057 -1.3716989 -1.3845698
 530 0.24848637 0.8359897
 3958 0.9660853 0.92883074
 3386 1.1536088 1.2360883
 5055 1.8588691 1.5065814
 3899 0.9202096 0.7243054
 5025 4.035829 3.213339
 1379 0.24225864 0.09432749
 3683 0.83734894 0.7168281
 1319 -0.40842664 -0.67292476
 3409 -0.1800845 -0.39694762
 404 -0.6431947 0.10891232
 504 -0.59107196 -0.5124757
 3067 -1.0741961 -1.0700612
 5183 -0.98621964 -1.1539588
 3360 3.4902713 3.857022
 389 1.0824761 0.74567795
 3655 0.29316455 -0.21406785
 3055 -0.61048055 -0.25503537
 303 0.33531857 0.15951344
 3094 0.0646232 -0.20731454
 3705 0.05363993 0.0015190169
 2779 5.6179814 1.0599209
 2429 -0.65805805 -0.60966015
 4609 0.0970019 0.1689589
 3460 0.24337597 0.06594657
 2181 -0.11808541 -0.22620341
 4454 -0.58361924 -0.43479466
 1547 -0.19076124 0.17622606
 3697 -0.067942716 0.5151723
 4114 0.023135018 -0.37653404
 1527 3.8343077 1.9376755
 1656 0.7718347 0.92482364
 4486 -1.495044 -1.3085471
 4852 0.007892494 0.10849035
 53 -0.40786165 -0.28276184
 855 0.29130358 0.3832606
 4379 -0.23612805 -0.38345793
 311 -0.36732343 -1.0217739
 1406 0.96783936 1.1431489
 3455 -1.5209574 -1.3465383
 1888 -0.13042824 -0.4085283
 1217 -0.8905054 -1.0396364
 1894 -1.1109046 -0.9254122
 1514 -1.5488646 -1.7455571
 4430 -0.3136883 -0.30915815
 148 -1.0697384 -1.188906
 2550 -0.4709927 -0.35985595
 3260 -1.1828883 -0.87655234
 2022 -0.6796153 -0.87113994
 3531 -0.0017380514 -0.3596491
 3659 -0.59919477 -0.45739725
 2005 -1.0387583 -0.46025997
 152 -0.5144482 -0.5864266
 1849 -0.3075028 -0.43863612
 5114 2.3931758 1.6036869
 4799 0.6659964 0.25693274
 4836 1.4225078 1.7038201
 1511 -0.3043699 -0.06636225
 4905 0.9621362 0.9465682
 178 -0.4884255 -1.0000697
 3861 0.8372566 0.60792005
 5175 0.89226633 0.64596736
 5080 1.2415719 0.8438193
 2330 2.1155665 1.389426
 1281 -0.7733032 -0.88966537
 5033 1.7785971 0.78775114
 1610 0.85529274 0.88707405
 2414 -1.3387135 -1.1400493
 270 -1.0511056 -0.92785287
 2777 -1.1259856 -0.58138734
 2109 -0.35455093 -0.14601949
 4095 0.19236584 -0.021046817
 1380 0.18737751 -0.3294633
 2598 0.3565702 0.36591265
 4522 -0.6875072 -0.6061269
 4589 -0.6724501 -1.2593721
 2769 1.5967679 1.732148
 5204 -1.0712248 -0.97342014
 382 -0.18881667 0.021265104
 4511 -0.37498045 -0.51591325
 4032 0.11945705 0.024698783
 2177 -0.62593645 -0.65093684
 5057 3.7030888 3.1943376
 771 -0.584448 -0.6215968
 2694 1.6373222 1.6160996
 558 0.3548888 -0.2115388
 2610 2.4043846 2.0657954
 3997 -0.92825687 -0.5941406
 4772 -1.1424203 -1.357611
 2953 -0.10993084 -0.46749297
 2222 -0.38529256 -0.014192767
 815 1.1322002 1.0735623
 3759 -0.94739866 -0.04118961
 817 -0.35985452 -0.71006113
 5170 0.23316506 0.46685788
 857 -0.70039386 -0.6390277
 4491 -0.87153447 -1.3617679
 3374 0.47113335 0.29733634
 4048 1.6885004 1.2128094
 3670 0.52750844 0.60332316
 2487 -0.5935867 -0.74938464
 953 -1.4248441 -1.575706
 3901 -0.0055181277 -0.03272316
 5182 -0.23097366 -0.023389665
 1188 -1.0749509 -1.2880694
 2489 0.08373501 -0.2258941
 973 -0.15478863 -0.40089318
 1878 -0.022968037 -0.32283443
 1880 -1.1503916 -0.73649174
 1945 0.9618379 -0.033361297
 4094 -0.32543314 -0.2268227
 3999 -1.4875885 -1.2377961
 3104 0.20741346 0.28381482
 1735 1.2308644 0.7184308
 3687 -0.36580214 -0.59664655
 1355 -0.85921806 -0.8640659
 2069 -0.54678845 -0.35763463
 3798 -0.33760968 -0.3727375
 2456 -1.2076651 -0.9127697
 990 0.9235347 0.87714595
 2436 -0.3845117 -0.1066709
 4331 -0.5403538 -0.6454502
 1166 0.08470123 -0.25356123
 1172 -0.6698655 -0.19564149
 2644 -0.017734077 -0.08019289
 5017 0.39184037 0.45745078
 2075 -0.58538324 -0.65007746
 1983 -0.67826325 -0.6941604
 1898 1.0911804 0.42029652
 2988 -0.4572449 -0.36804786
 4812 0.69303983 0.7344301
 2866 2.154341 2.3723114
 4914 1.7503825 1.6169232
 3192 -0.19755024 0.11911319
 4442 1.2196715 1.0950401
 1213 -0.1417583 -0.44084698
 1504 -0.30328894 -0.29084834
 2725 -1.4677734 -1.3414718
 3465 -0.4472911 -0.31691775
 3114 -0.17205116 -0.43120956
 3602 1.4872727 1.0300826
 5106 0.859674 0.70966613
 2103 0.05362646 0.7369281
 3416 -1.7682842 -1.6030798
 2784 -0.313557 0.3994922
 5090 -1.525454 -0.9016258
 4197 -0.9057831 -1.0452635
 1641 0.6431498 1.4729153
 3916 -0.25468418 -0.4387972
 3534 0.41256836 0.81026167
 5107 -0.32543835 -0.014230672
 3417 0.9435821 0.9786191
 1130 -1.6071693 -0.98600596
 3115 -0.21649018 -0.27440557
 3339 -0.63498795 -1.0141882
 112 -0.88065493 -0.39960667
 4080 -0.24520607 -0.13037062
 1748 -1.9035951 -0.7981939
 1301 -0.5832535 -0.37713107
 803 -0.582205 -0.3367439
 2755 -0.8211943 -0.61027324
 4166 0.8144187 0.49452287
 3371 -0.39587408 -0.15527917
 3244 0.22832757 -0.16306564
 3187 -0.2850338 0.20008291
 3452 -0.39894053 -0.58137655
 2883 -0.33059773 -0.3721201
 4739 -0.401707 -0.18182258
 3345 0.9578843 0.6566213
 2994 1.5236274 1.2929482
 2842 -0.97161317 -1.1955111
 828 -0.7338133 -0.7885548
 2015 1.4298729 1.8352907
 3943 0.43094942 0.9819887
 3821 -1.1830357 -1.5299119
 3278 -1.1296809 -1.0142759
 4142 -0.49994317 -0.15613511
 912 0.50037175 0.46853366
 5045 1.4807386 1.7420782
 3993 0.78099453 0.30065385
 4802 1.1405078 0.8376259
 138 1.1550387 1.5843848
 1066 -0.28909594 -0.36518228
 1549 0.91075724 0.29776707
 3541 0.15353683 0.30423385
 315 -1.2296349 -1.1721907
 1766 0.6926882 0.66374516
 3432 0.5955745 0.7060139
 1003 -0.9663615 -0.7128785
 211 0.78194183 0.47760788
 2041 1.6429104 1.5767379
 2237 -0.5250386 -0.6612976
 640 1.3379785 1.5011425
 1570 -0.47235745 -0.34058917
 804 -0.741699 -0.8739579
 4652 0.04605363 -0.023379283
 1044 -0.8086415 -1.1386405
 2844 2.0827668 0.6351716
 3500 0.19906896 0.20780367
 812 -1.2296599 -1.1649803
 4428 -0.46055764 -0.46426365
 4272 1.1492631 0.63645464
 760 -0.38254702 -1.0040898
 2621 -1.1610382 -0.70112294
 2085 1.1873671 1.4433669
 1966 0.97228175 1.4448587
 4086 0.012017736 -0.444565
 922 0.15353237 0.17516682
 1019 0.21861252 -0.46288347
 2847 -0.019026376 0.28793612
 3680 0.5794793 0.3977169
 3715 1.2015016 1.347152
 3525 0.7579058 0.68063194
 1453 1.0164845 0.53712076
 4276 -0.9450205 -0.9862194
 2524 -0.12609784 -0.41766092
 1760 -0.8717825 -0.84727323
 2597 0.6578416 0.50227976
 5032 -1.9678731 0.68733835
 4751 0.5556213 0.47159705
 4111 -0.4237828 -0.41212767
 3607 -0.30840284 -0.75920594
 4879 2.9380038 2.680407
 4978 1.6701288 1.7956847
 150 -1.0574625 -1.0447376
 2040 -0.39464545 -0.37440398
 3132 -0.086897515 -0.19268142
 609 -1.3097639 -1.3253441
 1890 -0.07694002 0.080238536
 4244 -1.7584665 -1.4279498
 3639 -0.82607 -0.46301648
 957 -1.1229662 -1.133893
