results/cyclo-none/fold_0/test_scores.csv:G_act,2.552076499605732,0.0,2.552076499605732,3.5210079970908286,0.0,3.5210079970908286
results/cyclo-none/fold_1/test_scores.csv:G_act,2.7261488120807735,0.0,2.7261488120807735,3.6754997393371496,0.0,3.6754997393371496
results/cyclo-none/fold_2/test_scores.csv:G_act,2.64752446691734,0.0,2.64752446691734,3.653980199056877,0.0,3.653980199056877
results/cyclo-none/fold_3/test_scores.csv:G_act,2.9394893211707873,0.0,2.9394893211707873,4.345920323417593,0.0,4.345920323417593
results/cyclo-none/fold_4/test_scores.csv:G_act,2.6221757248133426,0.0,2.6221757248133426,3.692245252189411,0.0,3.692245252189411
results/cyclo-none/fold_5/test_scores.csv:G_act,2.854232804399592,0.0,2.854232804399592,3.7570760059821513,0.0,3.7570760059821513
results/cyclo-none/fold_6/test_scores.csv:G_act,2.5634644460114804,0.0,2.5634644460114804,3.5095218519028366,0.0,3.5095218519028366
results/cyclo-none/fold_7/test_scores.csv:G_act,2.732082869859127,0.0,2.732082869859127,3.7848114401387303,0.0,3.7848114401387303
results/cyclo-none/fold_8/test_scores.csv:G_act,2.6342524304050836,0.0,2.6342524304050836,3.5349766060657664,0.0,3.5349766060657664
results/cyclo-none/fold_9/test_scores.csv:G_act,2.8126676709624565,0.0,2.8126676709624565,3.7937621627382097,0.0,3.7937621627382097
results/cyclo-none-withH/fold_0/test_scores.csv:G_act,2.58834685249583,0.0,2.58834685249583,3.6076924257133722,0.0,3.6076924257133722
results/cyclo-none-withH/fold_1/test_scores.csv:G_act,2.808215769381269,0.0,2.808215769381269,3.84721421284454,0.0,3.84721421284454
results/cyclo-none-withH/fold_2/test_scores.csv:G_act,2.6660394357136457,0.0,2.6660394357136457,3.608861640345454,0.0,3.608861640345454
results/cyclo-none-withH/fold_3/test_scores.csv:G_act,2.8759124582407214,0.0,2.8759124582407214,4.321497774491675,0.0,4.321497774491675
results/cyclo-none-withH/fold_4/test_scores.csv:G_act,2.779981415987446,0.0,2.779981415987446,3.863033080996163,0.0,3.863033080996163
results/cyclo-none-withH/fold_5/test_scores.csv:G_act,2.8682473085751266,0.0,2.8682473085751266,3.778825744457134,0.0,3.778825744457134
results/cyclo-none-withH/fold_6/test_scores.csv:G_act,2.7133153591744006,0.0,2.7133153591744006,3.7161768552070846,0.0,3.7161768552070846
results/cyclo-none-withH/fold_7/test_scores.csv:G_act,2.7413009555919396,0.0,2.7413009555919396,3.7577233430324006,0.0,3.7577233430324006
results/cyclo-none-withH/fold_8/test_scores.csv:G_act,2.6675962946781158,0.0,2.6675962946781158,3.6276957004696215,0.0,3.6276957004696215
results/cyclo-none-withH/fold_9/test_scores.csv:G_act,2.9045401504263655,0.0,2.9045401504263655,3.832410392137557,0.0,3.832410392137557
results/cyclo-rxnmapper/fold_0/test_scores.csv:G_act,2.6064460381716823,0.0,2.6064460381716823,3.6388702209517243,0.0,3.6388702209517243
results/cyclo-rxnmapper/fold_1/test_scores.csv:G_act,2.7523267391170356,0.0,2.7523267391170356,3.663999958390967,0.0,3.663999958390967
results/cyclo-rxnmapper/fold_2/test_scores.csv:G_act,2.6379859442575877,0.0,2.6379859442575877,3.5246866077809837,0.0,3.5246866077809837
results/cyclo-rxnmapper/fold_3/test_scores.csv:G_act,2.75126478121414,0.0,2.75126478121414,4.097639181942622,0.0,4.097639181942622
results/cyclo-rxnmapper/fold_4/test_scores.csv:G_act,2.7778334207545075,0.0,2.7778334207545075,3.8527857684642224,0.0,3.8527857684642224
results/cyclo-rxnmapper/fold_5/test_scores.csv:G_act,2.834997878584618,0.0,2.834997878584618,3.7983855023028026,0.0,3.7983855023028026
results/cyclo-rxnmapper/fold_6/test_scores.csv:G_act,2.603580067634273,0.0,2.603580067634273,3.571407040878527,0.0,3.571407040878527
results/cyclo-rxnmapper/fold_7/test_scores.csv:G_act,2.759268515631022,0.0,2.759268515631022,3.808126944703941,0.0,3.808126944703941
results/cyclo-rxnmapper/fold_8/test_scores.csv:G_act,2.6753429648399156,0.0,2.6753429648399156,3.6689156670531538,0.0,3.6689156670531538
results/cyclo-rxnmapper/fold_9/test_scores.csv:G_act,2.685493668170847,0.0,2.685493668170847,3.5694133457772113,0.0,3.5694133457772113
results/cyclo-rxnmapper-withH/fold_0/test_scores.csv:G_act,2.5902286326029507,0.0,2.5902286326029507,3.6552170603925562,0.0,3.6552170603925562
results/cyclo-rxnmapper-withH/fold_1/test_scores.csv:G_act,2.9140984967378962,0.0,2.9140984967378962,3.9421109324168437,0.0,3.9421109324168437
results/cyclo-rxnmapper-withH/fold_2/test_scores.csv:G_act,2.804644214546798,0.0,2.804644214546798,3.6416983809884735,0.0,3.6416983809884735
results/cyclo-rxnmapper-withH/fold_3/test_scores.csv:G_act,2.910598959434449,0.0,2.910598959434449,4.343396735000961,0.0,4.343396735000961
results/cyclo-rxnmapper-withH/fold_4/test_scores.csv:G_act,2.7342550573509867,0.0,2.7342550573509867,3.913027066506499,0.0,3.913027066506499
results/cyclo-rxnmapper-withH/fold_5/test_scores.csv:G_act,2.9240152795084193,0.0,2.9240152795084193,3.848982514595175,0.0,3.848982514595175
results/cyclo-rxnmapper-withH/fold_6/test_scores.csv:G_act,2.672941789603478,0.0,2.672941789603478,3.6397132090056954,0.0,3.6397132090056954
results/cyclo-rxnmapper-withH/fold_7/test_scores.csv:G_act,2.7354032569310163,0.0,2.7354032569310163,3.8399462419219024,0.0,3.8399462419219024
results/cyclo-rxnmapper-withH/fold_8/test_scores.csv:G_act,2.6838352998101973,0.0,2.6838352998101973,3.699063358873648,0.0,3.699063358873648
results/cyclo-rxnmapper-withH/fold_9/test_scores.csv:G_act,2.955620754023033,0.0,2.955620754023033,3.958842123855802,0.0,3.958842123855802
results/cyclo-scaffold-none/fold_0/test_scores.csv:G_act,3.377402407353809,0.0,3.377402407353809,4.387720990387975,0.0,4.387720990387975
results/cyclo-scaffold-none/fold_1/test_scores.csv:G_act,2.8219920320996605,0.0,2.8219920320996605,3.653413802177467,0.0,3.653413802177467
results/cyclo-scaffold-none/fold_2/test_scores.csv:G_act,3.2219660152145706,0.0,3.2219660152145706,4.237820400776041,0.0,4.237820400776041
results/cyclo-scaffold-none/fold_3/test_scores.csv:G_act,3.023963982538011,0.0,3.023963982538011,3.9761784026445195,0.0,3.9761784026445195
results/cyclo-scaffold-none/fold_4/test_scores.csv:G_act,2.9476022317322834,0.0,2.9476022317322834,3.8670512875102356,0.0,3.8670512875102356
results/cyclo-scaffold-none/fold_5/test_scores.csv:G_act,3.6832919551315486,0.0,3.6832919551315486,5.031106787750991,0.0,5.031106787750991
results/cyclo-scaffold-none/fold_6/test_scores.csv:G_act,2.621576078645559,0.0,2.621576078645559,3.3730869884315897,0.0,3.3730869884315897
results/cyclo-scaffold-none/fold_7/test_scores.csv:G_act,3.202261504374335,0.0,3.202261504374335,4.289468668760941,0.0,4.289468668760941
results/cyclo-scaffold-none/fold_8/test_scores.csv:G_act,2.7289884328105476,0.0,2.7289884328105476,3.6411306326535557,0.0,3.6411306326535557
results/cyclo-scaffold-none/fold_9/test_scores.csv:G_act,3.228615137344483,0.0,3.228615137344483,4.159158089219376,0.0,4.159158089219376
results/cyclo-scaffold-rxnmapper/fold_0/test_scores.csv:G_act,2.7097936241237854,0.0,2.7097936241237854,3.661120732353222,0.0,3.661120732353222
results/cyclo-scaffold-rxnmapper/fold_1/test_scores.csv:G_act,2.789060435152851,0.0,2.789060435152851,3.608728778441985,0.0,3.608728778441985
results/cyclo-scaffold-rxnmapper/fold_2/test_scores.csv:G_act,3.026377796920316,0.0,3.026377796920316,4.09143599993229,0.0,4.09143599993229
results/cyclo-scaffold-rxnmapper/fold_3/test_scores.csv:G_act,2.9250175486364527,0.0,2.9250175486364527,3.822806802267574,0.0,3.822806802267574
results/cyclo-scaffold-rxnmapper/fold_4/test_scores.csv:G_act,2.930168990534897,0.0,2.930168990534897,3.854740899639157,0.0,3.854740899639157
results/cyclo-scaffold-rxnmapper/fold_5/test_scores.csv:G_act,3.381049634212461,0.0,3.381049634212461,4.7797052577746175,0.0,4.7797052577746175
results/cyclo-scaffold-rxnmapper/fold_6/test_scores.csv:G_act,2.5623956981760285,0.0,2.5623956981760285,3.3222754347281978,0.0,3.3222754347281978
results/cyclo-scaffold-rxnmapper/fold_7/test_scores.csv:G_act,3.1797374463648826,0.0,3.1797374463648826,4.319820033466847,0.0,4.319820033466847
results/cyclo-scaffold-rxnmapper/fold_8/test_scores.csv:G_act,2.742687229726563,0.0,2.742687229726563,3.6529054095882647,0.0,3.6529054095882647
results/cyclo-scaffold-rxnmapper/fold_9/test_scores.csv:G_act,2.9266516341971296,0.0,2.9266516341971296,3.80274279218252,0.0,3.80274279218252
results/cyclo-scaffold-true/fold_0/test_scores.csv:G_act,2.8169533558107287,0.0,2.8169533558107287,3.7409568438264302,0.0,3.7409568438264302
results/cyclo-scaffold-true/fold_1/test_scores.csv:G_act,2.734064236218958,0.0,2.734064236218958,3.5916856614257284,0.0,3.5916856614257284
results/cyclo-scaffold-true/fold_2/test_scores.csv:G_act,3.1478300907991144,0.0,3.1478300907991144,4.098538396934209,0.0,4.098538396934209
results/cyclo-scaffold-true/fold_3/test_scores.csv:G_act,2.8203255401740095,0.0,2.8203255401740095,3.760568962261422,0.0,3.760568962261422
results/cyclo-scaffold-true/fold_4/test_scores.csv:G_act,2.894200586239167,0.0,2.894200586239167,3.8018984617551084,0.0,3.8018984617551084
results/cyclo-scaffold-true/fold_5/test_scores.csv:G_act,3.491506967844732,0.0,3.491506967844732,4.871328421836709,0.0,4.871328421836709
results/cyclo-scaffold-true/fold_6/test_scores.csv:G_act,2.570783788164065,0.0,2.570783788164065,3.3174749591894575,0.0,3.3174749591894575
results/cyclo-scaffold-true/fold_7/test_scores.csv:G_act,3.0012052190678222,0.0,3.0012052190678222,3.9779808029478474,0.0,3.9779808029478474
results/cyclo-scaffold-true/fold_8/test_scores.csv:G_act,2.7632258538034735,0.0,2.7632258538034735,3.672608467987117,0.0,3.672608467987117
results/cyclo-scaffold-true/fold_9/test_scores.csv:G_act,2.996869983126695,0.0,2.996869983126695,3.908895099372862,0.0,3.908895099372862
results/cyclo-true/fold_0/test_scores.csv:G_act,2.5945754238996095,0.0,2.5945754238996095,3.5846651044090345,0.0,3.5846651044090345
results/cyclo-true/fold_1/test_scores.csv:G_act,2.5889596412672895,0.0,2.5889596412672895,3.466022584302615,0.0,3.466022584302615
results/cyclo-true/fold_2/test_scores.csv:G_act,2.6779941659428075,0.0,2.6779941659428075,3.6394031741638564,0.0,3.6394031741638564
results/cyclo-true/fold_3/test_scores.csv:G_act,2.845043681018239,0.0,2.845043681018239,4.19237114405144,0.0,4.19237114405144
results/cyclo-true/fold_4/test_scores.csv:G_act,2.7031393057931967,0.0,2.7031393057931967,3.7407735223827285,0.0,3.7407735223827285
results/cyclo-true/fold_5/test_scores.csv:G_act,2.8029694043819258,0.0,2.8029694043819258,3.711928657531473,0.0,3.711928657531473
results/cyclo-true/fold_6/test_scores.csv:G_act,2.5751257173960083,0.0,2.5751257173960083,3.460667613515503,0.0,3.460667613515503
results/cyclo-true/fold_7/test_scores.csv:G_act,2.7108160280197677,0.0,2.7108160280197677,3.7302156986221595,0.0,3.7302156986221595
results/cyclo-true/fold_8/test_scores.csv:G_act,2.604216952996832,0.0,2.604216952996832,3.641056436272031,0.0,3.641056436272031
results/cyclo-true/fold_9/test_scores.csv:G_act,2.837489657152011,0.0,2.837489657152011,3.8180761772242477,0.0,3.8180761772242477
results/gdb-none/fold_0/test_scores.csv:dE0,9.324481946948612,0.0,9.324481946948612,13.48555387789307,0.0,13.48555387789307
results/gdb-none/fold_1/test_scores.csv:dE0,8.923929913419316,0.0,8.923929913419316,12.733595076698776,0.0,12.733595076698776
results/gdb-none/fold_2/test_scores.csv:dE0,8.856239619287548,0.0,8.856239619287548,12.86837175274694,0.0,12.86837175274694
results/gdb-none/fold_3/test_scores.csv:dE0,9.388992093283136,0.0,9.388992093283136,14.074792370894118,0.0,14.074792370894118
results/gdb-none/fold_4/test_scores.csv:dE0,8.751511328944211,0.0,8.751511328944211,12.69399030292338,0.0,12.69399030292338
results/gdb-none/fold_5/test_scores.csv:dE0,9.065257181615529,0.0,9.065257181615529,13.159268531619487,0.0,13.159268531619487
results/gdb-none/fold_6/test_scores.csv:dE0,9.177283032546727,0.0,9.177283032546727,13.816566571601488,0.0,13.816566571601488
results/gdb-none/fold_7/test_scores.csv:dE0,9.008863411256641,0.0,9.008863411256641,13.133319481411382,0.0,13.133319481411382
results/gdb-none/fold_8/test_scores.csv:dE0,9.16295663720674,0.0,9.16295663720674,13.564336758597676,0.0,13.564336758597676
results/gdb-none/fold_9/test_scores.csv:dE0,8.764733585782276,0.0,8.764733585782276,12.85480472704997,0.0,12.85480472704997
results/gdb-none-withH/fold_0/test_scores.csv:dE0,9.294903930504018,0.0,9.294903930504018,13.465105869586338,0.0,13.465105869586338
results/gdb-none-withH/fold_1/test_scores.csv:dE0,8.515356214703061,0.0,8.515356214703061,12.523181103883834,0.0,12.523181103883834
results/gdb-none-withH/fold_2/test_scores.csv:dE0,8.71837515275129,0.0,8.71837515275129,12.781233992816162,0.0,12.781233992816162
results/gdb-none-withH/fold_3/test_scores.csv:dE0,9.419807732691558,0.0,9.419807732691558,13.93106942099192,0.0,13.93106942099192
results/gdb-none-withH/fold_4/test_scores.csv:dE0,8.736791244362182,0.0,8.736791244362182,13.029048492528661,0.0,13.029048492528661
results/gdb-none-withH/fold_5/test_scores.csv:dE0,8.948605677854173,0.0,8.948605677854173,13.043620331964178,0.0,13.043620331964178
results/gdb-none-withH/fold_6/test_scores.csv:dE0,8.944815539092442,0.0,8.944815539092442,13.151866167944027,0.0,13.151866167944027
results/gdb-none-withH/fold_7/test_scores.csv:dE0,8.860482684950657,0.0,8.860482684950657,12.9465302966976,0.0,12.9465302966976
results/gdb-none-withH/fold_8/test_scores.csv:dE0,8.81202547567268,0.0,8.81202547567268,13.37851123166481,0.0,13.37851123166481
results/gdb-none-withH/fold_9/test_scores.csv:dE0,8.498004643506576,0.0,8.498004643506576,12.675563705967397,0.0,12.675563705967397
results/gdb-rxnmapper/fold_0/test_scores.csv:dE0,5.796426547576509,0.0,5.796426547576509,9.637073720370385,0.0,9.637073720370385
results/gdb-rxnmapper/fold_1/test_scores.csv:dE0,5.790104841953084,0.0,5.790104841953084,9.788301868519246,0.0,9.788301868519246
results/gdb-rxnmapper/fold_2/test_scores.csv:dE0,5.645293632807055,0.0,5.645293632807055,9.556391647220947,0.0,9.556391647220947
results/gdb-rxnmapper/fold_3/test_scores.csv:dE0,5.942843620480293,0.0,5.942843620480293,10.127881474733131,0.0,10.127881474733131
results/gdb-rxnmapper/fold_4/test_scores.csv:dE0,5.744545609886167,0.0,5.744545609886167,9.554979660014698,0.0,9.554979660014698
results/gdb-rxnmapper/fold_5/test_scores.csv:dE0,5.823476850254494,0.0,5.823476850254494,9.77105767634104,0.0,9.77105767634104
results/gdb-rxnmapper/fold_6/test_scores.csv:dE0,5.585051970514767,0.0,5.585051970514767,9.39828005233306,0.0,9.39828005233306
results/gdb-rxnmapper/fold_7/test_scores.csv:dE0,5.732842430410447,0.0,5.732842430410447,9.588810051994617,0.0,9.588810051994617
results/gdb-rxnmapper/fold_8/test_scores.csv:dE0,5.362378968787779,0.0,5.362378968787779,9.127750996988741,0.0,9.127750996988741
results/gdb-rxnmapper/fold_9/test_scores.csv:dE0,5.454116744271319,0.0,5.454116744271319,9.179524598976334,0.0,9.179524598976334
results/gdb-rxnmapper-withH/fold_0/test_scores.csv:dE0,6.477441203299768,0.0,6.477441203299768,10.337750338009473,0.0,10.337750338009473
results/gdb-rxnmapper-withH/fold_1/test_scores.csv:dE0,6.288231241464713,0.0,6.288231241464713,10.57954892877711,0.0,10.57954892877711
results/gdb-rxnmapper-withH/fold_2/test_scores.csv:dE0,6.273115654533045,0.0,6.273115654533045,10.453947325043055,0.0,10.453947325043055
results/gdb-rxnmapper-withH/fold_3/test_scores.csv:dE0,6.458243625199488,0.0,6.458243625199488,10.724413917812383,0.0,10.724413917812383
results/gdb-rxnmapper-withH/fold_4/test_scores.csv:dE0,6.426423429663093,0.0,6.426423429663093,10.559444402809492,0.0,10.559444402809492
results/gdb-rxnmapper-withH/fold_5/test_scores.csv:dE0,6.407203123272888,0.0,6.407203123272888,10.791561364199689,0.0,10.791561364199689
results/gdb-rxnmapper-withH/fold_6/test_scores.csv:dE0,6.223701939913776,0.0,6.223701939913776,10.17766243247001,0.0,10.17766243247001
results/gdb-rxnmapper-withH/fold_7/test_scores.csv:dE0,6.233897214945745,0.0,6.233897214945745,10.108559200764613,0.0,10.108559200764613
results/gdb-rxnmapper-withH/fold_8/test_scores.csv:dE0,6.438903487053936,0.0,6.438903487053936,10.515095859093387,0.0,10.515095859093387
results/gdb-rxnmapper-withH/fold_9/test_scores.csv:dE0,6.338477334892103,0.0,6.338477334892103,10.30330904175418,0.0,10.30330904175418
results/gdb-scaffold-none/fold_0/test_scores.csv:dE0,13.037434466147042,0.0,13.037434466147042,17.325777294473948,0.0,17.325777294473948
results/gdb-scaffold-none/fold_1/test_scores.csv:dE0,13.025070894672432,0.0,13.025070894672432,17.540802546276552,0.0,17.540802546276552
results/gdb-scaffold-none/fold_2/test_scores.csv:dE0,14.164899593850576,0.0,14.164899593850576,19.025332769797945,0.0,19.025332769797945
results/gdb-scaffold-none/fold_3/test_scores.csv:dE0,12.337197604573907,0.0,12.337197604573907,16.638794903473375,0.0,16.638794903473375
results/gdb-scaffold-none/fold_4/test_scores.csv:dE0,13.232965615482504,0.0,13.232965615482504,17.76125516042505,0.0,17.76125516042505
results/gdb-scaffold-none/fold_5/test_scores.csv:dE0,13.311966108384743,0.0,13.311966108384743,18.152067074954697,0.0,18.152067074954697
results/gdb-scaffold-none/fold_6/test_scores.csv:dE0,12.665789667038094,0.0,12.665789667038094,17.671763611658317,0.0,17.671763611658317
results/gdb-scaffold-none/fold_7/test_scores.csv:dE0,12.57392153483364,0.0,12.57392153483364,16.536232353334935,0.0,16.536232353334935
results/gdb-scaffold-none/fold_8/test_scores.csv:dE0,12.211318823554455,0.0,12.211318823554455,16.7361833153439,0.0,16.7361833153439
results/gdb-scaffold-none/fold_9/test_scores.csv:dE0,12.228732229382667,0.0,12.228732229382667,16.57348917550822,0.0,16.57348917550822
results/gdb-scaffold-rxnmapper/fold_0/test_scores.csv:dE0,7.803903793419419,0.0,7.803903793419419,12.051729287979233,0.0,12.051729287979233
results/gdb-scaffold-rxnmapper/fold_1/test_scores.csv:dE0,8.896307836409715,0.0,8.896307836409715,13.238902071188067,0.0,13.238902071188067
results/gdb-scaffold-rxnmapper/fold_2/test_scores.csv:dE0,10.00746844196504,0.0,10.00746844196504,14.304959950471424,0.0,14.304959950471424
results/gdb-scaffold-rxnmapper/fold_3/test_scores.csv:dE0,7.510386595045735,0.0,7.510386595045735,11.547490094638597,0.0,11.547490094638597
results/gdb-scaffold-rxnmapper/fold_4/test_scores.csv:dE0,8.881877852254327,0.0,8.881877852254327,12.829927822397671,0.0,12.829927822397671
results/gdb-scaffold-rxnmapper/fold_5/test_scores.csv:dE0,9.65982542019309,0.0,9.65982542019309,13.9733900315407,0.0,13.9733900315407
results/gdb-scaffold-rxnmapper/fold_6/test_scores.csv:dE0,9.148783706816674,0.0,9.148783706816674,13.520963925577231,0.0,13.520963925577231
results/gdb-scaffold-rxnmapper/fold_7/test_scores.csv:dE0,8.097407537904518,0.0,8.097407537904518,12.214019982320362,0.0,12.214019982320362
results/gdb-scaffold-rxnmapper/fold_8/test_scores.csv:dE0,8.25194441353707,0.0,8.25194441353707,12.264740521767605,0.0,12.264740521767605
results/gdb-scaffold-rxnmapper/fold_9/test_scores.csv:dE0,8.287570542585177,0.0,8.287570542585177,12.299694504294058,0.0,12.299694504294058
results/gdb-scaffold-true/fold_0/test_scores.csv:dE0,6.369363984743429,0.0,6.369363984743429,9.690230002554625,0.0,9.690230002554625
results/gdb-scaffold-true/fold_1/test_scores.csv:dE0,7.387495428699667,0.0,7.387495428699667,11.406845601258125,0.0,11.406845601258125
results/gdb-scaffold-true/fold_2/test_scores.csv:dE0,8.026460447861972,0.0,8.026460447861972,11.834470953167582,0.0,11.834470953167582
results/gdb-scaffold-true/fold_3/test_scores.csv:dE0,6.240465898944016,0.0,6.240465898944016,9.693219789600269,0.0,9.693219789600269
results/gdb-scaffold-true/fold_4/test_scores.csv:dE0,7.488994701433889,0.0,7.488994701433889,10.911964143257855,0.0,10.911964143257855
results/gdb-scaffold-true/fold_5/test_scores.csv:dE0,7.704959834496798,0.0,7.704959834496798,11.317095022903153,0.0,11.317095022903153
results/gdb-scaffold-true/fold_6/test_scores.csv:dE0,7.755849378256571,0.0,7.755849378256571,11.629827947066063,0.0,11.629827947066063
results/gdb-scaffold-true/fold_7/test_scores.csv:dE0,6.758242083407431,0.0,6.758242083407431,10.043528215078341,0.0,10.043528215078341
results/gdb-scaffold-true/fold_8/test_scores.csv:dE0,6.548624773577762,0.0,6.548624773577762,9.719074716164855,0.0,9.719074716164855
results/gdb-scaffold-true/fold_9/test_scores.csv:dE0,6.334081696935523,0.0,6.334081696935523,9.572160887511274,0.0,9.572160887511274
results/gdb-true/fold_0/test_scores.csv:dE0,4.356507544954539,0.0,4.356507544954539,7.2999971962956165,0.0,7.2999971962956165
results/gdb-true/fold_1/test_scores.csv:dE0,4.4096975748944685,0.0,4.4096975748944685,7.70799346772591,0.0,7.70799346772591
results/gdb-true/fold_2/test_scores.csv:dE0,4.110956673209895,0.0,4.110956673209895,7.051251099008501,0.0,7.051251099008501
results/gdb-true/fold_3/test_scores.csv:dE0,4.5077228200577935,0.0,4.5077228200577935,8.084777854945006,0.0,8.084777854945006
results/gdb-true/fold_4/test_scores.csv:dE0,4.332036389212937,0.0,4.332036389212937,7.50997851599748,0.0,7.50997851599748
results/gdb-true/fold_5/test_scores.csv:dE0,4.332810447232891,0.0,4.332810447232891,7.79582583081599,0.0,7.79582583081599
results/gdb-true/fold_6/test_scores.csv:dE0,4.634450865272589,0.0,4.634450865272589,7.887186168327128,0.0,7.887186168327128
results/gdb-true/fold_7/test_scores.csv:dE0,4.35107321846592,0.0,4.35107321846592,7.516513651440338,0.0,7.516513651440338
results/gdb-true/fold_8/test_scores.csv:dE0,4.317189881570014,0.0,4.317189881570014,7.756849416052109,0.0,7.756849416052109
results/gdb-true/fold_9/test_scores.csv:dE0,4.124769866754454,0.0,4.124769866754454,7.0848730488219385,0.0,7.0848730488219385
results/gdb-true-withH/fold_0/test_scores.csv:dE0,4.066841872683229,0.0,4.066841872683229,6.9358377511154155,0.0,6.9358377511154155
results/gdb-true-withH/fold_1/test_scores.csv:dE0,4.296032332890394,0.0,4.296032332890394,7.680524396593174,0.0,7.680524396593174
results/gdb-true-withH/fold_2/test_scores.csv:dE0,3.8195623694817966,0.0,3.8195623694817966,6.6775521447112425,0.0,6.6775521447112425
results/gdb-true-withH/fold_3/test_scores.csv:dE0,4.211689997864072,0.0,4.211689997864072,7.555263178703393,0.0,7.555263178703393
results/gdb-true-withH/fold_4/test_scores.csv:dE0,4.092758769937308,0.0,4.092758769937308,7.020428774064097,0.0,7.020428774064097
results/gdb-true-withH/fold_5/test_scores.csv:dE0,4.167063822636785,0.0,4.167063822636785,7.488183785745083,0.0,7.488183785745083
results/gdb-true-withH/fold_6/test_scores.csv:dE0,4.292688535366027,0.0,4.292688535366027,7.587027146810098,0.0,7.587027146810098
results/gdb-true-withH/fold_7/test_scores.csv:dE0,4.08271974170053,0.0,4.08271974170053,7.100382609812046,0.0,7.100382609812046
results/gdb-true-withH/fold_8/test_scores.csv:dE0,4.153992793229626,0.0,4.153992793229626,7.304480608635699,0.0,7.304480608635699
results/gdb-true-withH/fold_9/test_scores.csv:dE0,4.035617989938411,0.0,4.035617989938411,7.202207035360529,0.0,7.202207035360529
results/gdb-yasc-true/fold_0/test_scores.csv:dE0,30.374170312006274,0.0,30.374170312006274,33.10252732963113,0.0,33.10252732963113
results/gdb-yasc-true/fold_1/test_scores.csv:dE0,28.33640714907436,0.0,28.33640714907436,31.307216558148866,0.0,31.307216558148866
results/gdb-yasc-true/fold_2/test_scores.csv:dE0,29.104952224544036,0.0,29.104952224544036,32.235060285445655,0.0,32.235060285445655
results/gdb-yasc-true/fold_3/test_scores.csv:dE0,29.14855443860565,0.0,29.14855443860565,32.06630469318035,0.0,32.06630469318035
results/gdb-yasc-true/fold_4/test_scores.csv:dE0,28.61345194158729,0.0,28.61345194158729,31.709470575206844,0.0,31.709470575206844
results/gdb-yasc-true/fold_5/test_scores.csv:dE0,30.052857781117233,0.0,30.052857781117233,33.078164474379065,0.0,33.078164474379065
results/gdb-yasc-true/fold_6/test_scores.csv:dE0,29.20875883564939,0.0,29.20875883564939,32.16231342562944,0.0,32.16231342562944
results/gdb-yasc-true/fold_7/test_scores.csv:dE0,28.236484502471164,0.0,28.236484502471164,31.27101923500355,0.0,31.27101923500355
results/gdb-yasc-true/fold_8/test_scores.csv:dE0,27.07768928731295,0.0,27.07768928731295,30.344013243917942,0.0,30.344013243917942
results/gdb-yasc-true/fold_9/test_scores.csv:dE0,29.41026350138615,0.0,29.41026350138615,32.297736783338394,0.0,32.297736783338394
results/gdb-ydesc-true/fold_0/test_scores.csv:dE0,23.412916129165456,0.0,23.412916129165456,25.339543674629684,0.0,25.339543674629684
results/gdb-ydesc-true/fold_1/test_scores.csv:dE0,25.47289744644253,0.0,25.47289744644253,27.24692533251232,0.0,27.24692533251232
results/gdb-ydesc-true/fold_2/test_scores.csv:dE0,25.085554186028016,0.0,25.085554186028016,26.76160135650978,0.0,26.76160135650978
results/gdb-ydesc-true/fold_3/test_scores.csv:dE0,24.060140681206317,0.0,24.060140681206317,25.884076924534163,0.0,25.884076924534163
results/gdb-ydesc-true/fold_4/test_scores.csv:dE0,23.182088888729098,0.0,23.182088888729098,25.185508402336264,0.0,25.185508402336264
results/gdb-ydesc-true/fold_5/test_scores.csv:dE0,23.798389163678458,0.0,23.798389163678458,25.69823265698435,0.0,25.69823265698435
results/gdb-ydesc-true/fold_6/test_scores.csv:dE0,25.276946066380784,0.0,25.276946066380784,27.104560241187926,0.0,27.104560241187926
results/gdb-ydesc-true/fold_7/test_scores.csv:dE0,24.037086315702478,0.0,24.037086315702478,25.70468295909697,0.0,25.70468295909697
results/gdb-ydesc-true/fold_8/test_scores.csv:dE0,24.329499854435642,0.0,24.329499854435642,26.300596573233253,0.0,26.300596573233253
results/gdb-ydesc-true/fold_9/test_scores.csv:dE0,21.595395233012905,0.0,21.595395233012905,23.52922050662906,0.0,23.52922050662906
results/proparg-none/fold_0/test_scores.csv:Eafw,1.4271621209165322,0.0,1.4271621209165322,1.9176720238614553,0.0,1.9176720238614553
results/proparg-none/fold_1/test_scores.csv:Eafw,1.6331513962401538,0.0,1.6331513962401538,2.0958358925813907,0.0,2.0958358925813907
results/proparg-none/fold_2/test_scores.csv:Eafw,1.7029435356030853,0.0,1.7029435356030853,2.2415218580210348,0.0,2.2415218580210348
results/proparg-none/fold_3/test_scores.csv:Eafw,1.3077598321793142,0.0,1.3077598321793142,1.6762204085099008,0.0,1.6762204085099008
results/proparg-none/fold_4/test_scores.csv:Eafw,1.5581140014969672,0.0,1.5581140014969672,1.9470212697454925,0.0,1.9470212697454925
results/proparg-none/fold_5/test_scores.csv:Eafw,1.6120067732892267,0.0,1.6120067732892267,2.0140932988583597,0.0,2.0140932988583597
results/proparg-none/fold_6/test_scores.csv:Eafw,1.8798084644075481,0.0,1.8798084644075481,2.4087207025908217,0.0,2.4087207025908217
results/proparg-none/fold_7/test_scores.csv:Eafw,1.5457835218063145,0.0,1.5457835218063145,1.9851358672465194,0.0,1.9851358672465194
results/proparg-none/fold_8/test_scores.csv:Eafw,1.4179748343857292,0.0,1.4179748343857292,1.9195951266997744,0.0,1.9195951266997744
results/proparg-none/fold_9/test_scores.csv:Eafw,1.4664604942223178,0.0,1.4664604942223178,1.937513341221571,0.0,1.937513341221571
results/proparg-none-withH/fold_0/test_scores.csv:Eafw,1.435944825578359,0.0,1.435944825578359,1.9180186418480107,0.0,1.9180186418480107
results/proparg-none-withH/fold_1/test_scores.csv:Eafw,1.6290296527134607,0.0,1.6290296527134607,2.0750380174548746,0.0,2.0750380174548746
results/proparg-none-withH/fold_2/test_scores.csv:Eafw,1.598954607177029,0.0,1.598954607177029,2.0010461887813613,0.0,2.0010461887813613
results/proparg-none-withH/fold_3/test_scores.csv:Eafw,1.3134861066312495,0.0,1.3134861066312495,1.6738936226643955,0.0,1.6738936226643955
results/proparg-none-withH/fold_4/test_scores.csv:Eafw,1.567785444297766,0.0,1.567785444297766,1.9468389420772028,0.0,1.9468389420772028
results/proparg-none-withH/fold_5/test_scores.csv:Eafw,1.607100124795215,0.0,1.607100124795215,2.01022068713257,0.0,2.01022068713257
results/proparg-none-withH/fold_6/test_scores.csv:Eafw,1.851034828803254,0.0,1.851034828803254,2.350853061032473,0.0,2.350853061032473
results/proparg-none-withH/fold_7/test_scores.csv:Eafw,1.529017875848405,0.0,1.529017875848405,1.9798533328067605,0.0,1.9798533328067605
results/proparg-none-withH/fold_8/test_scores.csv:Eafw,1.4197495740091002,0.0,1.4197495740091002,1.9218855804056325,0.0,1.9218855804056325
results/proparg-none-withH/fold_9/test_scores.csv:Eafw,1.4760777034106154,0.0,1.4760777034106154,1.9498673400144058,0.0,1.9498673400144058
results/proparg-scaffold-none/fold_0/test_scores.csv:Eafw,1.7734474114251253,0.0,1.7734474114251253,2.4886433390225493,0.0,2.4886433390225493
results/proparg-scaffold-none/fold_1/test_scores.csv:Eafw,1.4830463894160892,0.0,1.4830463894160892,1.8465674923238062,0.0,1.8465674923238062
results/proparg-scaffold-none/fold_2/test_scores.csv:Eafw,1.5483427458155437,0.0,1.5483427458155437,2.1838379172384887,0.0,2.1838379172384887
results/proparg-scaffold-none/fold_3/test_scores.csv:Eafw,1.8945516653084262,0.0,1.8945516653084262,2.5465909527244714,0.0,2.5465909527244714
results/proparg-scaffold-none/fold_4/test_scores.csv:Eafw,2.020701416172295,0.0,2.020701416172295,2.945177562307369,0.0,2.945177562307369
results/proparg-scaffold-none/fold_5/test_scores.csv:Eafw,1.5088543659712859,0.0,1.5088543659712859,1.937038388832469,0.0,1.937038388832469
results/proparg-scaffold-none/fold_6/test_scores.csv:Eafw,1.4599531888927182,0.0,1.4599531888927182,2.025051836996271,0.0,2.025051836996271
results/proparg-scaffold-none/fold_7/test_scores.csv:Eafw,1.6327881173948775,0.0,1.6327881173948775,2.4661759698252235,0.0,2.4661759698252235
results/proparg-scaffold-none/fold_8/test_scores.csv:Eafw,1.399837607486544,0.0,1.399837607486544,1.7965454811335615,0.0,1.7965454811335615
results/proparg-scaffold-none/fold_9/test_scores.csv:Eafw,1.6431270878581195,0.0,1.6431270878581195,2.0203746906365496,0.0,2.0203746906365496
results/proparg-scaffold-true/fold_0/test_scores.csv:Eafw,1.7671994870127672,0.0,1.7671994870127672,2.473554073012374,0.0,2.473554073012374
results/proparg-scaffold-true/fold_1/test_scores.csv:Eafw,1.486180961261739,0.0,1.486180961261739,1.8489499711188104,0.0,1.8489499711188104
results/proparg-scaffold-true/fold_2/test_scores.csv:Eafw,1.5064915753344712,0.0,1.5064915753344712,2.0721892402518147,0.0,2.0721892402518147
results/proparg-scaffold-true/fold_3/test_scores.csv:Eafw,1.7259247839409377,0.0,1.7259247839409377,2.171538341194536,0.0,2.171538341194536
results/proparg-scaffold-true/fold_4/test_scores.csv:Eafw,2.0213021730196723,0.0,2.0213021730196723,2.94358240416665,0.0,2.94358240416665
results/proparg-scaffold-true/fold_5/test_scores.csv:Eafw,1.7664643185436204,0.0,1.7664643185436204,2.3959920659016074,0.0,2.3959920659016074
results/proparg-scaffold-true/fold_6/test_scores.csv:Eafw,1.4683500466162087,0.0,1.4683500466162087,2.0342151546684213,0.0,2.0342151546684213
results/proparg-scaffold-true/fold_7/test_scores.csv:Eafw,1.333542973772218,0.0,1.333542973772218,1.8279046816276325,0.0,1.8279046816276325
results/proparg-scaffold-true/fold_8/test_scores.csv:Eafw,1.4340392864324905,0.0,1.4340392864324905,1.8465863626850707,0.0,1.8465863626850707
results/proparg-scaffold-true/fold_9/test_scores.csv:Eafw,1.9000425695653467,0.0,1.9000425695653467,2.532750078173125,0.0,2.532750078173125
results/proparg-true/fold_0/test_scores.csv:Eafw,1.4350320203574507,0.0,1.4350320203574507,1.9381609222774847,0.0,1.9381609222774847
results/proparg-true/fold_1/test_scores.csv:Eafw,1.58384029090321,0.0,1.58384029090321,2.037188674992534,0.0,2.037188674992534
results/proparg-true/fold_2/test_scores.csv:Eafw,1.5806150499519196,0.0,1.5806150499519196,1.9790192887058682,0.0,1.9790192887058682
results/proparg-true/fold_3/test_scores.csv:Eafw,1.301820210549846,0.0,1.301820210549846,1.658386793198937,0.0,1.658386793198937
results/proparg-true/fold_4/test_scores.csv:Eafw,1.5356534103689052,0.0,1.5356534103689052,1.907864621007085,0.0,1.907864621007085
results/proparg-true/fold_5/test_scores.csv:Eafw,1.6025184832509483,0.0,1.6025184832509483,2.0208297115798155,0.0,2.0208297115798155
results/proparg-true/fold_6/test_scores.csv:Eafw,1.8379933902370094,0.0,1.8379933902370094,2.3411209988796635,0.0,2.3411209988796635
results/proparg-true/fold_7/test_scores.csv:Eafw,1.5195919826183029,0.0,1.5195919826183029,1.9764317392959914,0.0,1.9764317392959914
results/proparg-true/fold_8/test_scores.csv:Eafw,1.413054782582017,0.0,1.413054782582017,1.9112571490276744,0.0,1.9112571490276744
results/proparg-true/fold_9/test_scores.csv:Eafw,1.4476236585083821,0.0,1.4476236585083821,1.9396608057638371,0.0,1.9396608057638371
results/proparg-true-withH/fold_0/test_scores.csv:Eafw,1.4351779833882805,0.0,1.4351779833882805,1.9179353252062084,0.0,1.9179353252062084
results/proparg-true-withH/fold_1/test_scores.csv:Eafw,1.6035456685791352,0.0,1.6035456685791352,2.0487438860449085,0.0,2.0487438860449085
results/proparg-true-withH/fold_2/test_scores.csv:Eafw,1.5920595321646758,0.0,1.5920595321646758,1.9933737048099267,0.0,1.9933737048099267
results/proparg-true-withH/fold_3/test_scores.csv:Eafw,1.3170313970478031,0.0,1.3170313970478031,1.684547606320255,0.0,1.684547606320255
results/proparg-true-withH/fold_4/test_scores.csv:Eafw,1.567629160793303,0.0,1.567629160793303,1.9392502730783678,0.0,1.9392502730783678
results/proparg-true-withH/fold_5/test_scores.csv:Eafw,1.61210692368453,0.0,1.61210692368453,2.0296198284220135,0.0,2.0296198284220135
results/proparg-true-withH/fold_6/test_scores.csv:Eafw,1.9447202179183705,0.0,1.9447202179183705,2.5006711856934496,0.0,2.5006711856934496
results/proparg-true-withH/fold_7/test_scores.csv:Eafw,1.5086573500444092,0.0,1.5086573500444092,1.9836389332469466,0.0,1.9836389332469466
results/proparg-true-withH/fold_8/test_scores.csv:Eafw,1.4084122066921985,0.0,1.4084122066921985,1.911199934619831,0.0,1.911199934619831
results/proparg-true-withH/fold_9/test_scores.csv:Eafw,1.46075109976214,0.0,1.46075109976214,1.947770341389825,0.0,1.947770341389825
