# +C-H -C-C -C-H
-0.29909992
-0.00659675000000004
-0.05224624000000003
0.09063639999999999
-0.21017930000000007
-0.014414679
-0.42769849999999987
-0.19368589999999997
-0.019352522
0.002133244999999999
-0.06855214999999998
-0.8897700000000002
0.19879422
0.06573817000000004
0.06954219999999989
-0.09088558399999999
0.27518933
0.01676495
-0.12120379999999997
-0.06504463000000005
0.02935205000000002
0.008617050000000015
0.011295479999999997
0.08788679999999993
0.11510339999999997
0.031695119
-0.022255299999999978
-0.13221936000000006
-0.15555889
-0.006796299999999977
-0.0493882699999999
0.12043421999999998
0.052527430000000014
-0.068657024
-0.02053437999999999
-0.010766199999999948
0.05149076000000008
0.005012699999999981
-0.10924965000000003
0.13342094300000001
0.1369891199
0.15236690000000008
0.4310291599999999
-0.325314646
0.2481907000000001
0.15477039999999997
-0.051476605
0.02812529000000008
-0.012294639999999996
-0.0014049109999999948
0.025920799999999966
-0.12942076600000002
0.42706979999999994
-0.14089964999999993
-0.08918130999999999
0.362994264
0.04790580000000011
-0.10655612999999997
0.03045499000000007
0.13177485
0.025972189999999992
0.07882923999999991
0.04344143
-0.1181162374
-0.04808742999999999
-0.04799969
-0.00418173000000005
0.00726764000000002
-0.068334527
-0.021737659999999992
0.045664157600000005
0.145183145
-0.03493062000000002
0.20376080000000002
0.19213484000000003
-0.19745440000000003
0.014405900000000083
0.27178520000000006
0.050883979999999995
0.93116842
1.0687309999999999
-0.005571299999999946
0.06091711
-0.027966150000000023
-0.34223233
-0.221957445
0.10251261700000001
-0.22617479999999995
0.018503900000000018
0.02347534000000001
0.53777526
-0.09675533999999997
0.013133850000000002
-0.08640433999999997


# +C-H -C-H
-0.45122807000000004
-0.14488290000000004
0.045084359999999934
-0.006922859000000003
-0.34210759
-0.981868
0.24962493999999996
0.17735077999999999
-0.08762959999999997
-0.06095832999999998
-0.04670668
0.114067954
0.306201934
-0.10167495999999998
0.30993765000000006
-0.01528974999999999
0.07330634
0.06321465000000004
0.12124430000000008
0.508082956
-0.0129200155
0.25001027
-0.0027638999999999303
-0.03149170000000001
0.0615289974
0.270696977


# +H-H -C-H -C-H
0.06377179999999982
-0.21896231
0.03550589999999998
0.003432873999999999
-0.4455358999999999
-0.16956029999999989
-0.08407482999999999
0.04998452999999997
0.0052871000000001
0.02519135
-0.2832908999999999
-0.018823249999999986
0.002238359999999995
0.03368894
0.052629899999999896
0.83651093
-0.06443439999999989
0.4406524
-0.2618007
-0.015659556
-0.09334640000000016
-0.9479560999999999
-0.27758665
0.3725583
-0.01622100000000004
0.003313669999999991
0.25895710000000005
0.04064931999999999
-1.0816991
0.11528385999999999
0.5479119000000001


# +H-N -C-H
0.12276201
0.15480082
-0.009214500000000125
-0.00830483000000004
0.36797587
0.019384440000000003
0.004394300000000406
-0.033836663
-0.08852365000000001
-0.09482699
-0.22092860399999997
-0.08424459999999995
-0.008632266999999999
0.09520550000000005
-0.07049375999999996
-0.0028119500000000075
0.014984629999999999
0.015263599999999988
-0.23143360000000002
0.004086607
-0.11515109999999995
0.09880644999999999
-0.02682719999999994
-1.2162891
0.05787123999999999
0.09932099999999999
0.4613142000000001
-0.21417145999999998
-0.03926736999999997
0.05252506999999999
0.03432586
-0.31644190000000005
0.10501317999999998
0.34396529
0.14665108999999998
0.21830879999999997
-0.1281435999999998
-0.056552856


# +H-O -C-H -C-O
-0.007014720000000002
-0.08511890000000011
0.0012921999999999656
0.08885484999999999
-0.00956014999999999
-0.00686653000000001
0.05753757000000004
-0.09706232999999997
0.04692100999999993
-0.426003505
-0.01829058
-0.06166914999999995
0.26873488900000003
-0.36579873
0.038954590000000004
0.09098247000000001
0.0018793999999999755
0.05307440000000008
0.09950939999999997
0.05130037999999998
0.21526708
-0.027434350000000052
0.017123499999999958
-0.0711889
0.06704850000000001
0.06406443000000006
0.10170209000000002
-0.086529578
0.3948279173
-0.05270362000000001


