# +C-H -C-C -C-H
-0.16688504000000004
-0.022634209999999988
0.08322989999999997
-0.03403032
-0.28241210000000005
-0.035006208000000004
-0.15560269999999998
-0.5007081
-0.022153523
-0.037254129999999996
-0.12637281999999994
-0.3960036
0.01047205000000001
0.019113400000000058
0.09746710000000003
-0.08647221799999999
0.07462092000000001
-0.02357374000000001
-0.008937399999999984
-0.004989860000000013
0.18181863
0.09879167
-0.0286545
0.09294430000000009
0.16324610000000006
0.035967923
-0.011092199999999997
-0.35440071000000006
-0.20210245000000004
0.06892589999999998
-0.12210749999999992
0.24346322000000004
0.06972893
-0.02997242
-0.071443784
0.021323199999999876
0.06515753000000002
0.040110700000000055
-0.027429300000000045
-0.065398023
0.0049589633999999995
0.06216329999999992
0.05360839999999989
-0.086463386
0.1558223500000001
0.053086459999999946
-0.174838163
-0.023818449999999936
-0.00957458
0.08033821399999999
0.03483829999999988
-0.175846466
0.7364324999999999
-0.2504953999999999
-0.08891067
0.543696764
-0.08480310000000002
-0.04405415999999995
0.02755529000000001
0.04826679999999994
-0.15569883
0.0561064
0.1075082
0.1469026566
-0.009096400000000004
-0.32286617
-0.08482687
-0.020808060000000017
-0.018453218
-0.022280099999999914
-0.12445800299999998
0.147528826
-0.04168149999999998
0.06022453
-0.18811169
-0.07448626000000001
-0.029264659999999942
0.3260843
-0.029426309999999956
0.25564935999999994
0.9029757999999999
-0.006159400000000037
0.4038111
-0.01793509999999998
-0.6697835999999999
-0.04091823
0.06869717400000001
-0.043967659999999964
0.03869506999999994
-0.036274589999999995
0.6520061
-0.08194223999999994
0.0094759499999999
0.14660573


# +C-H -C-H
-0.23568078
-0.3480091999999999
0.06781349999999997
0.028758954599999997
-0.28070229
-0.3839348
0.14142402999999998
0.24707832
-0.10526979999999997
-0.039107509999999984
0.003550830000000005
-0.20732835
-0.23250305
-0.027787200000000012
0.09165633000000006
-0.027854519999999994
-0.20196238000000002
0.01733260000000003
-0.024655199999999988
0.15150096999999996
-0.056006485
0.43664020000000003
0.02113713000000006
0.05210569999999998
-0.1686886626
0.265624857


# +H-H -C-H -C-H
0.12088489999999985
-0.12340256000000001
0.0711539000000001
-0.11153633499999999
-0.15882099999999988
0.0012313000000001573
-0.16515401999999998
-0.004521340000000013
0.00039129999999998333
-0.11527886999999998
0.0499231
0.031191570000000002
-0.017730410000000002
0.15542164999999997
-0.19715586000000007
1.42310444
0.23103689999999988
0.305082
-0.19467729999999994
0.009882434999999995
-0.04441420000000007
-0.9146160999999999
-0.29710724
-0.019829560000000024
0.09341010000000005
-0.28072176
0.013960899999999943
0.09578748999999998
-0.7667076000000002
0.09980358999999997
0.29492850000000004


# +H-N -C-H
0.025070060000000005
-0.03686003200000001
0.14722679999999988
-0.04581160000000006
0.28640537
0.004013780000000022
-0.1724024999999998
-0.08288154
0.0024876600000000026
0.0031828700000000043
-0.282137294
-0.09420186999999997
-0.019812877
-0.02979429999999983
-0.10541265999999999
0.0017855599999999916
-0.029955299999999963
-0.042237689999999994
-0.0878911
0.0712938357
0.019317200000000145
0.013368849999999988
0.08585216000000001
-1.36651593
-0.01553530000000003
0.11033243999999998
0.39152180000000003
0.00258026999999994
0.10253795000000002
0.03750071000000001
-0.02649045
-0.2227401
-0.06445886
0.08565833
0.07696528000000002
-0.21414489999999997
-0.3532804999999999
-0.21137462


# +H-O -C-H -C-O
-0.05898285
0.09909809999999997
-0.21742664
-0.029418830000000007
-0.004864199999999985
-0.10442424
0.05554710000000007
-0.023051730000000048
0.008846159999999936
-0.20161462000000002
-0.008141349999999992
-0.040513739999999965
0.07998660000000002
-0.42613035
-0.00030405000000000015
0.04112902999999998
0.17876919999999985
-0.07861340000000006
-0.09799409999999997
-0.03139831999999998
0.378414187
-0.03269885000000006
0.0018277399999999666
-0.046597730000000004
-0.08862579999999998
-0.21561279999999994
-0.11563177
-0.11138767999999999
0.14212123
-0.18557893999999997


