cv10-cyclo-inv-random-withH-dft-true-ns64-nv48-d48-l2-energy-diff-node 2.331982034511598 0.06926365519257252 3.239727936067858 0.17912277182730674
cv10-cyclo-inv-random-withH-dft-rxnmapper-ns64-nv48-d48-l2-energy-diff-node 2.3655899939934817 0.07252718754645227 3.2559100291219805 0.19040544903122275
cv10-cyclo-inv-random-withH-dft-normal-ns64-nv48-d48-l2-energy-diff-node 2.377306849707348 0.08055006012308344 3.309457751877443 0.19774457180861987
cv10-cyclo-inv-random-noH-xtb-true-ns64-nv48-d48-l2-energy-diff-node 2.8991594940237198 0.13485775886381446 3.9284315044822713 0.34506019533196663
cv10-cyclo-inv-random-noH-xtb-rxnmapper-ns64-nv48-d48-l2-energy-diff-node 2.9250951701685435 0.11917446454786862 3.9781099175266745 0.2685957880509706
cv10-cyclo-inv-random-noH-xtb-normal-ns64-nv48-d48-l2-energy-diff-node 2.9692803577742977 0.13546788746851318 4.045024867043442 0.29487748228970034
cv10-cyclo-inv-random-noH-sub-true-ns64-nv48-d48-l2-energy-diff-node 2.317753545269904 0.09358355332048418 3.239627963224186 0.290347583142324
cv10-cyclo-inv-random-noH-sub-rxnmapper-ns64-nv48-d48-l2-energy-diff-node 2.33173838912379 0.09357230024964631 3.2480109428232202 0.26837103566409537
cv10-cyclo-inv-random-noH-sub-normal-ns64-nv48-d48-l2-energy-diff-node 2.32423339198258 0.09206901018204391 3.2240446577406034 0.28542665644036025
cv10-cyclo-inv-random-noH-dft-cross-ns64-nv48-d48-l2-energy-diff-node 2.527173258297556 0.08841486948139037 3.5145238240657357 0.21545304678258526
cv10-cyclo-random-withH-dft-normal-ns64-nv48-d48-l2-energy-diff-node 2.3188935936080424 0.049903551864496846 3.256903803559312 0.14883730946011306
cv10-cyclo-random-withH-dft-rxnmapper-ns64-nv48-d48-l2-energy-diff-node 2.3481863806523577 0.06115430552546823 3.268839187927592 0.1911574847884422
cv10-cyclo-random-withH-dft-true-ns64-nv48-d48-l2-energy-diff-node 2.2985412886994183 0.07625134877960267 3.209153317983148 0.21706787108361206
cv10-cyclo-scaffold-noH-dft-rxnmapper-ns64-nv48-d48-l2-energy-diff-node 2.708962573771141 0.23102756589736734 3.6750787973236663 0.45533661131570635
cv10-cyclo-scaffold-noH-dft-true-ns64-nv48-d48-l2-energy-diff-node 2.723071506210151 0.180337525677577 3.7065704556796284 0.38532524613091196
cv10-cyclo-random-noH-sub-true-ns64-nv48-d48-l2-energy-diff-node 2.2843871508289757 0.11295268431667826 3.187659089890898 0.3246118725706592
cv10-cyclo-scaffold-noH-dft-normal-ns64-nv48-d48-l2-energy-diff-node 2.7247204671334186 0.18842252482909874 3.6919693208576256 0.42618496530270916
cv10-cyclo-random-noH-xtb-true-ns64-nv48-d48-l2-energy-diff-node 2.9394930072247165 0.1019951672325365 3.9838939554906383 0.2877645248026201
cv10-cyclo-random-noH-xtb-rxnmapper-ns64-nv48-d48-l2-energy-diff-node 2.931844854704156 0.17784219461997813 4.0136590172514826 0.381029094047816
cv10-cyclo-random-noH-xtb-normal-ns64-nv48-d48-l2-energy-diff-node 2.9915780445457143 0.16164330062711937 4.077481694549764 0.33830374683852815
cv10-cyclo-random-noH-sub-rxnmapper-ns64-nv48-d48-l2-energy-diff-node 2.253762280630718 0.09574001579613678 3.1363462296739906 0.26148993905925977
cv10-cyclo-random-noH-sub-normal-ns64-nv48-d48-l2-energy-diff-node 2.2786192468863993 0.09732975987380185 3.1456125659428706 0.2585313198974012
cv10-cyclo-random-noH-dft-true-ns64-nv48-d48-l2-energy-diff-node 2.3024858706932325 0.08967193805260645 3.237073440851175 0.21415227836536133
cv10-cyclo-random-noH-dft-rxnmapper-ns64-nv48-d48-l2-energy-diff-node 2.35352004543582 0.11678696565185422 3.2875786706198733 0.2618951579617058
cv10-cyclo-random-noH-dft-normal-ns64-nv48-d48-l2-energy-diff-node 2.3129554300106863 0.09074428506918507 3.239243779421021 0.2258940789352461
cv10-cyclo-random-noH-dft-cross-ns64-nv48-d48-l2-energy-diff-node 2.4346495616173067 0.08840799326562962 3.3832086726145256 0.24072075105312893
cv10-cyclo-inv-scaffold-noH-dft-true-ns64-nv48-d48-l2-energy-diff-node 2.786508428838469 0.1763969774402734 3.744868364266776 0.3866721426372561
cv10-cyclo-inv-scaffold-noH-dft-rxnmapper-ns64-nv48-d48-l2-energy-diff-node 2.7690795059853537 0.21843241176308328 3.7180123451580562 0.41170654231180387
cv10-cyclo-inv-scaffold-noH-dft-normal-ns64-nv48-d48-l2-energy-diff-node 2.7635209558468645 0.22080584596475533 3.7425775157532604 0.39967428777183317
cv10-cyclo-inv-random-noH-dft-true-ns64-nv48-d48-l2-energy-diff-node 2.3923893498759665 0.07852649164668171 3.3307720335216606 0.18357061939793468
cv10-cyclo-inv-random-noH-dft-rxnmapper-ns64-nv48-d48-l2-energy-diff-node 2.3669318325918733 0.0688695117293752 3.30715668055363 0.2065209744730337
cv10-cyclo-inv-random-noH-dft-normal-ns64-nv48-d48-l2-energy-diff-node 2.3949315788396577 0.05032905302772316 3.3395875461156335 0.177042957319373
