cv10-proparg-inv-random-withH-dft-normal-ns64-nv64-d64-l3-vector-diff-node 0.37306005576833945 0.05433957410715885 0.6295080930971378 0.14236341548111728
cv10-proparg-inv-random-withH-dft-true-ns64-nv64-d64-l3-vector-diff-node 0.35196000579745335 0.09668289426642583 0.6045672790815549 0.19458340416350728
cv10-proparg-inv-random-noH-xtb-rxnmapper-ns64-nv64-d64-l3-vector-diff-node 0.500919990673817 0.09746574147226071 0.8125234381658452 0.18448728514291982
cv10-proparg-inv-random-noH-xtb-true-ns64-nv64-d64-l3-vector-diff-node 0.4921019767996591 0.08106747788359406 0.7714516252547235 0.12031240736980801
cv10-proparg-inv-random-noH-dft-cross-ns64-nv64-d64-l3-vector-diff-node 0.34015922389230135 0.053908228626808434 0.6057766141569576 0.13630011391029379
cv10-proparg-inv-random-noH-xtb-normal-ns64-nv64-d64-l3-vector-diff-node 0.5098668908139498 0.07728249790896544 0.8172545941202003 0.12684524637581132
cv10-proparg-scaffold-noH-dft-true-ns64-nv64-d64-l3-vector-diff-node 0.40272546758758576 0.07966595246710183 0.6515891151040805 0.16806208058501743
cv10-proparg-scaffold-noH-dft-rxnmapper-ns64-nv64-d64-l3-vector-diff-node 0.4484725525686957 0.1108038219168121 0.725480719300217 0.22731189106909197
cv10-proparg-scaffold-noH-dft-normal-ns64-nv64-d64-l3-vector-diff-node 0.4071088374096055 0.09258544597107447 0.6402096137512749 0.19115726972381558
cv10-proparg-inv-scaffold-noH-dft-true-ns64-nv64-d64-l3-vector-diff-node 0.43902218352824596 0.10546256131418057 0.71059008521717 0.21644385584042497
cv10-proparg-inv-scaffold-noH-dft-rxnmapper-ns64-nv64-d64-l3-vector-diff-node 0.45420871223409653 0.12148420952710051 0.7594919495279622 0.21063228739960008
cv10-proparg-inv-scaffold-noH-dft-normal-ns64-nv64-d64-l3-vector-diff-node 0.44624402709344446 0.10144147913705823 0.6828785294989738 0.17884367925709782
cv10-proparg-random-noH-dft-cross-ns64-nv64-d64-l3-vector-diff-node 0.3259337329113763 0.06337806563200768 0.5551847728215172 0.13480573278029986
cv10-proparg-random-withH-dft-true-ns64-nv64-d64-l3-vector-diff-node 0.34931091242813067 0.053372225718471965 0.6148945392364128 0.18064386354426207
cv10-proparg-random-withH-dft-normal-ns64-nv64-d64-l3-vector-diff-node 0.3554502346526559 0.05078896767672144 0.6353180239865177 0.12307076894077984
cv10-proparg-random-noH-xtb-true-ns64-nv64-d64-l3-vector-diff-node 0.4722281076508869 0.07721858338218089 0.7373049284404417 0.0758884973083174
cv10-proparg-random-noH-xtb-rxnmapper-ns64-nv64-d64-l3-vector-diff-node 0.47600786745194623 0.04482201885893036 0.7688664305642595 0.0953191189595984
cv10-proparg-random-noH-xtb-normal-ns64-nv64-d64-l3-vector-diff-node 0.4883854362507744 0.07740294855518592 0.7842069181449909 0.11392112718804034
cv10-proparg-random-noH-dft-true-ns64-nv64-d64-l3-vector-diff-node 0.3095446452661329 0.050330342434124556 0.5237583894185563 0.13640671653749753
cv10-proparg-random-noH-dft-rxnmapper-ns64-nv64-d64-l3-vector-diff-node 0.36538257306593847 0.07860538995157941 0.6287704294436463 0.18711504768076065
cv10-proparg-random-noH-dft-normal-ns64-nv64-d64-l3-vector-diff-node 0.31272457622065025 0.057007902891076566 0.4899636441463889 0.09469919097923887
cv10-proparg-inv-random-noH-dft-true-ns64-nv64-d64-l3-vector-diff-node 0.3270345129881466 0.06930368336874573 0.5780518595662713 0.1555861608738896
cv10-proparg-inv-random-noH-dft-rxnmapper-ns64-nv64-d64-l3-vector-diff-node 0.349303267223148 0.06440074129764525 0.610747267488372 0.1411300872332655
cv10-proparg-inv-random-noH-dft-normal-ns64-nv64-d64-l3-vector-diff-node 0.33915456505070285 0.06463822289726959 0.604028476715025 0.16326652699523833
