cv10-gdb-inv-random-noH-dft-normal-ns64-nv64-d32-l2-vector-diff-both 6.56089651400124 0.2648150167726601 10.475998093457605 0.41857424441867275
cv10-gdb-inv-random-noH-dft-rxnmapper-ns64-nv64-d32-l2-vector-diff-both 6.026855971632698 0.26326575394090923 9.89499373411099 0.41310897503640204
cv10-gdb-inv-random-noH-dft-true-ns64-nv64-d32-l2-vector-diff-both 4.929851950310879 0.1756688152040139 8.39159940327018 0.38871668816088045
cv10-gdb-inv-scaffold-noH-dft-normal-ns64-nv64-d32-l2-vector-diff-both 10.084058707735764 0.8721695598743524 14.546548378444697 1.0544296080356383
cv10-gdb-inv-scaffold-noH-dft-rxnmapper-ns64-nv64-d32-l2-vector-diff-both 9.175947504086517 0.8286425561345302 13.330447108369304 1.0157361634680242
cv10-gdb-inv-scaffold-noH-dft-true-ns64-nv64-d32-l2-vector-diff-both 7.754076627736199 0.7270040242218476 11.563781140107935 1.0029225881613484
cv10-gdb-random-noH-dft-cross-ns64-nv64-d32-l2-vector-diff-both 6.697720285143889 0.31837326717750886 10.737339196343417 0.5512675883581581
cv10-gdb-random-noH-dft-normal-ns64-nv64-d32-l2-vector-diff-both 6.53170352324616 0.27676057791333397 10.389794603233508 0.5251887765204172
cv10-gdb-random-noH-dft-rxnmapper-ns64-nv64-d32-l2-vector-diff-both 6.0528654902454955 0.25213969282928017 9.985141777834588 0.44572557381638267
cv10-gdb-random-noH-dft-true-ns64-nv64-d32-l2-vector-diff-both 4.933829965227578 0.1505252992201558 8.368845387661242 0.34708983879958105
cv10-gdb-random-noH-sub-normal-ns64-nv64-d32-l2-vector-diff-both 6.68904180724559 0.20424786475564088 10.689144231903821 0.34949714923063985
cv10-gdb-random-noH-sub-rxnmapper-ns64-nv64-d32-l2-vector-diff-both 6.180290633972023 0.19864011437500287 10.14893468556679 0.4082021395662609
cv10-gdb-random-noH-sub-true-ns64-nv64-d32-l2-vector-diff-both 5.030196630315421 0.1727177553900425 8.486335675755917 0.3830329123139901
cv10-gdb-random-noH-xtb-normal-ns64-nv64-d32-l2-vector-diff-both 6.848376635967851 0.2760570613803172 10.809412653622786 0.4660286806240189
cv10-gdb-random-noH-xtb-rxnmapper-ns64-nv64-d32-l2-vector-diff-both 6.33279628444294 0.24466180879843488 10.373597662137442 0.3338149096028771
cv10-gdb-random-noH-xtb-true-ns64-nv64-d32-l2-vector-diff-both 5.151691267513168 0.23309884505880504 8.579779613404456 0.42790093560784187
cv10-gdb-random-withH-dft-normal-ns64-nv64-d32-l2-vector-diff-both 6.464148047413664 0.22333148302568942 10.282094823897257 0.40249451842949985
cv10-gdb-random-withH-dft-rxnmapper-ns64-nv64-d32-l2-vector-diff-both 6.295528277241169 0.23426471018638473 10.0407046303914 0.46183725647156565
cv10-gdb-random-withH-dft-true-ns64-nv64-d32-l2-vector-diff-both 4.929000522031197 0.17833575329848467 8.270399873560393 0.43930499571452963
cv10-gdb-scaffold-noH-dft-normal-ns64-nv64-d32-l2-vector-diff-both 9.972692550646052 0.8945320184464004 14.374807894392069 1.1324367377080728
cv10-gdb-scaffold-noH-dft-rxnmapper-ns64-nv64-d32-l2-vector-diff-both 9.120599967763363 0.8279424053862063 13.290510598134185 1.0699434742931804
cv10-gdb-scaffold-noH-dft-true-ns64-nv64-d32-l2-vector-diff-both 7.80660736769256 0.8004838220332919 11.51189934807146 1.1571221769273656
