# +C-H -C-C -C-H
0.634487704
0.10143790000000008
0.04360104999999992
-0.019014207999999998
-0.237942925
-0.7263128999999999
-0.08565422999999997
0.05006609000000001
0.21440479999999984
0.030302640000000002
0.07453522580000001
-0.01687094999999994
-0.012795300000000065
0.09478824
0.004607943999999999
0.11025289999999999
0.02565053
-0.011505700000000063
-0.16246800000000006
-0.09525000000000003
-0.002798499999999926
-0.012488099999999891
-0.06598097999999997
-0.2459305
-0.037814650000000005
-0.1307661
-0.0327592000000001
-0.04260850000000005
0.07949965999999997
-0.010934600000000017
0.010439360000000009
-0.02146623999999997
0.10000419999999988
0.14714461
-0.04173049999999989
0.13622143999999997
0.8812203000000001
0.0018578080000000025
0.049745700000000115
-0.8605158399999999
0.046636599999999806
0.53465186
0.30757421500000004
0.06461573000000001
0.3412782
0.75181765
-0.11213951
0.6215546599999999
0.003096940000000048
-0.09761238000000003
0.09885774999999997
-0.022116919999999998
0.03538509000000001
0.007008130000000001
-0.03969670000000003
0.03378718999999997
0.008558659999999996
0.029649599999999943
-0.016615219999999986
-0.07942559999999999
0.06989610000000002
0.0207991009
-0.08295878999999995
0.19489849999999986
0.058265740000000066
0.028239958
-0.25219060000000004
0.47769007500000005
-0.10971549000000003
-0.24383094000000005
0.12292609999999998
-0.2640994000000001
0.007297219999999993
0.16472684999999998
0.012429780000000001
-0.10686869999999993
-0.3486657
-0.054407239
-0.08611981000000002
0.289076654
0.09582816000000005
-0.66893984
-0.07125348999999999
-0.04772339999999997
0.0024737599999999915
0.06867626999999998
-0.09200000000000008
0.020975599999999872
0.46108866
0.19018939999999995
-0.03270065999999994
0.02563048000000001
-0.19214856999999996
0.1306292
-0.09721454000000002
-0.07466040000000002
0.08614460000000002
0.01602302
0.6307657799999999
0.37064082
0.08232839999999997
-0.05974045
-0.25750163
-0.39321254
-0.058452240000000044
0.004534999999999956
0.09966855999999996
-0.20772328
-0.031331200000000003
0.024260300000000012
0.0746979000000001
0.061742547
0.008284599999999864
-0.08505195600000001
-0.0782371300000001
-0.3400968500000001
0.03152882999999995
0.6407207699999999
-0.0029021000000000186
0.1529761999999999
0.22396440000000006
-0.028774450000000007
0.007593849999999999
0.36996944
0.3393223999999999
-0.0028598999999998043
0.144713894
0.0406687
-0.04462254999999998
-0.009402549999999982
0.05449355
-0.2331952
-0.50211438
0.117300095
0.08368200000000003
0.016359000000000012
0.05223909999999998
0.026182590000000006
0.05109699999999995
0.08943042000000001
-0.13641123
0.0370967647
-0.039351510000000006
0.0582521
-0.13994550000000006
-0.05072869999999996
0.21939659
0.06060162
0.059759215
-0.03126019999999996


# +C-H -C-H
-0.013084580000000012
-0.07542279000000002
-0.4018413999999999
0.051300820000000025
-0.043462239999999985
0.12708232000000003
0.031077809999999997
-0.7182574399999999
-0.09072475800000002
0.04723025000000003
0.06993615000000002
0.480310733
0.029823569999999966
-0.11153780000000002
0.05262610000000001
-0.316531426
0.1695111505
-0.687670086
0.140460305
0.012295160000000083
0.08019174024
0.04158511000000001
-0.02210116000000001
-0.6851267999999999
-0.22794955000000006
0.257511569
-0.08717259999999999
0.055538059999999945
-0.00979930000000001
0.17721221499999998
0.021939200000000048
-0.12990597000000004
-0.06209555999999994
-0.29943863
0.07014883999999999
-0.082779526
0.050196500000000005
0.013217690000000004
0.004960560000000003
-0.08128214
-0.09603135000000002
-0.03395875000000001
0.31812334
-0.20511214
-0.20378590000000002
0.43137807
-0.027421740000000028
-0.07564930000000003
-0.019369059999999994
0.023798549999999974
-0.07226401999999998
-0.8230934999999999
-0.014765449999999958
0.1064295963
-0.2547087000000001
-0.04592206999999998
0.07508026000000001
0.21256629999999999
0.041139130000000024
-0.022528659999999978
-0.10933944000000001
-0.38710779
0.17136898
0.08220135


# +H-H -C-H -C-H
-0.73201837
-1.11027072
0.12923479
0.19008499999999984
-0.8189119
-0.27437029999999996
0.08184639999999999
-0.06815055
-0.17220390000000008
0.34339524
0.06072538999999999
0.06467941999999999
0.006595200000000023
-0.38018320000000005
0.024811859999999963
0.018767300000000153
0.32248280000000007
0.09091484
0.074382584
-0.016664379999999923
-0.5869068999999999
-0.032595800000000175
0.01591841
-0.3029128000000001
-0.5519689999999999
-0.8765392999999999
0.07860920000000005
-0.17873556000000002
0.033817602
-0.25178109999999987
-0.003419599999999967
0.21161509999999994
-0.12093282000000002
0.61163882
0.06511414299999999
0.05177992000000001
-0.9938772
-0.4506901000000001
0.078208
0.1882815
-0.5566008
0.19166590000000006
-0.09239259999999994
-0.24977906000000005
-0.0403752
0.014876870000000042
0.052714399999999995
-0.3172117000000001
0.19284919999999994
-0.067837717
0.05651639
-0.7986730000000002
0.039234220000000014
0.0695695
-0.011339100000000046
-0.09553598399999999
-0.33319500000000013


# +H-N -C-H
-0.18616033000000004
0.08371972999999999
0.040975000000000206
0.10110982699999999
0.0931255
-0.011163449999999964
-0.16812854
-0.40377617860000004
-0.01617980000000019
-0.06688131
0.07203879999999996
-0.008659759999999989
0.005745239999999985
-0.37023413
0.14089937530000002
-0.19583700000000004
0.01113110000000006
-0.106783991
-0.05441510000000005
0.11597415
0.13617184000000004
-0.61457776
0.007167449999999964
0.03427469999999999
0.04198079999999993
0.08887786000000009
0.1627464
0.10365358
-0.15945686
-0.145035984
-0.0735064
-0.07503666999999992
-0.04915400000000003
-0.14373757000000004
-0.06212770000000001
-0.218252094
0.027230970000000077
0.021477350000000006
0.23862963999999998
-0.7950358999999999
0.24268593999999993
-2.3083845
0.030376139999999996
-0.39709280000000025
-0.00612681000000001
-0.023246280000000008
-0.33390917
0.037849734999999995
-0.23306920000000003
-0.0465506
0.07749469999999992
-0.046483476600000004
0.22240833
-0.009440669999999984
0.012606404000000002
0.040718749999999915
-0.036946543
-0.09402891999999996
-0.025048079999999973
0.02159863
0.13997566
-0.045696806
-0.05053419000000001
0.11005168600000001
0.3599567
0.019308239999999977


# +H-O -C-H -C-O
0.03194361999999995
-0.010083056000000003
0.12518968
-0.04887042
0.09190351000000008
0.00529099999999999
0.07525479999999996
-0.12176743000000001
-0.06643723000000001
-0.07166326
0.20757814999999996
-0.031207529999999983
-0.05862316000000001
0.16018683
-0.028755100000000033
-0.016529269999999985
-0.18073787000000002
-0.035203235
-0.10513068000000003
0.03040904
-0.12888330000000003
0.17937690000000006
0.02389920000000001
0.040387258
0.06045742999999998
0.0010321199999999697
0.17760770599999998
0.04868510000000004
-0.035735565999999996
-0.008059099999999986
-0.007037900000000041
-0.4355175
0.04253089999999993
-0.04250286000000003
0.09575744000000003
0.18998691
0.061785168
-0.06017306
-0.06319766999999998
0.09568725999999994
0.277653613
-1.14264278
-0.63730988
-0.06759222999999999
0.40185605
0.31030243999999996
0.0016213139999999987
-0.013875042999999997
0.118513652
0.046830170000000004
0.5255999
-0.23975294000000003
-0.06741470199999999


