# +C-H -C-C -C-H
0.82965263
0.1783861
0.13984776999999993
-0.032047408
-0.51323792
-1.15598433
-0.28134579000000004
0.04542595000000005
0.26943799999999984
-0.07854048699999999
0.09664162400000001
-0.03839764999999995
0.1613779999999999
0.03227653999999999
-0.025329767
0.1622114
-0.010843747899999999
0.21622209999999997
-0.12446900000000005
-0.19540916
-0.03465839999999987
0.03414030000000001
-0.13095017399999997
0.30388387
-0.05190616000000001
0.010225099999999987
0.05249360000000003
-0.043422700000000036
0.41552743
0.024477119999999963
0.01758742999999996
0.025581900000000046
0.043172599999999894
0.06322365000000008
-0.09490149999999997
0.32778883
0.7888825000000002
-0.03948676599999999
0.13670764000000002
-1.0409359599999999
-0.013296200000000091
0.5703184600000001
0.240696325
-0.08811693299999998
0.20440119999999995
0.53330655
0.06579052999999999
0.5021939999999999
-0.03685375999999996
0.02016290999999998
-0.08737660000000003
-0.059241103999999996
0.02990288000000002
-0.03623206999999995
0.029788050000000066
-0.08488899000000005
-0.08149814999999999
-0.0033251000000000808
0.02329502
-0.27908220000000017
0.06796349999999995
0.10147383900000001
-0.09493024
0.2312673999999999
0.35659983
0.077008354
-0.14834100000000006
0.32563456
-0.10663765999999997
-0.3042241400000001
0.13492833999999992
-0.27665169999999994
-0.03554314999999997
0.1145022
0.05601844
-0.62614964
-0.4209917
-0.05416708
-0.30612361000000005
0.236187237
0.23132365
0.38487379
0.030960916999999998
-0.06962760000000001
-0.00997597
0.007443899999999948
-0.10464080000000009
-0.06296910000000011
0.3350438
0.24306739999999993
-0.07085483999999997
0.004203499999999971
-0.13193377000000006
0.04746629999999996
-0.10196087000000004
-0.033571039999999996
-0.037140260000000036
0.02743095000000001
0.76526703
0.428532254
0.005806299999999931
-0.06138712000000002
-0.11481469999999999
-0.17542024
0.12123734999999991
-0.006288400000000083
0.18537211999999997
-0.23699009
0.02613082
0.0058246400000000476
-0.11155473999999999
0.10759456
0.05721709999999991
0.006413219999999997
-0.0677201300000001
-0.5037316000000001
0.06487100999999995
0.103363576
-0.11416224999999999
0.09624829999999984
0.21302470000000007
-0.16548345999999997
-0.063501516
0.39699058
0.22014049999999985
0.13637574000000008
0.136654494
0.02686390000000005
-0.12730777
0.026064540000000025
0.08950310000000006
-0.20192264999999993
-0.38442107299999995
0.065027995
0.14379959999999992
0.029981100000000094
0.10797909999999988
0.010288340000000007
-0.005560600000000027
0.12780475000000002
0.03898427000000004
-0.0032569269999999997
-0.2463815
0.06142681999999999
-0.14297349999999986
-0.05667279999999997
0.5146242400000001
-0.093099374
-0.057074942
-0.06424609999999986


# +C-H -C-H
0.04182347999999997
-0.12406272000000002
-0.5121709999999999
0.08543375000000003
-0.04557236000000009
0.02601544
0.113293186
-0.6475451699999999
-0.10078462800000001
0.11357050000000002
0.043562909999999996
0.27880256000000003
-0.0021786100000000252
-0.11249180000000014
-0.01950289999999999
-0.09548239600000001
0.1564076405
0.0012708599999999848
0.28357022
0.05329001
0.11672130024
0.0168914
-0.002081159999999971
-0.8621551999999999
-0.18350840000000002
-0.273267231
-0.04434055999999997
0.015001159999999958
-0.04591014999999998
0.397555515
-0.13579235999999995
-0.16197166000000002
-0.12875733
-0.438381543
-0.06792438
-0.23811185
0.06075364
0.001960369999999989
-0.06736730000000002
-0.044517730000000005
-0.03811012
-0.09114357000000001
0.45044144999999997
-0.26059107
-0.18758102999999998
0.107577877
-0.013094040000000029
0.0018480000000000718
0.02736658
-0.033239819999999975
-0.054418030000000006
-0.565199
-0.06659448000000001
0.0744517013
-0.22336820000000013
-0.05710413999999997
0.07522119999999999
-0.08400260000000004
-0.052075119999999975
0.022612390000000038
-0.07004469000000002
0.35028557000000005
0.37872624999999993
-0.00201032000000001


# +H-H -C-H -C-H
-0.77207236
-1.16893153
0.14615843
0.20226370000000005
-0.2444925
-0.2907820000000001
0.09293119999999999
-0.09453429
-0.29299110000000006
-0.37625162999999995
-0.06484833999999998
-0.09181529
-0.07038849999999996
-0.2926073
0.024177499999999963
0.003114500000000131
0.018928399999999956
0.006469759999999991
0.11802008
-0.3358463
-1.0866659379999999
-0.04075240000000013
0.023135854999999997
-0.10975290000000015
-0.6558739999999998
-0.6741216999999999
0.12036340000000001
-0.23347073000000002
-0.011728847
-0.32018369999999985
-0.07515120000000008
0.09737229999999997
-0.06596263000000002
0.73731539
0.10939745499999999
0.003154610000000002
-0.8429015
-0.37674620000000014
-0.38067198
0.08835760000000015
-0.6833968000000001
0.2390348
0.08010950000000006
-0.10806840000000001
-0.04781905999999997
-0.21592984699999998
-0.055649244
-0.19902850000000005
0.012140299999999993
0.143114797
-0.0004930300000000054
-0.9868284
0.029701840000000007
-0.027337789999999973
0.10473099999999991
-0.113565739
-0.2648741000000001


# +H-N -C-H
-0.48365407
0.08664920999999998
0.08753440000000023
0.044047856999999996
0.09816844999999999
-0.041001500000000024
-0.09107684000000005
-0.5639144486000001
-0.11246840000000002
-0.073730432
-0.0315067
-0.03371531999999999
-0.08616296000000001
-1.3799435
0.14799577530000002
-0.25245850000000003
-0.011026800000000003
0.049569009000000004
-0.15731605000000004
-0.11826383000000001
0.31446110000000005
-0.9805082599999999
-0.06809427000000004
-0.05044493
-0.039417499999999994
0.1438304600000001
0.052065819999999985
-0.00513340000000001
-0.15574084000000002
-0.167550144
-0.05428530000000001
0.05288306000000004
-0.18990000000000007
-0.35076827000000005
-0.08049600000000012
-0.03278298
-0.005231969999999975
0.028074650000000034
0.12287890000000001
-0.28852679999999986
0.26375531999999996
-2.36234673
-0.039218950000000086
-0.29657160000000005
0.010760629999999993
-0.03122448
-0.33291861
-0.05440764000000001
-0.13700219999999996
-0.05513343000000004
0.10469299999999993
-0.0753286306
0.25830363
-0.06862380000000001
0.06723071
-0.026896400000000042
0.08784240500000001
-0.19347868
-0.02080156999999999
-0.10553556
0.23114679999999999
0.083963293
0.22742742999999999
0.11370816
0.4403152
-0.024404360000000014


# +H-O -C-H -C-O
0.006450469999999986
0.045750645
-0.125534368
-0.09016261
0.06683044000000005
0.020194639999999986
0.15202034999999992
-0.25314283
-0.08121383000000001
-0.09458106
0.15549108
-0.08618617000000006
0.06085512000000004
0.09764605999999998
0.06506439999999997
0.23104310000000003
-0.09669036
0.167498025
-0.07369766
0.06799140000000004
-0.1271078
0.18666686
0.025645199999999924
-0.06556731
-0.008509820000000001
0.00423148000000001
0.06936452999999998
0.17117926
0.035345214
-0.08427039999999997
-0.03992580000000001
-0.3427792
0.03279578999999999
0.015655719999999984
0.012764540000000046
0.2537317
0.08345770999999999
-0.011947829999999993
-0.006375599999999981
-0.06302910000000006
0.08807297299999998
-1.16316978
-0.24091668000000002
-0.050285170000000004
0.37533990000000006
0.40914583000000004
0.011543534999999994
0.049392869500000006
0.048251927
0.09896622999999993
0.34269894
-0.30854343000000006
0.039232541


