# +C-H -C-C -C-H
0.8724794
-0.1533644999999999
0.004214599999999957
-0.063082574
-0.15651337640000001
-1.59228307
-0.40614163999999997
-0.18112928999999997
0.04809909999999995
0.119139373
0.086641071
-0.041644849999999956
0.0549485999999999
-0.041544880000000006
0.350876562
0.03461422999999997
0.036520873999999995
0.07772230000000002
-0.03885190000000005
-0.11606837
-0.09598489999999993
-0.004354999999999887
0.04918277000000004
0.142841958
-0.12257493
-0.06877599999999995
-0.0676251000000001
-0.02773566000000005
0.012091299999999916
-0.006173000000000095
0.050660559999999966
-0.023887680000000022
0.1684021
-0.04876954999999994
-0.06984809999999997
0.06151622999999995
0.6326877
0.031073891000000003
0.019100899999999976
-1.0066047
0.09639439999999988
0.85902446
0.15510632000000002
-0.099346414
0.2419640999999999
0.65927235
0.06281497
0.38593455
0.008475140000000048
0.07557162
0.21378175
-0.048843479999999995
-0.10272050999999999
-0.02246773999999996
-0.058861749999999935
0.07179466000000001
0.13201188999999997
0.20091020000000004
0.361166898
-0.01465559999999999
-0.03267640000000005
0.042808041
-0.06861388999999996
0.04969279999999987
0.27257734
-0.137023556
-0.13852470000000006
0.25571978
-0.03684761999999997
0.02563231999999993
0.30576275999999997
-0.16966569999999992
-0.020423650000000015
0.32113509999999995
-0.07699874000000001
-0.6918922499999999
-0.12512095
-0.005633684999999999
-0.12879015
0.255209012
0.078075
-0.05076
-0.10824139
-0.05220910000000001
0.050721020000000006
0.05572484
0.009632560000000012
-0.13041210000000003
0.17789592999999992
0.059855199999999886
0.003680600000000034
-0.09556794000000002
-0.09427020000000003
0.1018675
-0.10932093999999998
0.02564417999999996
0.13416649999999997
-0.05882077000000002
0.43043876999999997
0.25211817000000003
0.025626600000000055
-0.11834752000000004
0.005820749999999986
-0.24410089999999995
-0.10088340000000007
0.07913689999999995
0.06307235999999994
-0.28389648
-0.040246000000000004
0.07262106000000002
0.2011769
0.12987068
0.10136809999999996
-0.03957872000000001
0.5135640699999999
-0.38838656000000005
0.033694759999999935
0.108026164
-0.253306494
0.16573130000000003
0.04004469999999993
-0.0262688499999999
-0.024214845
0.20750211999999998
0.22499399999999992
0.15654270000000015
0.13053213
0.07929609999999998
-0.09328165
-0.0050799299999999825
0.13929820000000004
0.07472948000000001
-0.14979938999999998
0.024684414999999987
0.24807040000000002
0.09818210000000005
0.042520699999999856
0.046154079999999986
0.012571139999999925
0.23712390000000005
-0.31476913
-0.07814104699999999
-0.84291212
0.03710105999999999
-0.09496749999999987
-0.05752859999999993
-0.03217773
0.018688124
-0.12881257200000001
-0.08729680000000006


# +C-H -C-H
-0.05338767999999999
0.10596037999999999
-0.2563928
0.019181870000000045
0.02926996999999998
0.06544876000000005
0.05546832
-0.98073304
-0.077066038
0.1569773
0.25823968
0.041386370000000006
-0.027078150000000023
0.09572739999999991
-0.0072073400000000065
-0.251172876
0.17461693050000002
0.22829995000000003
0.2009533
0.02201116000000003
0.12452337024
0.06854461
0.031642400000000015
-0.13072859999999986
-0.5618438000000001
-0.081171805
0.022599099999999983
0.028529559999999954
-0.07704444999999999
0.014064996000000001
0.3907290000000001
-0.08218357
-0.06935177000000003
0.07054639000000001
-0.02130046000000002
-0.21608460000000002
-0.01036493999999999
0.19012028
-0.0075712
0.03876764999999999
-0.03163336
-0.120854218
0.19063842499999997
-0.467138885
-0.13118949000000002
-0.03091323
0.04196882999999996
-0.05848619999999993
0.02451839
0.035944960000000026
-0.22012431
-0.5766019999999998
0.04956545000000001
0.0784661963
-0.2294832000000001
-0.015138089999999993
0.06821080000000002
0.20790819999999988
0.45895949
0.09325404000000004
0.038089489999999976
-0.33139353
0.11889937
0.01726614


# +H-H -C-H -C-H
-0.52805243
-0.2577225999999999
-0.1506889
0.1721124999999999
-1.24470026
-0.2569758
0.10248979999999996
-0.11083379
-0.14915065000000005
0.49290449000000003
-0.06058607999999999
-0.0928252
0.1256737000000001
-0.28378060000000005
-0.031384880000000004
0.14163930000000002
0.3216757
0.04936693
-0.05441161
-0.5393046699999999
-0.8048582299999999
0.03285429999999989
0.024573052999999997
-0.12381500000000001
-0.19913859999999994
-0.5897811
0.13794079999999997
-0.08030289000000002
-0.11131846699999999
-0.2634181
0.14529729999999996
0.10401709999999986
-0.012342370000000047
0.80491079
0.026878379999999993
-0.0028557999999999917
-0.26439250000000003
-0.3628148000000002
0.010993389999999992
0.2681990000000001
-0.7728335
0.11687880000000006
0.14260849999999992
-0.22328353
-0.055958779999999986
-0.15215457999999998
0.004861749999999998
0.029326399999999975
0.009548099999999948
-0.021258661999999998
0.11298126
-0.5175301000000001
0.08736749000000002
0.05399969000000002
-0.02959069999999997
-0.127255989
-0.031160500000000146


# +H-N -C-H
-0.30973953000000004
-0.02644793000000001
-0.0555566999999999
-0.132443743
0.23139615000000002
0.06588395000000002
-0.29346866000000005
-0.31024480860000003
-0.016946499999999975
-0.0020380499999999996
-0.04228989999999999
-0.018683879999999986
-0.01830042000000001
0.03476020000000002
0.1097216653
-0.22408550000000005
-0.04174549999999999
-0.163602397
-0.07328270999999997
-0.09666299
0.13076310000000013
-0.25713065999999996
-0.015489430000000026
-0.06525707000000003
-0.16463070000000002
0.09033636000000012
0.18094246999999997
0.05487966999999999
-0.06959600000000002
0.076143712
-0.060159230000000036
0.06830936000000004
-0.06575430000000004
-0.01640600000000003
0.06698093999999988
-0.045362946
0.0714861200000001
0.07707048000000005
0.12084114000000001
-0.8648098999999999
0.19616369999999994
-2.3954065
-0.0627434
-0.36158920000000006
0.23395307
0.03147486999999999
0.008758879999999969
-0.04816787
-0.28355459999999993
0.06485580000000002
0.04369073000000001
-0.0729592966
0.03891792999999999
0.031074519999999994
0.028283009999999997
-0.08775793000000004
-0.00015719200000000044
-0.18400077999999997
-0.021334560000000002
-0.0015426950000000036
0.38530849
0.079353233
0.12403117999999996
0.20626460200000002
0.05585270000000009
0.17155324000000005


# +H-O -C-H -C-O
-0.04854135999999998
0.044380294
0.18466375999999998
-0.054891419999999996
-0.007798789999999944
0.07016836999999998
0.06047484999999997
-0.18883515
-0.11067795999999999
-0.08135670000000006
-0.03142104000000001
-0.06177792999999998
-0.16480917999999997
0.09276209999999996
0.019948439999999956
-0.21738106999999995
-0.04535119000000001
0.100879331
-0.03710118000000001
0.058754859999999964
-0.096939
0.062370140000000074
-0.028070560000000078
-0.09243749999999999
0.000956469999999987
0.016240449999999962
0.275313153
-0.012322370000000027
0.038684154
-0.10146277000000004
0.040741999999999945
-0.39773546
0.031912239999999925
0.03244465000000002
-0.045154119999999964
0.26430586
-0.08275669
-0.05102799999999996
0.034093680000000015
0.07139909999999994
0.009175782999999993
-1.46245365
-0.19053796
-0.003466220000000006
0.11562850000000002
0.13086719999999996
0.00044148999999998884
-0.09695737
0.014301882000000002
0.0363677
0.54291728
-0.28513883000000007
-0.0073076111


