# +C-H -C-C -C-H
0.696678345
0.04952230000000002
-0.0030061000000000115
-0.074078652
-0.26789050999999997
-1.2088543
-0.5607381899999999
-0.13319643999999997
0.040161699999999856
-0.266914557
0.038794787000000004
-0.031232700000000002
0.13234513999999986
0.010889559999999993
0.000595459999999999
-0.008695370000000036
-0.0063474976
-0.10075220000000007
0.039060849999999925
-0.10133097999999999
0.034145300000000045
0.01060759999999994
-0.11637593999999998
-0.11202867
-0.10786017
-0.12691889999999995
0.010747199999999957
-0.04988285999999997
0.2378169
-0.17288550000000003
0.03056139000000002
0.04336675000000001
0.11785739999999989
-0.03652604999999998
-0.05354269999999994
0.06075608999999993
0.7041086000000001
-0.008914532000000003
-0.016542000000000057
-0.9376050199999999
-0.14782770000000012
0.8888885599999999
0.184156665
-0.11479699599999998
0.21157019999999993
0.61403195
-0.13403847000000002
0.44092805999999996
-0.0004175299999999993
0.13965713999999996
0.04706785000000002
-0.048181905
0.09408556000000001
0.010117230000000088
-0.06696080999999998
0.05502375999999998
-0.015539440000000015
0.09198909999999993
-0.04376858
-0.04169370000000017
0.04635719999999999
-0.124443321
-0.0674322
0.04810729999999985
0.26519968000000005
0.032882316
-0.09156070000000005
0.07818765999999999
-0.17388102000000005
-0.029234890000000013
0.23533449999999995
0.01663559999999986
0.09102648000000002
0.08336840000000001
0.012417620000000018
-0.5301836999999999
-0.2145883
-0.07103509499999999
-0.12635461000000003
0.34197884
0.1347235
0.17635827
-0.12090666000000001
-0.04266643999999997
-0.07656779999999996
-0.11244216000000007
0.06005295999999993
0.020344999999999835
0.23911099999999996
-0.06138550000000009
-0.06814089999999995
-0.08008096000000003
-0.18108557000000003
0.10087789999999996
-0.23785653999999995
-0.062146250000000014
0.09468779999999999
-0.008285839999999989
0.27137172
0.29821516
0.11938879999999985
-0.14674395000000007
0.07666400000000001
-0.17858644
0.16734386999999995
-0.037562100000000154
-0.06619933
-0.0828142127
0.0018498100000000073
0.04816945000000006
-0.022909039999999936
-0.0030305919999999995
0.17712779999999995
0.017192230000000003
0.3442621699999999
-0.5007157000000001
0.06822936000000002
0.191265463
-0.06204539999999997
0.1637575
0.28212290000000007
-0.10954049999999993
0.04440365400000001
0.5034542200000001
0.29444040000000005
0.11068250000000013
0.18687588
0.15727095999999996
-0.13562532
0.0018189500000000136
0.1640168500000001
-0.029901999999999984
-0.22847855999999997
0.03546734500000001
0.13039739999999989
0.19610689999999997
0.03582949999999996
0.03365654000000007
-0.07558320000000007
-0.038382
-0.617384985
-0.062351976999999996
-0.73002602
-0.026558369999999998
-0.09773980000000004
-0.03959170000000001
0.03092995000000001
-0.009368749999999999
-0.079887712
-0.07366919999999988


# +C-H -C-H
-0.041450319999999985
-0.11850502000000002
-0.06790499999999988
0.02920097000000005
-0.016204600000000013
0.07376544000000007
0.03380084
-0.7012154799999999
-0.088311908
-0.06898470000000001
0.27780103
0.52138962
-0.057509030000000017
-0.22414350000000005
-0.21388165000000003
-0.151254116
0.2670943105
-0.48616026
0.21545304
0.05590051000000007
-0.01076210376
0.08425271
-0.0038916499999999687
-0.2676044999999998
-0.25687806
-0.145100341
-0.043754619999999966
0.025791659999999994
-0.10380818000000003
0.21141501499999998
0.06216520000000003
-0.13530139000000002
-0.14560399999999996
0.32449949000000006
0.012482599999999983
-0.132387787
-0.01559916
0.14318696000000003
-0.028435030000000028
-0.00706968999999999
-0.008613330000000002
-0.1402405985
0.010915859999999972
-0.14882779999999995
-0.1607675
0.19974051
-0.055030369999999995
-0.009941199999999872
-0.011113949999999984
-0.02474886999999998
-0.15853414
-0.4649041999999999
-0.10350844999999997
0.0007296656000000002
-0.11323240000000001
0.08224973000000002
0.06378371999999999
0.006096199999999996
0.42323078999999997
0.07977634
-0.06738257000000003
-0.62591847
0.34367528
-0.023173059999999995


# +H-H -C-H -C-H
-1.0302494
-1.3069964
-0.05573243
0.0485199999999999
-0.7175448
-0.5536863000000001
0.10567870000000001
-0.047103300000000015
-0.13136520000000007
0.1201911
0.01750871000000004
-0.08958831
0.03433700000000006
-0.2879153000000001
-0.033578600000000014
-0.017837799999999904
-0.11043840000000005
0.03783211
0.026071289999999997
-0.73964304
-0.9847789199999999
-0.006333700000000109
-0.0493846695
-0.16797550000000006
-0.26529230000000004
-0.7733173
-0.0397672
-0.19721476
-0.002019903
-0.2807396
0.02258429999999989
-0.06434080000000009
-0.16050029000000002
0.60361019
0.01382833
-0.028597019999999987
-0.46315740000000005
-0.5933233000000002
0.3286064
0.032078700000000016
-0.7235403000000002
-0.0383057
-0.009941600000000106
-0.11244514000000005
-0.13253327999999998
-0.025462389999999974
0.012478669999999997
-0.20210360000000005
0.1371563
-0.080470039
0.086595224
-0.7821548
0.07848912000000002
-0.05637017
0.1591437
-0.061343159
-0.2987634000000001


# +H-N -C-H
-0.04409954000000005
-0.08925188
-0.07247190000000003
0.087005731
0.17325892
0.04246430999999995
-0.28392574000000004
-0.3351396186
-0.06187670000000001
-0.031161440000000006
0.10504789999999997
0.013421669999999997
0.06837101999999998
0.26318240000000004
0.0961887453
-0.15501730000000002
0.04743936000000004
-0.177998437
-0.07543595000000003
-0.06108635000000001
-0.0018585999999998215
-0.2452881
-0.013817370000000051
0.14607905
-0.06648445000000003
-0.08866914000000004
0.37349445000000003
0.07782105
-0.08845466000000002
-0.283959064
0.012362049999999986
-0.04215606999999999
-0.06918785000000005
0.09918095999999998
-0.06643200000000005
-0.17941722400000001
-0.07697922999999995
0.03110850000000004
0.09629816000000002
-1.0142110999999998
0.13779344999999993
-2.550755068
-0.10495330000000003
-0.37002900000000016
0.019139059999999986
0.03182109999999999
-0.2594929
-0.016369670000000003
-0.09699832999999997
0.13636735
-0.005775340000000018
-0.005753935600000001
0.17937851
-0.07002320000000001
0.058493039999999996
-0.06580580000000003
-0.1623906
-0.2311531
0.01074170000000002
0.12641725999999998
0.35517948
-0.07899862699999999
0.04283662999999999
0.14764916720000001
0.24676255000000002
-0.05847039999999998


# +H-O -C-H -C-O
0.02214406999999996
-0.08304368
-0.047455620000000004
-0.15725371999999999
0.06726289000000008
0.08138083999999995
0.045879299999999956
-0.19313135999999997
-0.045790199999999996
-0.09778362000000007
0.007761949999999962
-0.056213130000000056
-0.14026883
0.11685734999999997
0.1339494
-0.04847889999999999
-0.018644300000000003
0.202934495
-0.018721939999999992
0.0795865
-0.08288085
0.06279120000000005
0.06058229999999998
-0.01411287
0.025607849999999988
0.014651119999999962
0.285431045
0.040159940000000005
-0.12423710599999999
-0.09453270000000003
0.016761449999999956
-0.28265861
0.015417739999999958
-0.0027429500000000218
-0.07541643999999997
0.05635165000000003
-0.03586178
-0.05060509999999996
-0.037232849999999984
0.03021509999999994
0.052822887
-1.20507933
-0.03448600000000002
0.03842257
0.14626746000000013
0.32403210000000005
-0.023948250000000004
-0.04772857
0.0032127480000000014
0.05167144000000001
0.18265070000000005
-0.26756214
0.011702839999999999


