7
19
35
51
54
65
67
91
92
117
131
134
141
151
159
179
191
199
206
211
233
236
241
245
248
254
258
300
303
316
318
319
325
335
340
343
352
354
357
364
369
376
384
400
411
452
487
501
507
510
523
529
530
536
549
551
570
580
584
609
632
668
679
743
761
787
795
807
808
827
856
857
858
878
883
886
888
893
908
918
921
929
975
990
991
1017
1020
1028
1034
1037
1038
1040
1046
1098
1114
1138
1139
1189
1200
1207
1209
1210
1211
1229
1253
1254
1255
1256
1270
1273
1318
1319
1322
1382
1434
1452
1455
1459
1467
1475
1497
1546
1553
1580
1584
1587
1588
1592
1593
1596
1598
1600
1608
1646
1650
1654
1683
1731
1734
1751
1759
1771
1787
1790
1793
1831
1872
1896
1950
1952
1984
1986
1999
2066
2099
2103
2142
2200
2218
2267
2271
2274
2297
2304
2314
2338
2355
2361
2379
2383
2394
2408
2427
2440
2444
2447
2450
2455
2458
2463
2474
2479
2515
2521
2528
2549
2563
2596
2601
2621
2622
2628
2635
2638
2639
2656
2666
2685
2706
2708
2709
2728
2729
2730
2731
2732
2733
2734
2735
2742
2775
2776
2782
2783
2785
2798
2826
2831
2847
2851
2856
2858
2861
2906
2912
2913
2920
2931
2947
2948
2950
2951
2966
2967
2990
3009
3073
3078
3117
3126
3130
3132
3133
3136
3145
3149
3154
3156
3163
3171
3174
3178
3215
3293
3304
3314
3320
3326
3328
3332
3341
3372
3374
3383
3388
3394
3397
3425
3435
3443
3445
3453
3476
3497
3509
3513
3523
3529
3550
3586
3607
3619
3623
3629
3630
3642
3644
3654
3656
3664
3676
3686
3687
3689
3712
3762
3765
3777
3788
3789
3818
3827
3836
3845
3851
3852
3856
3857
3873
3880
3906
3907
3931
3933
3943
3944
3963
3964
4000
4025
4042
4053
4066
4113
4144
4149
4150
4217
4228
4237
4247
4274
4292
4301
4307
4343
4383
4385
4415
4434
4435
4439
4441
4443
4444
4455
4459
4466
4470
4488
4500
4527
4536
4571
4602
4608
4613
4647
4652
4654
4661
4664
4669
4673
4689
4701
4713
4715
4756
4757
4765
4772
4775
4776
4801
4805
4814
4857
4881
4883
4888
4919
4935
4952
5010
5011
5074
5082
5084
5089
5094
5100
5109
5123
5126
5128
5132
5142
5144
5181
5198
5201
5204
5205
5218
5233
5240
5252
5257
5268
5275
5280
5285
5310
5315
5319
5322
5338
5342
5350
5351
5377
5388
5404
5479
5490
5494
5499
5505
5513
5519
5521
5545
5549
5550
5581
5590
5601
5604
5623
5639
5643
5675
5687
5692
5697
5707
5710
5725
5734
5748
5753
5759
5767
5785
5816
5824
5829
5836
5845
5868
5880
5881
5882
5884
5887
5889
5932
5946
5951
5963
5988
5997
6018
6030
6039
6046
6053
6054
6105
6112
6118
6130
6131
6147
6166
6167
6169
6176
6179
6222
6231
6245
6258
6300
6301
6308
6311
6319
6328
6332
6334
6337
6341
6374
6375
6382
6406
6412
6433
6439
6465
6490
6495
6507
6511
6526
6547
6553
6567
6579
6625
6631
6636
6641
6662
6674
6679
6705
6712
6747
6750
6758
6779
6817
6822
6834
6875
6879
6904
6957
6968
6971
6981
6982
6985
6997
6998
6999
7000
7069
7070
7071
7073
7079
7081
7085
7126
7130
7138
7140
7160
7161
7163
7165
7176
7182
7222
7229
7244
7245
7246
7253
7260
7262
7267
7298
7305
7314
7329
7344
7348
7350
7352
7355
7365
7392
7393
7400
7416
7475
7481
7488
7490
7491
7492
7496
7498
7506
7520
7521
7524
7526
7528
7534
7537
7554
7563
7629
7651
7653
7704
7712
7713
7719
7730
7752
7764
7767
7769
7805
7809
7849
7853
7854
7881
7886
7897
7900
7908
7913
7916
7917
7919
7921
7926
7934
7943
7948
7949
7953
7957
7958
7977
7978
7988
7998
8001
8003
8043
8048
8049
8054
8065
8066
8101
8105
8113
8123
8159
8163
8177
8182
8187
8190
8194
8195
8216
8217
8227
8228
8239
8247
8248
8255
8260
8270
8304
8308
8329
8336
8347
8379
8429
8465
8527
8528
8532
8554
8563
8566
8588
8634
8640
8656
8657
8681
8687
8703
8717
8718
8757
8764
8774
8777
8791
8799
8825
8829
8830
8832
8834
8835
8844
8848
8862
8882
8890
8891
8893
8898
8903
8931
8936
8948
8951
8967
8968
8971
8973
8978
8980
8985
9004
9007
9019
9046
9050
9055
9060
9074
9077
9087
9095
9101
9146
9162
9178
9186
9189
9193
9194
9197
9204
9205
9208
9216
9220
9223
9227
9267
9268
9283
9285
9307
9317
9339
9343
9346
9348
9361
9364
9367
9377
9400
9445
9446
9448
9458
9502
9510
9514
9522
9528
9529
9532
9549
9561
9594
9597
9613
9615
9634
9638
9640
9650
9657
9666
9680
9681
9694
9731
9733
9739
9740
9743
9744
9745
9763
9764
9774
9825
9832
9852
9865
9868
9881
9887
9897
9898
9910
9920
9937
9939
9948
9962
10001
10016
10017
10049
10118
10119
10121
10126
10127
10142
10149
10154
10168
10190
10199
10218
10220
10228
10237
10253
10256
10266
10272
10273
10275
10352
10375
10381
10385
10409
10412
10416
10424
10459
10507
10529
10531
10535
10536
10549
10581
10589
10594
10595
10612
10613
10632
10648
10656
10669
10676
10685
10695
10718
10724
10746
10784
10786
10787
10806
10819
10826
10840
10847
10850
10868
10894
10969
10970
10975
10990
11027
11058
11104
11117
11162
11167
11171
11172
11212
11220
11225
11255
11257
11259
11268
11272
11276
11277
11283
11290
11303
11306
11322
11324
11325
11327
11330
11333
11367
11375
11378
11413
11436
11445
11452
11473
11558
11559
11561
11592
11618
11621
11631
11657
11702
11705
11728
11730
11734
11748
11749
11756
11762
11789
11790
11793
11795
11812
11814
11819
11821
11842
11843
11848
11852
11855
11865
11873
11874
11879
11871
10916
